55219.3191152063    0.30373772858884507    0.1541842264363865      25    
55219.8191152063    0.3650965355064878     0.1420826285990055      25    
55220.3191152063    0.4335490248674499     0.12975901839328405     25    
55220.8191152063    0.5103436411594303     0.16390440959041433     25    
55221.3191152063    0.5953900172761165     0.2508912058482591      25    
55221.8191152063    0.6888202535081221     0.33217774185013166     25    
55222.3191152063    0.7918747016852222     0.3778265358967691      25    
55222.8191152063    0.9043638999895393     0.3873518451093243      25    
55223.3191152063    1.0265271360811759     0.38179190850454575     25    
55223.8191152063    1.159591274026696      0.37799129713440793     25    
55224.3191152063    1.3032785475072304     0.3785157063026326      25    
55224.8191152063    1.4579300364470822     0.37888257361869004     25    
55225.3191152063    1.6247537220443296     0.3790203213617283      25    
55225.8191152063    1.8033943236896655     0.3789251970711307      25    
55226.3191152063    1.9942893184663175     0.3786152067047326      25    
55226.8191152063    2.1986224095985953     0.37808629465911364     25    
55227.3191152063    2.4159715923973173     0.3772861074149074      25    
55227.8191152063    2.6468653459993594     0.37630971114514244     25    
55228.3191152063    2.8925143656328394     0.3752250742849342      25    
55228.8191152063    3.1530084903165094     0.37327052978347297     25    
55229.3191152063    3.427859119720154      0.37189025262085174     25    
55229.8191152063    3.7172575724973607     0.3732896772972181      25    
55230.3191152063    4.025049701103919      0.3783803504255241      25    
55230.8191152063    4.3430582504733595     0.38430680792048433     25    
55231.3191152063    4.661786134448887      0.38800838818189326     25    
55231.8191152063    4.987729887434345      0.38962005856643833     25    
55232.3191152063    5.310417294357457      0.3904872284035343      25    
55232.8191152063    5.616566495976779      0.3916152703377063      25    
55233.3191152063    5.912968905640399      0.39292875094692004     25    
55233.8191152063    6.190605079819955      0.3939616537384913      25    
55234.3191152063    6.437140901107096      0.39426445309857433     25    
55234.8191152063    6.6549475691096935     0.3936355868075305      25    
55235.3191152063    6.84748105895913       0.39302072141814537     25    
55235.8191152063    7.015581880434885      0.39336053047763203     25    
55236.3191152063    7.156463000309594      0.3944302096015285      25    
55236.8191152063    7.278400844456191      0.3959259603350743      25    
55237.3191152063    7.388284412225552      0.39785982714487        25    
55237.8191152063    7.481686497357096      0.4005792948948947      25    
55238.3191152063    7.565722247846168      0.4027058870473166      25    
55238.8191152063    7.6473254039794485     0.4053242658301572      25    
55239.3191152063    7.723780639764524      0.41116263850602236     25    
55239.8191152063    7.794425430318106      0.4060690008194687      25    
55240.3191152063    7.859989502214968      0.3710985235370771      25    
55240.8191152063    7.920983818415097      0.29820893003995685     25    
55241.3191152063    7.972887454752558      0.21327621223481247     25    
55241.8191152063    8.01311116858128       0.1726344656822519      25    
55242.3191152063    8.043547970342532      0.18123661142049163     25    
55242.8191152063    8.060274395006392      0.19865869221886265     25    
55243.3191152063    8.060136486682556      0.19988622133089134     25    
55243.8191152063    8.04469152481474       0.19902527813421986     25    
55244.3191152063    8.015597852173176      0.19772398050493534     25    
55244.8191152063    7.9726513086493        0.1960056065324883      25    
55245.3191152063    7.915582445335831      0.19372065819017        25    
55245.8191152063    7.849365587034673      0.19238438897374624     25    
55246.3191152063    7.775595339833771      0.1934617980467         25    
55246.8191152063    7.692988820542264      0.1960754822793289      25    
55247.3191152063    7.606332165183968      0.19793561746465        25    
55247.8191152063    7.517566640327252      0.19685677804976756     25    
55248.3191152063    7.425242423864133      0.19437641900786973     25    
55248.8191152063    7.331091419580665      0.19456448826339243     25    
55249.3191152063    7.2359769436280255     0.20051850878669888     25    
55249.8191152063    7.139195576823119      0.20933115689000595     25    
55250.3191152063    7.040412468759853      0.21640945819290566     25    
55250.8191152063    6.939609106504839      0.22026257823221182     25    
55251.3191152063    6.836793536623448      0.22257290420449669     25    
55251.8191152063    6.731640703823586      0.22375468514942337     25    
55252.3191152063    6.623940125598876      0.22374209564878297     25    
55252.8191152063    6.513922018314006      0.22264107821208493     25    
55253.3191152063    6.401918901513528      0.2210063662181365      25    
55253.8191152063    6.287713296207166      0.2182915792899486      25    
55254.3191152063    6.171582233911308      0.21514821069879767     25    
55254.8191152063    6.054346467445046      0.21350146666065123     25    
55255.3191152063    5.935844213036181      0.21446769853554185     25    
55255.8191152063    5.816274729741399      0.2164563046589913      25    
55256.3191152063    5.696445365977712      0.21739984520255537     25    
55256.8191152063    5.5762580460522475     0.2165428481489498      25    
55257.3191152063    5.455795749487622      0.21523625933608728     25    
55257.8191152063    5.3355439839140635     0.21497818855046974     25    
55258.3191152063    5.2154418567800045     0.21609953392598644     25    
55258.8191152063    5.095519946424876      0.2178122045239121      25    
55259.3191152063    4.9759925702160634     0.21945284206643018     25    
55259.8191152063    4.856775838569271      0.22127268530310906     25    
55260.3191152063    4.737976178397032      0.22295499332932928     25    
55260.8191152063    4.619794213446774      0.22386829894698668     25    
55261.3191152063    4.502084669852946      0.2240796649430143      25    
55261.8191152063    4.385077991271761      0.22367989956799386     25    
55262.3191152063    4.269099960584095      0.22252126121095392     25    
55262.8191152063    4.153937129088161      0.21998873418139556     25    
55263.3191152063    4.039924624178674      0.2174748220133684      25    
55263.8191152063    3.927503573429785      0.21683378652632798     25    
55264.3191152063    3.8164306305440743     0.21828092572149269     25    
55264.8191152063    3.707053551926814      0.22022565534857047     25    
55265.3191152063    3.599795836274362      0.22124473790263594     25    
55265.8191152063    3.4943960593650907     0.22176235412412565     25    
55266.3191152063    3.391258816570261      0.2217137036490095      25    
55266.8191152063    3.2908107519712377     0.22113269611229805     25    
55267.3191152063    3.1927714037071984     0.22082978567178996     25    
55267.8191152063    3.097601187810678      0.21819933062490238     25    
55268.3191152063    3.0057339400897964     0.20945899158640724     25    
55268.8191152063    2.9168887427795824     0.19278597596718608     25    
55269.3191152063    2.8315218994744615     0.17570170823732195     25    
55269.8191152063    2.7501542609749885     0.16804599871415066     25    
55270.3191152063    2.6726881091033046     0.16894180055095476     25    
55270.8191152063    2.5986666685562176     0.1715366653633674      25    
55271.3191152063    2.5280078149068235     0.17038180799357208     25    
55271.8191152063    2.4610566292771647     0.16737048945560395     25    
55272.3191152063    2.396274345011432      0.16489353292683492     25    
55272.8191152063    2.3327590634642803     0.16487446971186157     25    
55273.3191152063    2.2712037356904737     0.16666612476800877     25    
55273.8191152063    2.2100530905934406     0.16864381013329457     25    
55274.3191152063    2.1482005064977017     0.16998005811986966     25    
55274.8191152063    2.0862614256763967     0.17125496376729443     25    
55275.3191152063    2.024051492804767      0.17147308085983262     25    
55275.8191152063    1.9610401468460013     0.17067285080545172     25    
55276.3191152063    1.8973857529672167     0.1691119206032964      25    
55276.8191152063    1.8347573130153043     0.16350457803722054     25    
55277.3191152063    1.7736905417317284     0.14850196559463252     25    
55277.8191152063    1.7137381854919673     0.12372671232678152     25    
55278.3191152063    1.6566678782252109     0.0997718034646773      25    
55278.8191152063    1.6032570998947047     0.091325848748846       25    
55279.3191152063    1.552940546452507      0.09413849445780921     25    
55279.8191152063    1.50630814706211       0.09709939392972254     25    
55280.3191152063    1.4639800454960314     0.09476153732141326     25    
55280.8191152063    1.4254715665760438     0.09134125243158342     25    
55281.3191152063    1.389586923105273      0.08896192121329193     25    
55281.8191152063    1.3562703299236738     0.08889910373720088     25    
55282.3191152063    1.325541317241277      0.09012460653645545     25    
55282.8191152063    1.296065621599812      0.09157180703023964     25    
55283.3191152063    1.2676225176014966     0.09339165847502016     25    
55283.8191152063    1.2404105163339143     0.09536169392180485     25    
55284.3191152063    1.2137944667647382     0.09606548269724552     25    
55284.8191152063    1.187424446479162      0.09532164690269831     25    
55285.3191152063    1.161718132617328      0.09333609764689413     25    
55285.8191152063    1.1372072500262091     0.08953232846788936     25    
55286.3191152063    1.1137610534403493     0.08183099844156162     25    
55286.8191152063    1.0915466645028762     0.07185920142112248     25    
55287.3191152063    1.071200314384355      0.06489424138419633     25    
55287.8191152063    1.0527503659744866     0.06453216818699725     25    
55288.3191152063    1.0361138888686718     0.06699285773127762     25    
55288.8191152063    1.0214485428731868     0.0676577996953945      25    
55289.3191152063    1.009054979134926      0.06568183138948266     25    
55289.8191152063    0.9984230069602895     0.06297816349053724     25    
55290.3191152063    0.9888076074752035     0.061159005710530755    25    
55290.8191152063    0.9805239514442797     0.06035766128568857     25    
55291.3191152063    0.9731549063992269     0.06018257368210658     25    
55291.8191152063    0.9658657936252536     0.060599829922424193    25    
55292.3191152063    0.9588903629425719     0.06209915730012155     25    
55292.8191152063    0.9520089018817723     0.06366538498969462     25    
55293.3191152063    0.9446909478768384     0.063967907438942       25    
55293.8191152063    0.9369342662574363     0.06284671510265934     25    
55294.3191152063    0.9289537535694822     0.06118111022135848     25    
55294.8191152063    0.920884628367108      0.0598125847058078      25    
55295.3191152063    0.91262360737228       0.05850811259369913     25    
55295.8191152063    0.9043465031789134     0.057407409524870376    25    
55296.3191152063    0.8962705163489691     0.056882767782912264    25    
55296.8191152063    0.8883010104504014     0.056979478060293846    25    
55297.3191152063    0.8805400651832992     0.0573706351355148      25    
55297.8191152063    0.8731370419124728     0.05781166567846232     25    
55298.3191152063    0.8660682926428784     0.05852234883125905     25    
55298.8191152063    0.8592706471654469     0.05904893250118192     25    
55299.3191152063    0.8527090211272844     0.058882826998943136    25    
55299.8191152063    0.8464157464226341     0.058099280597268065    25    
55300.3191152063    0.8403210992798026     0.05700951492580419     25    
55300.8191152063    0.8343672624430375     0.05581736444512482     25    
55301.3191152063    0.8285940965155465     0.05435750471356823     25    
55301.8191152063    0.8229313172941806     0.05290094183858337     25    
55302.3191152063    0.8173258177246053     0.051719813175545463    25    
55302.8191152063    0.8118159225090613     0.05070899522544133     25    
55303.3191152063    0.8063281731439502     0.0499120951914679      25    
55303.8191152063    0.8008145417710382     0.049676657476857594    25    
55304.3191152063    0.7953110792022309     0.05013722190867844     25    
55304.8191152063    0.7897415216281628     0.049687747656095994    25    
55305.3191152063    0.7840632893813917     0.046438140238106405    25    
55305.8191152063    0.7783094213941077     0.040313842606993826    25    
55306.3191152063    0.7724012175458715     0.034350019830312564    25    
55306.8191152063    0.7663019153547157     0.03206402598929596     25    
55307.3191152063    0.7600408038837441     0.03250026744679976     25    
55307.8191152063    0.7535371156961275     0.03498856655142144     25    
55308.3191152063    0.7467602744900629     0.037790411457984376    25    