#Date  :
#Flux  :
#Fluxerr  :
#ZP  :
#end  :
@INSTRUMENT  SDSS
@BAND  SDSS_z
@MAGSYS  AB
53977.380342  5.393  3.539  23.909419999999997
53989.335843  -4.844  3.518  23.909419999999997
53997.431501  0.2947  3.699  23.909419999999997
54000.311458  -0.1854  4.972  23.909419999999997
54006.258113  -5.157  5.115  23.909419999999997
54007.361407  -1.451  3.97  23.909419999999997
54009.285423  -2.74  3.854  23.909419999999997
54011.349954  0.7166  3.766  23.909419999999997
54021.35359  -4.0  4.062  23.909419999999997
54025.348699  -2.841  4.269  23.909419999999997
54029.278624  8.321  6.989  23.909419999999997
54031.265613  2.982  3.811  23.909419999999997
54036.270177  1.179  4.811  23.909419999999997
54039.267936  1.005  3.85  23.909419999999997
54041.238551  -6.266  4.61  23.909419999999997
54048.262398  4.167  3.45  23.909419999999997
54052.265973  11.58  7.44  23.909419999999997
54054.284524  2.103  7.314  23.909419999999997
54055.262179  8.588  3.842  23.909419999999997
54058.260303  11.46  5.139  23.909419999999997
54060.281813  8.302  4.497  23.909419999999997
54063.250162  6.258  4.276  23.909419999999997
