53605.596639975774    0.22755180545561215    0.07709440450010757     25    
53606.096639975774    0.25952904477581784    0.07237534259084291     25    
53606.596639975774    0.2939420860745954     0.06495124387071508     25    
53607.096639975774    0.3310212687491199     0.07139487786781783     25    
53607.596639975774    0.37091518747909824    0.10145574154259547     25    
53608.096639975774    0.41345919572239836    0.1425794969537247      25    
53608.596639975774    0.4588315042770554     0.17635552018874398     25    
53609.096639975774    0.5072591355349917     0.19538106332973637     25    
53609.596639975774    0.5586554010392705     0.2003996615433846      25    
53610.096639975774    0.6130421257905175     0.19876349195354678     25    
53610.596639975774    0.6706496491859075     0.19601546489765306     25    
53611.096639975774    0.7315903157763116     0.19606180288940203     25    
53611.596639975774    0.795712747040606      0.1963761136925785      25    
53612.096639975774    0.8632181358846551     0.1966129721682982      25    
53612.596639975774    0.9343235536846202     0.19674829878814534     25    
53613.096639975774    1.0089029817784196     0.1967854656306122      25    
53613.596639975774    1.0870275263875844     0.19673108686092278     25    
53614.096639975774    1.1689275269092883     0.19658417637397976     25    
53614.596639975774    1.2546724437550594     0.19633291685131787     25    
53615.096639975774    1.3441374344457975     0.19597544700861522     25    
53615.596639975774    1.4375400399846838     0.19555320060235873     25    
53616.096639975774    1.5351049631698368     0.1951801336628777      25    
53616.596639975774    1.6368671513598902     0.1954199552309603      25    
53617.096639975774    1.7426512630891793     0.19538258020454458     25    
53617.596639975774    1.8522735407095194     0.19379899463044611     25    
53618.096639975774    1.9666712456898734     0.1890952800267634      25    
53618.596639975774    2.0856606270527744     0.18192494802469877     25    
53619.096639975774    2.206263324043006      0.17514721241591208     25    
53619.596639975774    2.3262878959246684     0.17180244904651948     25    
53620.096639975774    2.4483473597152723     0.17175317239639168     25    
53620.596639975774    2.569556090622547      0.17317736013244203     25    
53621.096639975774    2.6857410286252734     0.1743428475253115      25    
53621.596639975774    2.7973490255064535     0.17488770626440955     25    
53622.096639975774    2.9050950011107646     0.17546226438624574     25    
53622.596639975774    3.005315569742927      0.1759105153284649      25    
53623.096639975774    3.0950609621140335     0.17606988471812765     25    
53623.596639975774    3.1756933439241806     0.1759198683931898      25    
53624.096639975774    3.247875584596533      0.17570147389004204     25    
53624.596639975774    3.3119400278078133     0.17567225960403493     25    
53625.096639975774    3.366881105976126      0.17585677526640373     25    
53625.596639975774    3.413559311123986      0.17616103506292985     25    
53626.096639975774    3.45421574885616       0.17657154881160078     25    
53626.596639975774    3.489971156336176      0.17715538973340486     25    
53627.096639975774    3.519399375779414      0.17798866699953028     25    
53627.596639975774    3.5442794300928218     0.17872935909203416     25    
53628.096639975774    3.5665845608239723     0.17912533529645475     25    
53628.596639975774    3.5860833002257744     0.18086494557344493     25    
53629.096639975774    3.602320243653247      0.1820013190168093      25    
53629.596639975774    3.6154444987551213     0.1790584818601722      25    
53630.096639975774    3.6257736305461905     0.16748577824954422     25    
53630.596639975774    3.633290909924326      0.14667966333908442     25    
53631.096639975774    3.637161732753849      0.12323416409335458     25    
53631.596639975774    3.6366376491234726     0.10832204044502804     25    
53632.096639975774    3.632235088454253      0.10593917985306091     25    
53632.596639975774    3.6236056552898086     0.10983843375874507     25    
53633.096639975774    3.610006884680206      0.11310626960307847     25    
53633.596639975774    3.5909447568329633     0.11307619686892627     25    
53634.096639975774    3.566809868312735      0.1127667405090801      25    
53634.596639975774    3.538139170448133      0.11232318266656195     25    
53635.096639975774    3.5052651386523905     0.11180717164194237     25    
53635.596639975774    3.4675027918297188     0.11105921541752613     25    
53636.096639975774    3.42581388681697       0.11031243238369655     25    
53636.596639975774    3.381497302437825      0.10988516651237466     25    
53637.096639975774    3.3343543981683883     0.11002874440320277     25    
53637.596639975774    3.284205277160738      0.11050399010224239     25    
53638.096639975774    3.2323070217670207     0.11090173461225261     25    
53638.596639975774    3.1795551806942974     0.11106660111276312     25    
53639.096639975774    3.125250927832027      0.1114921980749429      25    
53639.596639975774    3.069816827882856      0.11128377668930983     25    
53640.096639975774    3.013864458599509      0.10934714659132198     25    
53640.596639975774    2.957350213177444      0.10422889828725487     25    
53641.096639975774    2.900153454988855      0.09715705660580745     25    
53641.596639975774    2.842464272680822      0.09090941498783596     25    
53642.096639975774    2.784374747880759      0.08836144422559561     25    
53642.596639975774    2.725762744352238      0.08871543828959094     25    
53643.096639975774    2.666787843621682      0.0900418440941782      25    
53643.596639975774    2.607620852368642      0.09052288719499593     25    
53644.096639975774    2.54816198736034       0.09031380331029988     25    
53644.596639975774    2.488468039458871      0.08992001684693329     25    
53645.096639975774    2.4287176193121396     0.08936974124056857     25    
53645.596639975774    2.3689627073619315     0.08857424695726702     25    
53646.096639975774    2.3091085064465036     0.0874900459106512      25    
53646.596639975774    2.249321965651686      0.08648025457452686     25    
53647.096639975774    2.1897548357239014     0.08592724471644798     25    
53647.596639975774    2.130286713987612      0.08590815654247129     25    
53648.096639975774    2.0710115780504084     0.08610774592682144     25    
53648.596639975774    2.0121124331876525     0.08618673356464637     25    
53649.096639975774    1.9535608465140661     0.08655425600524597     25    
53649.596639975774    1.895304094106136      0.08719890245919308     25    
53650.096639975774    1.8376425232553832     0.08654562304281306     25    
53650.596639975774    1.780796431527957      0.08276792681063178     25    
53651.096639975774    1.7245085889955745     0.07443691771975496     25    
53651.596639975774    1.6690605620352361     0.06387122218786781     25    
53652.096639975774    1.6148567765862891     0.05534468708446074     25    
53652.596639975774    1.5618311885140836     0.05254670039753285     25    
53653.096639975774    1.5099317620902777     0.05338963616261147     25    
53653.596639975774    1.459551343458392      0.055004600693015965    25    
53654.096639975774    1.410984972421413      0.055215955923089415    25    
53654.596639975774    1.3640471853337381     0.05521501973989535     25    
53655.096639975774    1.3187754399165816     0.055149749852433386    25    
53655.596639975774    1.2752551667119918     0.054890663769680735    25    
53656.096639975774    1.2335877206861825     0.054262363628367886    25    
53656.596639975774    1.1936527569612574     0.053454964143184625    25    
53657.096639975774    1.1552433184933188     0.05282431533583231     25    
53657.596639975774    1.1182644062985052     0.05268325929876553     25    
53658.096639975774    1.0828519264466658     0.052920797115820796    25    
53658.596639975774    1.0488140343788797     0.05326366780286167     25    
53659.096639975774    1.0159465965251842     0.05345799061510622     25    
53659.596639975774    0.9843525602588186     0.05359587466523315     25    
53660.096639975774    0.9539839962909339     0.053662540169656506    25    
53660.596639975774    0.9246640533803039     0.053515870113250624    25    
53661.096639975774    0.8963315067195052     0.053320041133220204    25    
53661.596639975774    0.8690772049280517     0.0531887309492912      25    
53662.096639975774    0.8427742534717084     0.05225287705708975     25    
53662.596639975774    0.8173064922816152     0.04943755789185167     25    
53663.096639975774    0.7927617658217192     0.043346783044011156    25    
53663.596639975774    0.7690746277656606     0.035092640284291106    25    
53664.096639975774    0.7461153714262267     0.02742897795628628     25    
53664.596639975774    0.7238447509274536     0.02433893230223436     25    
53665.096639975774    0.702317500753854      0.024951291230373953    25    
53665.596639975774    0.6814950541499416     0.02649154021424893     25    
53666.096639975774    0.6613362831365449     0.026595405106846756    25    
53666.596639975774    0.6418278783913364     0.02607124760162218     25    
53667.096639975774    0.6230298959482939     0.025505702479975904    25    
53667.596639975774    0.6050098875432905     0.025186081977162284    25    
53668.096639975774    0.5877543293566388     0.02528063826175263     25    
53668.596639975774    0.5712564223234451     0.02561066054464537     25    
53669.096639975774    0.5555863279460872     0.025954191605944185    25    
53669.596639975774    0.5408110669364028     0.026162501994678136    25    
53670.096639975774    0.5269254563958098     0.02635770271952508     25    
53670.596639975774    0.5138542087278675     0.026463649259588672    25    
53671.096639975774    0.5015225215745153     0.02637149793496441     25    
53671.596639975774    0.490053351780409      0.02595793548765702     25    
53672.096639975774    0.4793475346053142     0.025359020426754777    25    
53672.596639975774    0.4691300187233067     0.024821090218989525    25    
53673.096639975774    0.4592757004276498     0.024538598058670244    25    
53673.596639975774    0.44996370511655054    0.02441077803673964     25    
53674.096639975774    0.440940851148598      0.024372285840650598    25    
53674.596639975774    0.4319351201192383     0.02437506562260011     25    
53675.096639975774    0.42302328351629304    0.024533467000896033    25    
53675.596639975774    0.41421623934481244    0.024723568869451873    25    
53676.096639975774    0.4054084391698338     0.024717355625464878    25    
53676.596639975774    0.39649612769336645    0.024297993966386787    25    
53677.096639975774    0.38752165894231444    0.023541605395675288    25    
53677.596639975774    0.3786458835106753     0.02275498711582874     25    
53678.096639975774    0.37000696775649333    0.02226361420576802     25    
53678.596639975774    0.36148662928803504    0.022041270994152602    25    
53679.096639975774    0.353183598954561      0.021973099868138068    25    
53679.596639975774    0.345280810540688      0.02198480607769501     25    
53680.096639975774    0.3378279680479595     0.022111574853467833    25    
53680.596639975774    0.3307499149045923     0.022364036725851383    25    
53681.096639975774    0.3241138384666931     0.022555268018772223    25    
53681.596639975774    0.317991747113603      0.02254602768980644     25    
53682.096639975774    0.31240862951479687    0.02246220324719825     25    
53682.596639975774    0.30725500006198125    0.02219329661468551     25    
53683.096639975774    0.30240742190806646    0.021560000264924228    25    
53683.596639975774    0.29789719133552967    0.0201776846379281      25    
53684.096639975774    0.2937317823978484     0.0181977105171933      25    
53684.596639975774    0.28976991771106575    0.01633694602028099     25    
53685.096639975774    0.28591503301588045    0.015528807602157987    25    
53685.596639975774    0.28225019192757894    0.015748895736168732    25    
53686.096639975774    0.2787139853026754     0.01629760082279131     25    
53686.596639975774    0.27522313299458334    0.016502075108656686    25    
53687.096639975774    0.27176185961690535    0.01624531512689575     25    
53687.596639975774    0.2683684118274333     0.015825394449310023    25    
53688.096639975774    0.2650670000995754     0.015443834184085545    25    
53688.596639975774    0.261866105784115      0.01525526657409661     25    
53689.096639975774    0.25874806390219296    0.015171758080248903    25    
53689.596639975774    0.2557454931063102     0.015161083653235595    25    
53690.096639975774    0.2528927596493261     0.015204643545716745    25    
53690.596639975774    0.25018092798719427    0.015373795183128772    25    
53691.096639975774    0.24760757159241556    0.015583920413256791    25    
53691.596639975774    0.2451840299284115     0.015690277328300313    25    
53692.096639975774    0.24292811998635241    0.015570679623491615    25    
53692.596639975774    0.24083618642367655    0.015282983715140312    25    
53693.096639975774    0.23886781489080183    0.014985171212379673    25    
53693.596639975774    0.23698826096267142    0.014827208332397515    25    
53694.096639975774    0.23522825111490145    0.01473334285873875     25    
53694.596639975774    0.23356143300523757    0.014738332600243776    25    
53695.096639975774    0.23193996845041648    0.014933814571612825    25    
53695.596639975774    0.23035661616557876    0.015443065087725381    25    
53696.096639975774    0.2288290019085189     0.01616763791957672     25    
53696.596639975774    0.2273241227803687     0.016834454637101034    25    
53697.096639975774    0.22581322869071996    0.017241914488430505    25    
53697.596639975774    0.22430698633490895    0.017482720188235226    25    
53698.096639975774    0.22281111616758112    0.017608940747515615    25    
53698.596639975774    0.2213270160297453     0.017638442748667053    25    
53699.096639975774    0.2198522468114828     0.017548957774619154    25    
53699.596639975774    0.21838820193482825    0.017351232188872127    25    
53700.096639975774    0.2169413928143388     0.017105288312871857    25    
53700.596639975774    0.21551581623961671    0.016850601605662565    25    
53701.096639975774    0.2141068666506807     0.01654374777581822     25    
53701.596639975774    0.21271973685375933    0.016224624088743797    25    
53702.096639975774    0.21136080000388777    0.015947906333100417    25    
53702.596639975774    0.21002733570249155    0.015716501310808213    25    
53703.096639975774    0.20872027522895795    0.015516048793971173    25    
53703.596639975774    0.2074461299978452     0.015352286573292318    25    
53704.096639975774    0.20620783186555117    0.015259173174587174    25    
53704.596639975774    0.20500123071522658    0.015259854103374082    25    
53705.096639975774    0.20383212884317103    0.015227193651407938    25    
53705.596639975774    0.2027065779151521     0.015020055068639897    25    
53706.096639975774    0.2016208260878564     0.014505602760194563    25    
53706.596639975774    0.20057715757467875    0.013877319013001205    25    
53707.096639975774    0.19958208379017764    0.013444842427022971    25    
53707.596639975774    0.1986372841221395     0.013344373891615474    25    
53708.096639975774    0.1977394389676601     0.01342395661271307     25    
53708.596639975774    0.1968947725777058     0.013871875948162995    25    
53709.096639975774    0.196108827593367      0.014774610459646693    25    