55200.67108339203    1.5399529267568186    0.20015173954183976    25    
55201.17108339203    1.7392309273209816    0.19825153972854778    25    
55201.67108339203    1.9482572440081276    0.1965279690988709     25    
55202.17108339203    2.1655461412023076    0.20349850109849627    25    
55202.67108339203    2.391248280139941     0.225515552733338      25    
55203.17108339203    2.625138835782466     0.2510059324368133     25    
55203.67108339203    2.86575218890974      0.2666917982260141     25    
55204.17108339203    3.1133965693019383    0.27013806355999864    25    
55204.67108339203    3.3676694669809355    0.2684370201231423     25    
55205.17108339203    3.6271387900529337    0.26766877390340066    25    
55205.67108339203    3.8922435149807963    0.2682768466960943     25    
55206.17108339203    4.162416857777355     0.2688246695261575     25    
55206.67108339203    4.436273664805721     0.2692658262583558     25    
55207.17108339203    4.7143568373503255    0.269589323275278      25    
55207.67108339203    4.995948728345546     0.2698334696707941     25    
55208.17108339203    5.279724533341891     0.2700246934709351     25    
55208.67108339203    5.566304256584349     0.27008413358283545    25    
55209.17108339203    5.8548327988593245    0.27017923894577345    25    
55209.67108339203    6.144090462899618     0.27034722890727764    25    
55210.17108339203    6.434879932922181     0.2698113478538437     25    
55210.67108339203    6.725865073182847     0.27053804913759555    25    
55211.17108339203    7.015813455353129     0.2750576267633232     25    
55211.67108339203    7.306397757537077     0.2836593155794539     25    
55212.17108339203    7.593625506483852     0.2925659072166613     25    
55212.67108339203    7.874081317498673     0.2986137986182431     25    
55213.17108339203    8.150334060958617     0.3028141787246494     25    
55213.67108339203    8.417280397314407     0.3060876353682569     25    
55214.17108339203    8.670797161755175     0.30894228959724684    25    
55214.67108339203    8.913536391915533     0.31122057884686416    25    
55215.17108339203    9.140977257864863     0.3127938756692933     25    
55215.67108339203    9.348936562953925     0.3131698757643344     25    
55216.17108339203    9.539089173251943     0.31221242276933564    25    
55216.67108339203    9.713279460851325     0.3122180038375931     25    
55217.17108339203    9.871607293124239     0.31501831385932644    25    
55217.67108339203    10.013500011662977    0.31969091588893783    25    
55218.17108339203    10.143762173652327    0.32498895020681545    25    
55218.67108339203    10.264310253702215    0.3310505793971051     25    
55219.17108339203    10.373714316689943    0.3379249169467534     25    
55219.67108339203    10.47623214496543     0.34224319734863695    25    
55220.17108339203    10.574431991172748    0.3424787770027662     25    
55220.67108339203    10.666509582793855    0.33980513702358617    25    
55221.17108339203    10.75119432861774     0.3337844136183389     25    
55221.67108339203    10.829232241742286    0.32128875005792246    25    
55222.17108339203    10.899898565853686    0.30434557711964144    25    
55222.67108339203    10.95894446064591     0.2925911499477923     25    
55223.17108339203    11.006275148813923    0.292605456954268      25    
55223.67108339203    11.041808377167467    0.29843241078659466    25    
55224.17108339203    11.061715630761832    0.30222775283150116    25    
55224.67108339203    11.064850191888286    0.3018389111481515     25    
55225.17108339203    11.052675157632384    0.3001304472148541     25    
55225.67108339203    11.025966892850523    0.29857199425559944    25    
55226.17108339203    10.983528430946027    0.29667156674480405    25    
55226.67108339203    10.927130685274946    0.29510042777196255    25    
55227.17108339203    10.860214529581917    0.2958537285054097     25    
55227.67108339203    10.781692591419175    0.30058200648116806    25    
55228.17108339203    10.692954714745275    0.3060220409782166     25    
55228.67108339203    10.597277292336138    0.3081629253413303     25    
55229.17108339203    10.494009321961219    0.30805957870647843    25    
55229.67108339203    10.383568710765891    0.3048205935603734     25    
55230.17108339203    10.267382938826486    0.2953815097593751     25    
55230.67108339203    10.145209053354995    0.27554306054250505    25    
55231.17108339203    10.016988471246727    0.2534062782172986     25    
55231.67108339203    9.882922315630239     0.24175526242126782    25    
55232.17108339203    9.742886852808846     0.24211426844584466    25    
55232.67108339203    9.597080943485423     0.24621646254207039    25    
55233.17108339203    9.44563368251615      0.24696150510575982    25    
55233.67108339203    9.288192435844778     0.24624309185667592    25    
55234.17108339203    9.125751115874378     0.24489707139060493    25    
55234.67108339203    8.959058881669979     0.24256998951515724    25    
55235.17108339203    8.787436293090837     0.23873229407062974    25    
55235.67108339203    8.612470732430022     0.23579348474272707    25    
55236.17108339203    8.435317923022557     0.23645759521968213    25    
55236.67108339203    8.25515000211953      0.24027541760992271    25    
55237.17108339203    8.07364938037748      0.2437876842315185     25    
55237.67108339203    7.891730606633376     0.2443903228660875     25    
55238.17108339203    7.708600178201631     0.24322098841209286    25    
55238.67108339203    7.526611525863022     0.24147058379756195    25    
55239.17108339203    7.346759599294949     0.23961066059302774    25    
55239.67108339203    7.1682097139350285    0.23725907749297478    25    
55240.17108339203    6.993887764846689     0.23552357800164728    25    
55240.67108339203    6.824813166101172     0.23543201568312913    25    
55241.17108339203    6.660200760777294     0.23640300527679461    25    
55241.67108339203    6.502982936441667     0.23702685243557386    25    
55242.17108339203    6.354256081791367     0.23673669229809344    25    
55242.67108339203    6.213214516468632     0.23594713940301726    25    
55243.17108339203    6.081175785978132     0.23424489148227132    25    
55243.67108339203    5.958742317817788     0.23063933343677312    25    
55244.17108339203    5.845390581665104     0.22597704461319407    25    
55244.67108339203    5.740873465904028     0.22292513994224197    25    
55245.17108339203    5.645241539895688     0.223047815625136      25    
55245.67108339203    5.558425953532543     0.2247146902289672     25    
55246.17108339203    5.480071017146657     0.22587995404567499    25    
55246.67108339203    5.4107570621303775    0.22623925827255312    25    
55247.17108339203    5.349693328223957     0.22622280552443846    25    
55247.67108339203    5.29511478537107      0.2255666793006443     25    
55248.17108339203    5.2480493977176685    0.22415062335542052    25    
55248.67108339203    5.207014720847093     0.22215885088028756    25    
55249.17108339203    5.168804211667364     0.21976696470217694    25    
55249.67108339203    5.134547026970401     0.21638327892833828    25    
55250.17108339203    5.102769832730484     0.2129807610156935     25    
55250.67108339203    5.070295642584384     0.21124346350036852    25    
55251.17108339203    5.037794135468715     0.21180599679383896    25    
55251.67108339203    5.004853935261787     0.21294580879056862    25    
55252.17108339203    4.970086881473838     0.21266221980097827    25    
55252.67108339203    4.933396965684331     0.21035682331826083    25    
55253.17108339203    4.895675436992502     0.20837030250664643    25    
55253.67108339203    4.857622922030946     0.20940763524622344    25    
55254.17108339203    4.818802421989337     0.21381515141138174    25    
55254.67108339203    4.779924937314686     0.21851831209628295    25    
55255.17108339203    4.741783224593399     0.22088853520249288    25    
55255.67108339203    4.704006431713443     0.2217971536810022     25    
55256.17108339203    4.666994755573522     0.2213610275649835     25    
55256.67108339203    4.6312121211352935    0.2189923650237666     25    
55257.17108339203    4.596491389012011     0.21418277223002158    25    
55257.67108339203    4.562803024917003     0.2095798924033388     25    
55258.17108339203    4.530164640625218     0.20771846573230596    25    
55258.67108339203    4.498575331123315     0.20778267993553645    25    
55259.17108339203    4.467998828650498     0.20867569494988888    25    
55259.67108339203    4.438563702878393     0.2101891254044834     25    
55260.17108339203    4.410310585806082     0.21273368265366996    25    
55260.67108339203    4.382451776136971     0.21387858999259038    25    
55261.17108339203    4.354908531765316     0.21107439809975861    25    
55261.67108339203    4.327885337089491     0.2053278485801394     25    
55262.17108339203    4.299450611826075     0.2010478784949245     25    
55262.67108339203    4.269026741693604     0.20147379250543587    25    
55263.17108339203    4.237064089026797     0.20463245372538033    25    
55263.67108339203    4.201535377615153     0.20819687041203275    25    
55264.17108339203    4.16158296385418      0.2120274548996384     25    
55264.67108339203    4.117856245010719     0.21617238733305477    25    
55265.17108339203    4.0700025601961265    0.21761694843201856    25    
55265.67108339203    4.017101073488049     0.21584284399149573    25    
55266.17108339203    3.9600732425249845    0.2112197216866474     25    
55266.67108339203    3.90142014320198      0.20165043103770283    25    
55267.17108339203    3.840871992868814     0.18148885516340899    25    
55267.67108339203    3.77883779868836      0.15363884866268734    25    
55268.17108339203    3.7180574141928164    0.1314875326035657     25    
55268.67108339203    3.658550295867053     0.1257672617109533     25    
55269.17108339203    3.6002441715093254    0.12858592422854923    25    
55269.67108339203    3.54444656386009      0.12910692992765016    25    
55270.17108339203    3.4917949261458694    0.12549516820557116    25    
55270.67108339203    3.441135736610464     0.1216405545042826     25    
55271.17108339203    3.391124519081734     0.120073842555871      25    
55271.67108339203    3.3423699496874617    0.12132490715821068    25    
55272.17108339203    3.294015168849442     0.1240299259271661     25    
55272.67108339203    3.244448809767958     0.12715563190630755    25    
55273.17108339203    3.1940462957491116    0.13177907657808857    25    
55273.67108339203    3.1425616600776336    0.13579526166853598    25    
55274.17108339203    3.0892160851629904    0.13644504736565036    25    
55274.67108339203    3.0337073094712417    0.13358917617094837    25    
55275.17108339203    2.9771925619247814    0.1290846467126827     25    
55275.67108339203    2.9207170706838643    0.1247055394029867     25    
55276.17108339203    2.8635891361544648    0.12014559840995491    25    
55276.67108339203    2.8069876644713556    0.11469354478768767    25    
55277.17108339203    2.7521444322177384    0.10732047119906668    25    
55277.67108339203    2.6984190905162864    0.09679476704153807    25    
55278.17108339203    2.6466252226738076    0.08644286104447105    25    
55278.67108339203    2.5976534444223467    0.08128901688698309    25    
55279.17108339203    2.551197014675955     0.08142947415360677    25    
55279.67108339203    2.5070743280397325    0.08271248955056415    25    
55280.17108339203    2.4652488980516445    0.0818910123765803     25    
55280.67108339203    2.4257844716486727    0.08030028120224611    25    
55281.17108339203    2.388410599410662     0.07861058271868984    25    
55281.67108339203    2.352985698526686     0.07708716192453087    25    
55282.17108339203    2.3196168874283116    0.07554224830296628    25    
55282.67108339203    2.2880306993143424    0.07441745181673058    25    
55283.17108339203    2.258115340235343     0.07407473950659124    25    
55283.67108339203    2.229957397775626     0.07433674574184636    25    
55284.17108339203    2.2032741471197554    0.0749698984286499     25    
55284.67108339203    2.177986230557957     0.07485663778971839    25    
55285.17108339203    2.1541544100709493    0.07467627284549735    25    
55285.67108339203    2.131489350207231     0.07819631804952278    25    
55286.17108339203    2.1099467768748705    0.08839530371450331    25    
55286.67108339203    2.089556331694626     0.10090366455349277    25    
55287.17108339203    2.070024715968636     0.10974585585840951    25    
55287.67108339203    2.0513453865664215    0.11206474960321312    25    
55288.17108339203    2.033511570026995     0.11212684301471687    25    
55288.67108339203    2.016229983259732     0.11592878026786356    25    