57089.89888411756    93.22634302507258     27.021986079676932    25    
57090.39888411756    110.0467009986952     26.928554045460906    25    
57090.89888411756    127.92250971715376    27.072726370023542    25    
57091.39888411756    146.73880898432046    28.197983251282995    25    
57091.89888411756    166.46833110704796    29.592581343691673    25    
57092.39888411756    186.9609594106275     30.049038664739708    25    
57092.89888411756    208.21763086216308    29.964858438313854    25    
57093.39888411756    230.06697594502344    29.973216217522282    25    
57093.89888411756    252.5242326499064     30.010737791878068    25    
57094.39888411756    275.4106822549167     30.03554497503944     25    
57094.89888411756    298.74196013768574    30.047366717165588    25    
57095.39888411756    322.3459020077148     30.04949494056655     25    
57095.89888411756    346.2246369929094     30.039367593922066    25    
57096.39888411756    370.227342551594      30.045182105386676    25    
57096.89888411756    394.35201176235023    30.418828534853112    25    
57097.39888411756    418.40546079956624    30.029550318057375    25    
57097.89888411756    442.44337313271       27.211433683543273    25    
57098.39888411756    465.9660435379079     23.824397105711263    25    
57098.89888411756    488.48503721891774    23.188515742830177    25    
57099.39888411756    509.7521216677761     23.89331636523296     25    
57099.89888411756    528.8152071754179     24.09641865922018     25    
57100.39888411756    545.7113896371117     24.198507034415563    25    
57100.89888411756    559.3909172549517     24.21251649528855     25    
57101.39888411756    569.9895614865042     24.14810309387475     25    
57101.89888411756    577.9808042052556     24.21451023541656     25    
57102.39888411756    583.2592791666638     24.42051768455287     25    
57102.89888411756    586.9362726877545     24.672503066346945    25    
57103.39888411756    589.0117204751067     25.009190729276515    25    
57103.89888411756    590.3186666861204     25.18087306923516     25    
57104.39888411756    591.2168959189851     25.1728609365439      25    
57104.89888411756    591.5910595317188     24.761160443405355    25    
57105.39888411756    591.5991721636462     23.38053954594188     25    
57105.89888411756    590.9704639199291     21.894044601043024    25    
57106.39888411756    589.4721940024149     21.697444529327985    25    
57106.89888411756    587.0568503914974     22.0682749055204      25    
57107.39888411756    583.3815169162716     22.08097043447372     25    
57107.89888411756    578.5454039948455     21.96603834016518     25    
57108.39888411756    572.6303992940916     21.85387135812415     25    
57108.89888411756    565.6415684539771     21.73754481730495     25    
57109.39888411756    557.9613111595063     21.80377107052957     25    
57109.89888411756    549.5579146203208     22.082027170584794    25    
57110.39888411756    540.7777685778952     22.21596859459743     25    
57110.89888411756    531.6603471904458     22.2123039381017      25    
57111.39888411756    522.2696995725798     21.801438255207135    25    
57111.89888411756    512.6609115008749     20.554148823544757    25    
57112.39888411756    502.77228156206195    19.43337105688255     25    
57112.89888411756    492.5889876086707     19.3775139621855      25    
57113.39888411756    482.0926092565548     19.639926126191202    25    
57113.89888411756    471.2469059163599     19.634311416133283    25    
57114.39888411756    460.0657275307259     19.559414562775302    25    
57114.89888411756    448.54727405552813    19.39884017333724     25    
57115.39888411756    436.7004927960663     19.198617967891895    25    
57115.89888411756    424.5642666113709     19.21995009680031     25    
57116.39888411756    412.1358521614922     19.418030190825945    25    
57116.89888411756    399.45528836775543    19.567587752696774    25    
57117.39888411756    386.50915525538335    19.750211361058145    25    
57117.89888411756    373.4492185476129     18.894601327028845    25    
57118.39888411756    360.25402859444523    16.19222819235002     25    
57118.89888411756    347.1403921912895     13.891180517257757    25    
57119.39888411756    334.13480021737666    13.733661551286467    25    
57119.89888411756    321.39605197453096    14.055622378463628    25    
57120.39888411756    309.0339579187015     14.028175223515445    25    
57120.89888411756    297.0606122423681     13.955103385484286    25    
57121.39888411756    285.56190347087875    13.72872134183234     25    
57121.89888411756    274.49959617684925    13.462823504151865    25    
57122.39888411756    263.8543966400234     13.392803334946345    25    
57122.89888411756    253.62443929120295    13.43634122376341     25    
57123.39888411756    243.7825557298402     13.44405152466418     25    
57123.89888411756    234.33065997852069    13.432690740955323    25    
57124.39888411756    225.23620266081127    13.414014235159721    25    
57124.89888411756    216.50255317912917    13.439615998930691    25    
57125.39888411756    208.09370792776235    12.731091163167438    25    
57125.89888411756    200.0108256487745     10.685822352938304    25    
57126.39888411756    192.22219069052568    8.954371198169119     25    
57126.89888411756    184.71632870591736    8.917535312178453     25    
57127.39888411756    177.49582242905336    9.19139182010285      25    
57127.89888411756    170.54941428781234    9.007677714584215     25    
57128.39888411756    163.90060590721768    8.831617985876662     25    
57128.89888411756    157.56721926595367    8.908420295119125     25    
57129.39888411756    151.55625254559422    9.071436112662326     25    
57129.89888411756    145.90312445501237    9.13455890645287      25    
57130.39888411756    140.59377596662137    9.129759154419704     25    
57130.89888411756    135.61428405757027    8.995775754689806     25    
57131.39888411756    130.96026509822786    8.73396756185712      25    
57131.89888411756    126.5299798526936     8.247303609510334     25    
57132.39888411756    122.33302541183248    7.4503919418686255    25    
57132.89888411756    118.26603963364116    6.996805365919453     25    
57133.39888411756    114.32193511578288    7.154398745198724     25    
57133.89888411756    110.47045810310678    7.224025698991391     25    
57134.39888411756    106.6849264879504     6.928525267517756     25    
57134.89888411756    103.01650177152746    6.651226916121634     25    
57135.39888411756    99.47731970325148     6.604847438508606     25    
57135.89888411756    96.09464052030025     6.659948652189302     25    
57136.39888411756    92.90792077477063     6.798585634214001     25    
57136.89888411756    89.90851851911401     6.9418948795270365    25    
57137.39888411756    87.11817080786372     6.9372120401458846    25    
57137.89888411756    84.51772931896913     6.78350265850906      25    
57138.39888411756    82.05269394595801     6.182376624736011     25    
57138.89888411756    79.72634127019126     5.092997524602661     25    
57139.39888411756    77.47145072538866     4.482714023132499     25    
57139.89888411756    75.29192399661584     4.559819642580732     25    
57140.39888411756    73.15802167950403     4.5530413221199675    25    
57140.89888411756    71.05945651234138     4.333639978610291     25    
57141.39888411756    69.03502781310958     4.224755335278419     25    
57141.89888411756    67.08562322977244     4.338552063021668     25    
57142.39888411756    65.24184684954199     4.525290052685694     25    
57142.89888411756    63.52112355431934     4.784543082585224     25    
57143.39888411756    61.926694447454054    4.968726918187954     25    
57143.89888411756    60.47919898033137     4.880477431420569     25    
57144.39888411756    59.158500694832746    4.653643724282531     25    
57144.89888411756    57.94225094306281     4.426010927833588     25    
57145.39888411756    56.827198389621444    4.17092593446679      25    
57145.89888411756    55.778539031212375    3.9444361523348985    25    
57146.39888411756    54.799456732905846    3.7459060370172543    25    
57146.89888411756    53.86133241867779     3.6561032297625013    25    
57147.39888411756    52.96553895404026     3.6890490768902944    25    
57147.89888411756    52.10820212438593     3.6779755362958912    25    
57148.39888411756    51.289058519909474    3.597620105049304     25    
57148.89888411756    50.50612446178389     3.5044498480510184    25    
57149.39888411756    49.75920926549304     3.4007509466743198    25    
57149.89888411756    49.046310781264644    3.3131527455243033    25    
57150.39888411756    48.36669918914602     3.2654183297041257    25    
57150.89888411756    47.71900087446952     3.2452454521973015    25    
57151.39888411756    47.1017835208972      3.2152119942338557    25    
57151.89888411756    46.514371533998386    3.2503230877020948    25    
57152.39888411756    45.954717490775494    3.5216979309691023    25    
57152.89888411756    45.42266702764076     3.884825705561393     25    
57153.39888411756    44.91575632880988     4.038336869906279     25    
57153.89888411756    44.43414258542571     4.085231212146103     25    
57154.39888411756    43.97515526502912     4.393479999934731     25    