#Date  :
#Flux  :
#Fluxerr  :
#ZP  :
#end  :
@INSTRUMENT  SDSS
@BAND  SDSS_z
@MAGSYS  AB
53975.416932  0.9302  4.051  23.909419999999997
53994.441379  8.593  4.884  23.909419999999997
53996.425312  3.7  3.831  23.909419999999997
54005.439095  7.268  3.651  23.909419999999997
54008.38585  7.088  4.035  23.909419999999997
54009.453102  0.7279  3.505  23.909419999999997
54010.380344  3.302  2.862  23.909419999999997
54012.37317  6.902  3.834  23.909419999999997
54020.411695  14.66  5.263  23.909419999999997
54024.461323  4.912  5.44  23.909419999999997
54028.449554  5.641  4.896  23.909419999999997
54030.405029  7.881  3.781  23.909419999999997
54035.449017  1.44  6.791  23.909419999999997
54037.35458  5.727  3.376  23.909419999999997
54040.369343  -0.5128  4.109  23.909419999999997
54041.404829  -2.363  3.793  23.909419999999997
54049.395545  5.626  5.162  23.909419999999997
54050.355863  9.671  8.07  23.909419999999997
54056.361379  0.9302  4.547  23.909419999999997
54059.355547  1.863  5.662  23.909419999999997
54061.366482  1.956  6.892  23.909419999999997
54062.360305  4.061  4.6  23.909419999999997
54064.356739  7.681  4.42  23.909419999999997
54068.340693  -1.624  8.723  23.909419999999997
