56601.49212970257    1.6966802516979733    0.39432844209360957    25    
56601.99212970257    1.9495908957507746    0.3911717805290611     25    
56602.49212970257    2.2181777361857042    0.39013806961278596    25    
56602.99212970257    2.501276037377033     0.4103442487691598     25    
56603.49212970257    2.7992380333066578    0.4585974453599968     25    
56603.99212970257    3.111355689817835     0.5037845474048861     25    
56604.49212970257    3.436771826327048     0.5222984113474934     25    
56604.99212970257    3.775907478322193     0.5226862248156234     25    
56605.49212970257    4.12767825509831      0.5200905026772642     25    
56605.99212970257    4.491739567808909     0.5218702153295741     25    
56606.49212970257    4.868171180058266     0.5235957751134336     25    
56606.99212970257    5.255762641544209     0.5251292759056636     25    
56607.49212970257    5.654751211083508     0.5264562575857248     25    
56607.99212970257    6.064601087775764     0.5276346922838019     25    
56608.49212970257    6.484329031440249     0.5286896563934698     25    
56608.99212970257    6.914378705411721     0.5295746961899962     25    
56609.49212970257    7.353769150735568     0.5305316320943995     25    
56609.99212970257    7.802487896990428     0.5326247110147292     25    
56610.49212970257    8.260460856641735     0.5352412381189728     25    
56610.99212970257    8.724020455204448     0.5340916057198486     25    
56611.49212970257    9.19888582548938      0.5249623630356185     25    
56611.99212970257    9.674935905426898     0.5138232115308194     25    
56612.49212970257    10.134106692093042    0.5104856187100132     25    
56612.99212970257    10.585342111652079    0.5157359506764647     25    
56613.49212970257    11.00816774215373     0.52295171368636       25    
56613.99212970257    11.385499520754397    0.5275546704333827     25    
56614.49212970257    11.725466224474424    0.5313804997721104     25    
56614.99212970257    12.006270136739639    0.5340126247348103     25    
56615.49212970257    12.214252805881852    0.5345351303218391     25    
56615.99212970257    12.36216171022627     0.5339799869397183     25    
56616.49212970257    12.463709202366642    0.5345114842942795     25    
56616.99212970257    12.50923094228063     0.5362187441511957     25    
56617.49212970257    12.520825056814509    0.538519527499142      25    
56617.99212970257    12.522131657757528    0.5415248128536448     25    
56618.49212970257    12.502057840523905    0.5455365183007604     25    
56618.99212970257    12.486854410257251    0.5481228459773848     25    
56619.49212970257    12.492418790769122    0.5480027164504999     25    
56619.99212970257    12.509267562128922    0.5459304375681885     25    
56620.49212970257    12.537983310618268    0.5414999956256074     25    
56620.99212970257    12.583496363978457    0.5324720346172256     25    
56621.49212970257    12.635921724775153    0.5230845201676058     25    
56621.99212970257    12.682984124528451    0.520058625783327      25    
56622.49212970257    12.730034995621526    0.5233406841005375     25    
56622.99212970257    12.76564826725459     0.5270929039805428     25    
56623.49212970257    12.781439829832248    0.5273901306546042     25    
56623.99212970257    12.781436088110668    0.526197097752864      25    
56624.49212970257    12.76105975754804     0.5246379232774449     25    
56624.99212970257    12.718758613297647    0.52243139477526       25    
56625.49212970257    12.656244348887906    0.520217058340477      25    
56625.99212970257    12.574350481647919    0.5198190859247881     25    
56626.49212970257    12.472703670386716    0.5218141208522281     25    
56626.99212970257    12.352122587440181    0.5235804338653942     25    
56627.49212970257    12.213040996593802    0.5252499442580459     25    
56627.99212970257    12.055133346725267    0.5276125413386685     25    
56628.49212970257    11.880849224977826    0.5173181313139447     25    
56628.99212970257    11.690197879506115    0.4779502939121939     25    
56629.49212970257    11.483784722588494    0.42154467127998335    25    
56629.99212970257    11.264892701621646    0.3847931152682164     25    
56630.49212970257    11.03245409845415     0.38091032751160886    25    
56630.99212970257    10.788659126986783    0.3879031340238451     25    
56631.49212970257    10.535644725761859    0.3870956553317471     25    
56631.99212970257    10.271739614894992    0.3839861711432708     25    
56632.49212970257    10.003894060584612    0.38020662769139546    25    
56632.99212970257    9.733571599291935     0.3752425432547395     25    
56633.49212970257    9.460957810932408     0.36960424636572553    25    
56633.99212970257    9.196451255263687     0.3658716218716619     25    
56634.49212970257    8.93817130167266      0.36521798929067173    25    
56634.99212970257    8.690436088175034     0.3655547646666731     25    
56635.49212970257    8.462084085574388     0.36499763099552757    25    
56635.99212970257    8.25069954253034      0.36460745109473397    25    
56636.49212970257    8.058266620312597     0.3614934974133773     25    
56636.99212970257    7.887465644757419     0.3512087169597517     25    
56637.49212970257    7.736939970723787     0.33552284192398935    25    
56637.99212970257    7.604159402034881     0.32459635960971495    25    
56638.49212970257    7.489338202008564     0.323899268630295      25    
56638.99212970257    7.391684292384103     0.32738435257757814    25    
56639.49212970257    7.30887239114852      0.3286673519000898     25    
56639.99212970257    7.2421266117024246    0.32837371871645005    25    
56640.49212970257    7.188585334084891     0.32734202098816406    25    
56640.99212970257    7.146153655519531     0.3251033046536923     25    
56641.49212970257    7.1159675445422925    0.32164943684595815    25    
56641.99212970257    7.093212436181043     0.3195185867447705     25    
56642.49212970257    7.077294311689751     0.32048061374370657    25    
56642.99212970257    7.067771687558951     0.32284000563765525    25    
56643.49212970257    7.05980197994519      0.3242721290992394     25    
56643.99212970257    7.053999285588806     0.3248463179435417     25    
56644.49212970257    7.049499710722001     0.3247354420477404     25    
56644.99212970257    7.044307335567892     0.324337391888317      25    
56645.49212970257    7.038939710992224     0.3242469197473771     25    
56645.99212970257    7.034021406776986     0.3195748733261435     25    
56646.49212970257    7.029677947553369     0.30372212042556085    25    
56646.99212970257    7.025892439252463     0.2804882480965043     25    
56647.49212970257    7.023268477320545     0.2647946023906865     25    
56647.99212970257    7.022251116717783     0.2633494962920733     25    
56648.49212970257    7.021985718761869     0.26706241901819594    25    
56648.99212970257    7.021739334248961     0.26704810516932087    25    
56649.49212970257    7.022305777360924     0.26445566668948595    25    
56649.99212970257    7.020955737708043     0.26275590386897596    25    
56650.49212970257    7.016273536696052     0.26451378969798894    25    
56650.99212970257    7.008895699264701     0.26839599354815036    25    
56651.49212970257    6.995605285746141     0.2712006766441982     25    
56651.99212970257    6.975925461849062     0.2722787103278416     25    
56652.49212970257    6.950047743515216     0.2722195772815413     25    
56652.99212970257    6.916721400528947     0.2699212918114747     25    
56653.49212970257    6.875676268402951     0.2622933892769946     25    
56653.99212970257    6.828298649099141     0.25926658990441254    25    
56654.49212970257    6.775433892881891     0.2731594550434722     25    
56654.99212970257    6.716646125461034     0.2985212938102807     25    
56655.49212970257    6.653512016237041     0.3170564769601819     25    
56655.99212970257    6.586441401822197     0.3221505533579599     25    
56656.49212970257    6.515297415285023     0.32114353690596825    25    
56656.99212970257    6.440999228414711     0.3189678046757384     25    
56657.49212970257    6.363616389173471     0.3145999237690435     25    
56657.99212970257    6.282858489144403     0.3097898833062866     25    
56658.49212970257    6.198609744601034     0.3078271893592443     25    
56658.99212970257    6.110940140963522     0.307992641413573      25    
56659.49212970257    6.019616547259006     0.3087932866907458     25    
56659.99212970257    5.924403755297832     0.31014921004146684    25    
56660.49212970257    5.825478473575113     0.31184950808311235    25    
56660.99212970257    5.723205105610592     0.3115087440411703     25    
56661.49212970257    5.617167562830594     0.3126667668001273     25    
56661.99212970257    5.508214397264404     0.30813755151484673    25    
56662.49212970257    5.397515781480646     0.283020545100008      25    
56662.99212970257    5.284525527106847     0.22589408163518798    25    
56663.49212970257    5.170488964898318     0.15829223207780088    25    
56663.99212970257    5.05613679208216      0.1282630117331728     25    
56664.49212970257    4.941135476152966     0.13469246671962032    25    
56664.99212970257    4.8268926427246654    0.14106310109912557    25    
56665.49212970257    4.7134139749653725    0.13781473461465255    25    
56665.99212970257    4.600951575825405     0.13445692867630887    25    
56666.49212970257    4.490566721468068     0.13206312264220377    25    
56666.99212970257    4.381863609032422     0.1306470418878709     25    
56667.49212970257    4.27563507952662      0.12989563428133594    25    
56667.99212970257    4.172645043743733     0.12992405877544472    25    
56668.49212970257    4.072553375460448     0.1308007386143089     25    
56668.99212970257    3.9759767805004884    0.130853069738639      25    
56669.49212970257    3.8832949031684016    0.12902805974295103    25    
56669.99212970257    3.794171407292918     0.1262370904736113     25    
56670.49212970257    3.708269408352439     0.12353907959261402    25    
56670.99212970257    3.6257282623887632    0.11989277405390233    25    
56671.49212970257    3.5462492755464385    0.11769964154906161    25    
56671.99212970257    3.469474644119753     0.1209038632267003     25    
56672.49212970257    3.395565288426089     0.12893060335008766    25    
56672.99212970257    3.3241712364824534    0.1353603211845825     25    
56673.49212970257    3.255122305004536     0.13676562262472647    25    
56673.99212970257    3.1884992867982245    0.13573961509511107    25    
56674.49212970257    3.1241002293379467    0.13456712016872505    25    
56674.99212970257    3.061952959753343     0.13343455760164433    25    
56675.49212970257    3.0019897771067012    0.1321032539435274     25    
56675.99212970257    2.94406842893301      0.13090972763223005    25    
56676.49212970257    2.8882523367136677    0.12973441568024993    25    
56676.99212970257    2.8344028373014596    0.12877992795786777    25    
56677.49212970257    2.7824401787676716    0.12825467064534776    25    
56677.99212970257    2.732400606746168     0.12806275955915283    25    
56678.49212970257    2.6841114141282922    0.12808758961809136    25    
56678.99212970257    2.637580835342136     0.12823150392904817    25    
56679.49212970257    2.5927631263510524    0.1286298610734953     25    
56679.99212970257    2.5495016339489465    0.1294937103066676     25    
56680.49212970257    2.5078557551566205    0.13086139741676223    25    
56680.99212970257    2.467705252028538     0.13248255333331       25    
56681.49212970257    2.428946130677256     0.13367147536823804    25    
56681.99212970257    2.391630294711338     0.13449873660595563    25    
56682.49212970257    2.355592340278836     0.137846302797116      25    
56682.99212970257    2.320810260813434     0.14294360073215565    25    