#mB  c  mBmB x1x1 cc mBx1 mBc x1c
20.254552404005544  -0.3  0.0029496122996355467  0.049452523021108474  0.0019219615573985533  0.0026316290217439095  0.0022445584973708015  0.00045294657708730944
20.255923681134323  0.3  0.003311616476096578  0.03717736544560069  0.002044830416481277  0.00141242124263481  0.0024856003058975284  -0.00020298178478601875
20.760393297944788  0.0  0.0034066662542420693  0.05165834729451905  0.002129121571537042  0.0027562198108819903  0.002558087259966587  0.0005285938631887371
21.260393297944784  0.0  0.00408541337569642  0.07327305151087023  0.0025031952342493033  0.004600639552823374  0.0030432746629577862  0.0016014991034106376
21.760393297944788  0.0  0.005519364247068917  0.12095256120479829  0.003294920154658441  0.00848592694987182  0.004068834400543647  0.003877119122282775
21.258742864306317  -0.15  0.004246642141073354  0.08776200633055849  0.0026448812781708396  0.005828218511979888  0.003181597848349602  0.0023212356066710633
21.259465494210936  0.15  0.004002597962565954  0.06224778582885151  0.0024212759895765558  0.003627810998914411  0.002969973805041505  0.0010336753617703185
22.254552404005548  -0.3  0.012338401100531925  0.40242134661368306  0.007739590001836736  0.029394477642610897  0.009291042920954524  0.015665290159807103
22.25592368113432  0.3  0.006933373363426191  0.13649946733154575  0.0038704061482041  0.009823148342995362  0.004978193785593561  0.004686478445676786
