#mB  c  mBmB x1x1 cc mBx1 mBc x1c
20.493377661574243  -0.3  0.0003739431589375369  0.03662124210068063  0.00023239414603163657  0.00039296620593521844  0.00020356848286488246  -6.081374747503701e-05
20.494247607000162  0.3  0.00035131877341097354  0.01617631554329834  0.00022847706646028613  0.00018337587477103428  0.0002191520271221921  -0.00011622007016506094
20.998937106660833  0.0  0.00047145131111125634  0.04248741377998886  0.00027741436496412795  0.0006062097767263516  0.00026242771907832664  2.299362630887428e-06
21.49893710666083  0.0  0.0007300882005872037  0.08848826527584402  0.0003929667564292495  0.0012605413395036247  0.000376559372082547  0.00014641204173977272
21.998937106660826  0.0  0.001341164700079028  0.20136392887254148  0.000666926433434352  0.0027771194119123807  0.0006422229363469629  0.0004560542001290064
21.497419814934403  -0.15  0.0007633220168329864  0.11904893599062641  0.0004109518485343414  0.0012744874212867847  0.0003630155830520338  6.735783391584778e-05
21.497891568648676  0.15  0.0007020580920926124  0.06578226912712974  0.000380637552585525  0.001110268000363453  0.0003864362423997107  0.00013283319483384565
22.493377661574243  -0.3  0.00305373186289983  0.893252837399489  0.0015175461643107567  0.002966116974461472  0.000980144587567479  -0.0018056490110458297
22.49424760700016  0.3  0.0026204015557482227  0.24474739441297036  0.001244976212623195  0.005157937098101316  0.0014425705715147097  0.001295797946434774
