58459.74112467146    392.21237463898706    87.75854231826334     25    
58460.24112467146    468.2640274130407     86.37862035226604     25    
58460.74112467146    549.6564103160229     90.36888029682706     25    
58461.24112467146    636.0085606164497     110.98208170571752    25    
58461.74112467146    727.0434614843444     129.62250310757815    25    
58462.24112467146    822.3307477481077     133.4533563536619     25    
58462.74112467146    921.640748609366      132.4272445530529     25    
58463.24112467146    1024.4978092734264    133.2394347895444     25    
58463.74112467146    1130.7154921565       133.95795041144365    25    
58464.24112467146    1239.7769656578205    134.48725805792836    25    
58464.74112467146    1351.5349125911603    134.88379447915844    25    
58465.24112467146    1465.4354373667022    135.1784040719847     25    
58465.74112467146    1581.3662303787582    135.473821744176      25    
58466.24112467146    1698.8983433177164    136.1598912930874     25    
58466.74112467146    1817.6536657430424    137.00820027016363    25    
58467.24112467146    1937.2374382132743    137.19891320223564    25    
58467.74112467146    2055.8483878193542    137.36380135640212    25    
58468.24112467146    2166.899565036821     139.9141192225495     25    
58468.74112467146    2269.489075763889     143.84331939332043    25    
58469.24112467146    2353.9509103326436    146.42632778295737    25    
58469.74112467146    2420.4124313951297    147.98971080951023    25    
58470.24112467146    2459.3017340370966    147.77758163382006    25    
58470.74112467146    2472.3919595366815    146.14302942600622    25    
58471.24112467146    2465.5999205088706    146.04824584984115    25    
58471.74112467146    2439.3340446693046    147.23796688489782    25    
58472.24112467146    2406.691375478785     149.3757823924668     25    
58472.74112467146    2367.3239831207507    152.35504579341503    25    
58473.24112467146    2333.598952428188     152.8588437865203     25    
58473.74112467146    2305.331454463987     150.98758719739152    25    
58474.24112467146    2283.3353453869418    142.93319621602706    25    
58474.74112467146    2267.869554734981     126.70773863711152    25    
58475.24112467146    2254.2960805487887    118.1541941998052     25    
58475.74112467146    2242.6644080555307    120.85929704140827    25    
58476.24112467146    2229.028359074513     122.54736040674094    25    
58476.74112467146    2213.0759273973176    121.98830330995223    25    
58477.24112467146    2193.763419307639     121.8074648534064     25    
58477.74112467146    2170.8285484548696    122.08062193944768    25    
58478.24112467146    2144.6465789834006    123.90111540357512    25    
58478.74112467146    2115.227722504837     128.20416608708595    25    
58479.24112467146    2082.7216434280635    130.10418888239363    25    
58479.74112467146    2047.2294597400564    128.62792580515878    25    
58480.24112467146    2008.4396118743218    123.5576910975978     25    
58480.74112467146    1966.385608476102     111.92478362724829    25    
58481.24112467146    1920.536302951791     103.59798244531068    25    
58481.74112467146    1870.7623705145722    105.8876500454095     25    
58482.24112467146    1816.7468926114213    108.65370145058901    25    
58482.74112467146    1757.7948459231031    108.24422669297252    25    
58483.24112467146    1695.865633793431     106.28419288155342    25    
58483.74112467146    1631.01532143004      101.62816034893665    25    
58484.24112467146    1566.2242713551966    97.7662688309427      25    
58484.74112467146    1502.7512405663595    98.11009441478917     25    
58485.24112467146    1442.8722709764904    99.19821047448302     25    
58485.74112467146    1388.5899149771508    98.24962370928066     25    
58486.24112467146    1340.3111053299415    98.4745192802244      25    
58486.74112467146    1299.2520918645953    103.1879908031031     25    
58487.24112467146    1264.9379154961077    108.16844687341319    25    
58487.74112467146    1237.3546027539633    110.03995130110953    25    
58488.24112467146    1216.3990500159268    110.5715698886904     25    
58488.74112467146    1202.2306757346971    110.53070432774639    25    
58489.24112467146    1194.0881618476144    109.59413644996958    25    
58489.74112467146    1191.2877796207654    107.0042785749274     25    
58490.24112467146    1192.8737482756776    104.12180578330674    25    
58490.74112467146    1197.0048724404774    103.93772409388032    25    
58491.24112467146    1203.1691238150922    104.92343593070872    25    
58491.74112467146    1209.0685302628483    105.2500664690978     25    
58492.24112467146    1215.0515340601808    105.22884658191158    25    
58492.74112467146    1220.2757400592525    104.54980422665898    25    
58493.24112467146    1225.3411823589058    103.20260261100074    25    
58493.74112467146    1231.452767186783     100.44333416443864    25    
58494.24112467146    1238.7272258958235    97.0181876356196      25    
58494.74112467146    1248.6788512114686    96.44169153487145     25    
58495.24112467146    1260.9871165412899    97.68781730333527     25    
58495.74112467146    1275.6015459725945    97.5573264198555      25    
58496.24112467146    1292.1667323091353    96.84139135762831     25    
58496.74112467146    1308.4224856955598    98.65746534482889     25    
58497.24112467146    1324.3618082720955    102.2256613834639     25    
58497.74112467146    1337.499552709465     103.97981196981124    25    
58498.24112467146    1347.9994327957263    104.24485091803137    25    
58498.74112467146    1355.057159902477     102.53537139868023    25    
58499.24112467146    1358.7575321516051    98.81784487053247     25    
58499.74112467146    1360.7485633464992    94.2566410820336      25    
58500.24112467146    1360.98711340132      88.65235703271847     25    
58500.74112467146    1361.205519587063     86.5646734483809      25    
58501.24112467146    1361.4357344760251    88.59391088761157     25    
58501.74112467146    1361.9189154168653    88.63248259015919     25    
58502.24112467146    1362.8359150737906    86.03080009829237     25    
58502.74112467146    1362.191388513542     85.21735642230043     25    
58503.24112467146    1360.0081946767987    86.86138513219946     25    
58503.74112467146    1354.3278876936233    88.6401089397578      25    
58504.24112467146    1344.9233012331551    90.61451620575217     25    
58504.74112467146    1331.2166674319028    90.49608571237717     25    
58505.24112467146    1312.7981633518102    87.77755985006812     25    
58505.74112467146    1291.218819524604     82.19225837618771     25    
58506.24112467146    1266.5417360230117    71.43265659407257     25    
58506.74112467146    1240.167431761639     62.973327295474945    25    
58507.24112467146    1212.3859767315146    62.36914709351548     25    
58507.74112467146    1183.992838074623     62.582397758595434    25    
58508.24112467146    1155.38193152695      60.84620986317842     25    
58508.74112467146    1126.4411320153495    60.077091399765244    25    
58509.24112467146    1097.2155819660322    61.42310933188568     25    
58509.74112467146    1067.6725040520937    63.42412070176344     25    
58510.24112467146    1037.7584868758984    66.12313952297802     25    
58510.74112467146    1007.6352851561076    67.54447529670352     25    
58511.24112467146    977.2536303456372     65.97219596635244     25    
58511.74112467146    947.0675569141293     63.13961396846022     25    
58512.24112467146    917.2924312822396     59.99279404902619     25    
58512.74112467146    888.2879582311199     55.9643062812303      25    
58513.24112467146    860.4026820435312     49.88548197739538     25    
58513.74112467146    833.7841003805678     43.858314052692215    25    
58514.24112467146    808.7843115530271     42.107368092788036    25    
58514.74112467146    785.2400226724112     42.10831776598122     25    
58515.24112467146    763.1192750853493     41.21686348073788     25    
58515.74112467146    742.3515379519247     40.32780796729498     25    
58516.24112467146    722.8324241599959     39.54859212474573     25    
58516.74112467146    704.5204902857862     38.93120579355647     25    
58517.24112467146    687.3024479382209     38.66892462195714     25    
58517.74112467146    671.1455024883431     38.656764121063524    25    
58518.24112467146    655.928169134388      38.734363094249616    25    
58518.74112467146    641.6253972739609     38.95904250550539     25    
58519.24112467146    628.1084104628588     39.25839797128894     25    
58519.74112467146    615.3589973569997     39.85847674885407     25    
58520.24112467146    603.241994637999      40.81716302138843     25    
58520.74112467146    591.7451254518228     43.02987009827185     25    
58521.24112467146    580.7277443741677     48.725181259615916    25    