53538.536539453926    0.44695230436807676    0.13397821835632504     25    
53539.036539453926    0.5005617356461842     0.13221526289789556     25    
53539.536539453926    0.5570519188851746     0.1297319667259954      25    
53540.036539453926    0.6163276217700858     0.13191460543159053     25    
53540.536539453926    0.6783322308739204     0.14399168494823258     25    
53541.036539453926    0.7431304297113723     0.16431370199045986     25    
53541.536539453926    0.810644438140191      0.18317638080622894     25    
53542.036539453926    0.8807831725216044     0.19394391839326908     25    
53542.536539453926    0.9535934300639416     0.19648703733225611     25    
53543.036539453926    1.0290497871430957     0.19516121487015986     25    
53543.536539453926    1.1070570114440992     0.19353949516012656     25    
53544.036539453926    1.18758795360759       0.19365019881136963     25    
53544.536539453926    1.2706907024435004     0.19381980885531155     25    
53545.036539453926    1.3562746084467108     0.19395806746189537     25    
53545.536539453926    1.4442610340070152     0.19405683203490773     25    
53546.036539453926    1.5347142177061102     0.1941169707090229      25    
53546.536539453926    1.6275788485179528     0.19414424398230926     25    
53547.036539453926    1.7227596941275747     0.19414400281495817     25    
53547.536539453926    1.8202673665956284     0.19410670771119393     25    
53548.036539453926    1.9201167653225253     0.19403810310327083     25    
53548.536539453926    2.0222126687926534     0.19396759910187916     25    
53549.036539453926    2.126549087980166      0.19418755806889137     25    
53549.536539453926    2.2332794378155096     0.19514246322062032     25    
53550.036539453926    2.3420412576996887     0.19535198808584633     25    
53550.536539453926    2.452475883492214      0.19312619758347824     25    
53551.036539453926    2.5657915178494193     0.1867427421508501      25    
53551.536539453926    2.6807213872496183     0.17829717005320936     25    
53552.036539453926    2.794672988419443      0.1714384995471746      25    
53552.536539453926    2.9071039970342074     0.16921993972510627     25    
53553.036539453926    3.0194061769717546     0.17011053554388195     25    
53553.536539453926    3.1282430691517393     0.17195160166344123     25    
53554.036539453926    3.2306598096547128     0.17284284689600216     25    
53554.536539453926    3.3287987439211832     0.17333601549172095     25    
53555.036539453926    3.421028404204327      0.17375207842317905     25    
53555.536539453926    3.504322953869521      0.17402621132582205     25    
53556.036539453926    3.577508472136262      0.17404123165209356     25    
53556.536539453926    3.641995873235278      0.1738806765456318      25    
53557.036539453926    3.6984832701466184     0.17379336582545654     25    
53557.536539453926    3.7471284953811876     0.17398299707051162     25    
53558.036539453926    3.7869524154451373     0.1743651092365577      25    
53558.536539453926    3.8200648162708055     0.17486046875185002     25    
53559.036539453926    3.8488326238267554     0.17541260314581733     25    
53559.536539453926    3.8722183275092688     0.17618026756448493     25    
53560.036539453926    3.8906768053070335     0.1769993003222226      25    
53560.536539453926    3.9064494074166527     0.17752726481329675     25    
53561.036539453926    3.9207720165768567     0.17820297007988062     25    
53561.536539453926    3.932586597388345      0.1793421661136301      25    
53562.036539453926    3.942094487975222      0.1786233344755942      25    
53562.536539453926    3.9495966258599227     0.1733747394834913      25    
53563.036539453926    3.955360279905268      0.16116570728521123     25    
53563.536539453926    3.958766243149974      0.1458542275668478      25    
53564.036539453926    3.9590392194811868     0.13396553822704993     25    
53564.536539453926    3.956200571105663      0.1305004690429565      25    
53565.036539453926    3.9504228205111778     0.13212922282546813     25    
53565.536539453926    3.9410115719437857     0.1347383256864015      25    
53566.036539453926    3.9273826406382866     0.1351567965346309      25    
53566.536539453926    3.9097391040690272     0.13494893294748495     25    
53567.036539453926    3.8883615219753556     0.13461265813309123     25    
53567.536539453926    3.863479508538134      0.13429023252271802     25    
53568.036539453926    3.8347235405102165     0.13387692380188942     25    
53568.536539453926    3.8024313020224274     0.13344619595574256     25    
53569.036539453926    3.7674099833535792     0.13323171138203121     25    
53569.536539453926    3.729935453272196      0.13348937237803588     25    
53570.036539453926    3.6895703845903607     0.1341453513309936      25    
53570.536539453926    3.647059815805795      0.1347562970149646      25    
53571.036539453926    3.6030966691954016     0.1350482970688252      25    
53571.536539453926    3.557258483870832      0.13599525029980628     25    
53572.036539453926    3.5098038826064033     0.13621604474933371     25    
53572.536539453926    3.461294649730853      0.13368296837051005     25    
53573.036539453926    3.411764270212856      0.1256643339242827      25    
53573.536539453926    3.3610568613074308     0.11314168381293975     25    
53574.036539453926    3.30957652132036       0.10077543736993642     25    
53574.536539453926    3.257588898075242      0.09461946422568869     25    
53575.036539453926    3.2048207253671293     0.09436632671268845     25    
53575.536539453926    3.1515655331714743     0.09647418381993775     25    
53576.036539453926    3.0981971480761334     0.09747641452409166     25    
53576.536539453926    3.044697274218278      0.09730911619681007     25    
53577.036539453926    2.9909816649544005     0.09701829690167524     25    
53577.536539453926    2.937113234330546      0.09660558782611543     25    
53578.036539453926    2.8831742203064086     0.09597987770147445     25    
53578.536539453926    2.8291517557270076     0.0951017461087775      25    
53579.036539453926    2.7748745452245154     0.09432120492863832     25    
53579.536539453926    2.720190343335625      0.09400916671921983     25    
53580.036539453926    2.6652054561723615     0.09426270168208366     25    
53580.536539453926    2.609841255972628      0.09472567903460721     25    
53581.036539453926    2.5539407395620977     0.09500428147966893     25    
53581.536539453926    2.497351297603976      0.09552012401084108     25    
53582.036539453926    2.4401898104156885     0.09615785285692562     25    
53582.536539453926    2.3827228618543885     0.09542646241563423     25    
53583.036539453926    2.3250753103384323     0.09156165209598517     25    
53583.536539453926    2.26695008309926       0.08361782554544364     25    
53584.036539453926    2.208862610436714      0.07420141769339728     25    
53584.536539453926    2.151422017676798      0.06745231451423972     25    
53585.036539453926    2.094371415173999      0.06554970795307591     25    
53585.536539453926    2.0378153461159694     0.06632553662035413     25    
53586.036539453926    1.9823708891562781     0.06737357446997048     25    
53586.536539453926    1.9283608734111077     0.06726799898154133     25    
53587.036539453926    1.875475847698432      0.06711731771735305     25    
53587.536539453926    1.8239225482352164     0.06687783256065664     25    
53588.036539453926    1.773928308584875      0.06640681539379266     25    
53588.536539453926    1.7254977469470512     0.06557656197783739     25    
53589.036539453926    1.6784980949794812     0.06464324506430978     25    
53589.536539453926    1.6328080622948973     0.06395129543237203     25    
53590.036539453926    1.5884326670089537     0.06371267394987554     25    
53590.536539453926    1.545401429397683      0.06374479579439893     25    
53591.036539453926    1.503580411063874      0.0638331334962298      25    
53591.536539453926    1.4628761795012757     0.0638171485324865      25    
53592.036539453926    1.4233753498299593     0.0638080003177169      25    
53592.536539453926    1.3849953952881295     0.06374510021779713     25    
53593.036539453926    1.3476264425352273     0.06354304551892907     25    
53593.536539453926    1.3113024642975768     0.06366081760158304     25    
53594.036539453926    1.2760174375085807     0.06365166181841092     25    
53594.536539453926    1.241683169671302      0.06248775841545779     25    
53595.036539453926    1.2082645550970026     0.058802242201648966    25    
53595.536539453926    1.1758120758707322     0.05228748156743357     25    
53596.036539453926    1.144247788120097      0.045051493486232955    25    
53596.536539453926    1.113493510874897      0.04047736254639158     25    
53597.036539453926    1.083572577204499      0.03972395475615321     25    
53597.536539453926    1.0544914438264819     0.040817163986263276    25    
53598.036539453926    1.0262346209222493     0.04158970492413872     25    
53598.536539453926    0.9987724940555613     0.04115898696630676     25    
53599.036539453926    0.9721221925005409     0.04048362353722371     25    
53599.536539453926    0.9463503519945986     0.0399055787444139      25    
53600.036539453926    0.9215025351402782     0.03975053984004782     25    
53600.536539453926    0.8975317812605361     0.039978588730745654    25    
53601.036539453926    0.8744886907661531     0.04032916951080423     25    
53601.536539453926    0.8524410434394334     0.04055063692937256     25    
53602.036539453926    0.8314368260061229     0.040679849219710816    25    
53602.536539453926    0.8114110463590661     0.04074536011735059     25    
53603.036539453926    0.7922688008962078     0.040630920037422934    25    
53603.536539453926    0.774022126294372      0.04023147507270763     25    
53604.036539453926    0.7567546852734072     0.03957704759499379     25    
53604.536539453926    0.7401738857977604     0.038778612762001355    25    
53605.036539453926    0.724005970781501      0.03792841315407892     25    
53605.536539453926    0.7084512699382925     0.03684196572908073     25    
53606.036539453926    0.6933536505444831     0.03571957638081906     25    
53606.536539453926    0.6783916018311211     0.03493136013192262     25    
53607.036539453926    0.6634706140253628     0.03482153307899133     25    
53607.536539453926    0.6487200251767898     0.03516563952240895     25    
53608.036539453926    0.634052823816938      0.03546601652246704     25    
53608.536539453926    0.6193626331158346     0.03527883341985521     25    
53609.036539453926    0.6045944281498814     0.03466452757505173     25    
53609.536539453926    0.5899782877037089     0.03395139858992676     25    
53610.036539453926    0.5757691018857491     0.03348148424534084     25    
53610.536539453926    0.5618603663707756     0.03333515049549407     25    
53611.036539453926    0.5482928463626697     0.03336312234314934     25    
53611.536539453926    0.5353511058053166     0.033476944205109875    25    
53612.036539453926    0.5232032487149915     0.03366805096694207     25    
53612.536539453926    0.5117090863115972     0.03400484336467314     25    
53613.036539453926    0.5009269823476505     0.03428568035936639     25    
53613.536539453926    0.49094059900261655    0.034335059215610426    25    
53614.036539453926    0.48186220694062387    0.03438639891371362     25    
53614.536539453926    0.47348743681319727    0.03418975324451922     25    
53615.036539453926    0.4655380130296597     0.03329447525128608     25    
53615.536539453926    0.45800802307242416    0.030976570305495662    25    
53616.036539453926    0.4509824426775912     0.02731299591647118     25    
53616.536539453926    0.44415359294759815    0.023524626771433105    25    
53617.036539453926    0.4372814003630688     0.021429690115649564    25    
53617.536539453926    0.43052661987114976    0.021206325623436502    25    
53618.036539453926    0.42380302324453917    0.021762314073634496    25    
53618.536539453926    0.41696501585708484    0.0219618485274162      25    
53619.036539453926    0.4099236597136311     0.021594395792884958    25    
53619.536539453926    0.40279825720963314    0.02112640133610515     25    
53620.036539453926    0.3957540541467365     0.020801122186932       25    
53620.536539453926    0.38885588573722707    0.020816713792609496    25    
53621.036539453926    0.38199833193806443    0.02107924875391385     25    
53621.536539453926    0.37536221628639554    0.021460253145836345    25    
53622.036539453926    0.3691309214192983     0.021859680152262178    25    
53622.536539453926    0.3632296271302629     0.02241166907360349     25    
53623.036539453926    0.35767800830682356    0.022960534647728095    25    
53623.536539453926    0.35257108185916536    0.023258091701349112    25    
53624.036539453926    0.3479912841518653     0.023148574458954237    25    
53624.536539453926    0.3438822490553842     0.02276081020015543     25    
53625.036539453926    0.34011806132448386    0.02226848670252028     25    
53625.536539453926    0.3366114418095621     0.021818170587878535    25    
53626.036539453926    0.3334607095952152     0.021323163353097457    25    
53626.536539453926    0.3305522567605276     0.02080766102728769     25    
53627.036539453926    0.3277331978425645     0.020332951567313184    25    
53627.536539453926    0.32503416847280253    0.019882945613808208    25    
53628.036539453926    0.3224627596436014     0.0194618852713698      25    
53628.536539453926    0.31991040004249444    0.019133473251157756    25    
53629.036539453926    0.31730396430497654    0.018974564614496394    25    
53629.536539453926    0.3146922148602886     0.01898419994039786     25    
53630.036539453926    0.31208148945720576    0.019029351104246268    25    
53630.536539453926    0.30947212209156194    0.01897693993551925     25    
53631.036539453926    0.30685608248344437    0.018826610830235117    25    
53631.536539453926    0.30424446438371583    0.018637465763601674    25    
53632.036539453926    0.3016545599477456     0.018453904337226226    25    
53632.536539453926    0.29908812880105395    0.01828537126562095     25    
53633.036539453926    0.2965390142930626     0.01811445045083106     25    
53633.536539453926    0.29402427130655817    0.0179732013610796      25    
53634.036539453926    0.2915565221587731     0.017892164500483233    25    
53634.536539453926    0.2891236506962737     0.017867448728493992    25    
53635.036539453926    0.28673780861299075    0.01788015643091901     25    
53635.536539453926    0.2844161430338791     0.01791180505681306     25    
53636.036539453926    0.28215325407062675    0.017913204020743607    25    
53636.536539453926    0.27995005234432047    0.017932779197490374    25    
53637.036539453926    0.27782383001032873    0.01807545018316043     25    
53637.536539453926    0.27578270489339973    0.01844317184199777     25    
53638.036539453926    0.27381588297782566    0.019006227275041625    25    
53638.536539453926    0.2719386983122955     0.019599228148370156    25    
53639.036539453926    0.2701668836418708     0.020057085627890575    25    
53639.536539453926    0.26849018099078403    0.02018905625032366     25    
53640.036539453926    0.2669157734474702     0.020349234111403363    25    
53640.536539453926    0.2654609531672982     0.02100779529184066     25    
53641.036539453926    0.264127826860473      0.02204802936482617     25    