#mB  c  mBmB x1x1 cc mBx1 mBc x1c
13.729924279610303  -0.3  0.00018752800654092978  0.00316606271967296  0.0001256101486281472  8.804571801653048e-05  0.0001021797619821213  -1.860331062838212e-05
13.730277873402837  0.3  0.00020008813960663388  0.0030274473171151644  0.00013427280134173633  8.352795725628649e-05  0.00011447616683829462  -1.3281428086182998e-05
14.235193784033951  0.0  0.00019646529198233352  0.003155062079955205  0.00013069912338301576  9.033631851973566e-05  0.00010940600624455471  -1.4029278224133137e-05
14.735193784033951  0.0  0.0002024907340831303  0.0033084933662242736  0.00013220948608030713  9.788880566307606e-05  0.00011166157070654311  -1.1297915259580955e-05
15.235193784033951  0.0  0.00021531358303851793  0.0036521095178092917  0.00013551888947799354  0.00010922100143796049  0.00011633470981169662  -7.769504143948874e-06
14.733813632328994  -0.15  0.000200518229382138  0.0034079660961831267  0.0001303973287222108  0.00010038428058092631  0.00010890112593009049  -1.2661889116310227e-05
14.734027004745911  0.15  0.00020476741662658586  0.0032312202356615926  0.00013411371306637994  9.540441495042393e-05  0.00011449584578182303  -1.0260799941883211e-05
15.729924279610303  -0.3  0.0002520353423419515  0.0053462383046748545  0.0001440118177199755  0.00014377009864645774  0.00012413542118243603  -8.750813548996588e-06
15.730277873402835  0.3  0.00024005210979731754  0.003877432939628778  0.00014492625907151544  0.00011483640876006845  0.00013032736931705517  -1.5289674077304896e-06
