52594.895602782    84.18118131270576     39.293467050870746    25    
52595.395602782    107.77797683805491    35.04100674038268     25    
52595.895602782    135.1202054757291     40.87498536048121     25    
52596.395602782    166.47971032412772    70.10479709519966     25    
52596.895602782    202.06629166020127    91.61978833172927     25    
52597.395602782    242.181563710733      95.10540624717405     25    
52597.895602782    287.0065558501628     93.22475250551494     25    
52598.395602782    336.87065298191135    93.51360716304904     25    
52598.895602782    391.92811402965526    93.71208442775549     25    
52599.395602782    452.53409412170373    93.73952721172115     25    
52599.895602782    518.8180821827181     93.60919007567557     25    
52600.395602782    591.1590031141503     93.30005388922592     25    
52600.895602782    669.6635762933944     92.8586130693096      25    
52601.395602782    754.8715938741386     92.1609039603311      25    
52601.895602782    846.576944579799      91.65610128201837     25    
52602.395602782    945.4987881116004     92.84278180820942     25    
52602.895602782    1049.8606489749982    94.83130796858002     25    
52603.395602782    1155.5803551522226    95.82215582940248     25    
52603.895602782    1261.5271376715282    96.32119122348591     25    
52604.395602782    1361.2180324903704    96.89278485931415     25    
52604.895602782    1454.3989351285293    97.37535220869083     25    
52605.395602782    1534.3656427375688    97.32920555149914     25    
52605.895602782    1602.406331270586     96.96704369565599     25    
52606.395602782    1659.1630006222927    97.15628705770004     25    
52606.895602782    1705.2478095781546    97.75376314049807     25    
52607.395602782    1744.896907432493     98.70100820983488     25    
52607.895602782    1778.0828239479908    99.8614940264349      25    
52608.395602782    1808.9397405012514    100.97990264542878    25    
52608.895602782    1837.077314056545     101.42594347078       25    
52609.395602782    1862.4441719042352    89.60764308937144     25    
52609.895602782    1884.9258397643587    61.14464800124632     25    
52610.395602782    1902.3138350449995    43.71920019457273     25    
52610.895602782    1914.6562351798584    48.63849329004813     25    
52611.395602782    1919.9170081163438    50.64454676635294     25    
52611.895602782    1918.1016202958126    50.21943207440816     25    
52612.395602782    1909.8425725034308    49.55837563335295     25    
52612.895602782    1895.0600052312548    48.61314700084446     25    
52613.395602782    1875.8343940027714    48.65864394463283     25    
52613.895602782    1852.146100793153     49.88082423496319     25    
52614.395602782    1825.8885259495605    50.267297818760525    25    
52614.895602782    1797.2122971997399    49.4370619294925      25    
52615.395602782    1766.3738596885717    50.236590022341915    25    
52615.895602782    1733.5091455234005    53.18385712807154     25    
52616.395602782    1697.9322947891117    55.48241941037302     25    
52616.895602782    1659.612568061978     56.87734671153653     25    
52617.395602782    1618.046571057476     57.451624674500785    25    
52617.895602782    1572.9257435211643    57.09693981221907     25    
52618.395602782    1525.4316816302708    56.28984060418511     25    
52618.895602782    1475.409603201424     54.88018043549727     25    
52619.395602782    1425.0379056003233    54.205128377441184    25    
52619.895602782    1374.567760996102     55.027575697106826    25    
52620.395602782    1325.8788004584642    55.56567523772435     25    
52620.895602782    1279.6278701362085    55.10480511583855     25    
52621.395602782    1236.1043400848007    54.75373533262621     25    
52621.895602782    1195.7392605632958    54.85360626067838     25    
52622.395602782    1157.8223213463373    55.31103838512285     25    
52622.895602782    1122.2326382192673    56.353164355421534    25    
52623.395602782    1088.5027196973963    57.19928073859193     25    
52623.895602782    1056.4435683669128    57.44585591415364     25    
52624.395602782    1025.7045218724966    57.26251888447367     25    
52624.895602782    996.0942224570556     56.291046159606985    25    
52625.395602782    967.3423777943145     55.66296712161817     25    
52625.895602782    939.2755351137506     56.58255582938381     25    
52626.395602782    911.646975996696      57.67874943390449     25    
52626.895602782    884.1541662809105     58.146288092200734    25    
52627.395602782    856.9210027087786     58.14785053973794     25    
52627.895602782    829.8377080337266     57.8041735911112      25    
52628.395602782    803.2588698838422     56.353002053618994    25    
52628.895602782    777.461213909563      51.681302076292084    25    
52629.395602782    752.6490004575683     46.45507677752671     25    
52629.895602782    729.2760460351701     45.80879358582521     25    
52630.395602782    707.1405806756823     46.6856303082232      25    
52630.895602782    686.3314102506578     45.5923750390115      25    
52631.395602782    666.4077473679451     44.315882106793794    25    
52631.895602782    646.7671048405161     44.74219546479102     25    
52632.395602782    627.1897168991175     45.831752768883455    25    
52632.895602782    606.8613915656088     46.59358833431825     25    
52633.395602782    585.9432905860119     46.95651369146562     25    
52633.895602782    564.1498459831862     46.323447912918304    25    
52634.395602782    541.8578625465782     44.380150107349024    25    
52634.895602782    519.7961364683443     38.46975468001056     25    
52635.395602782    498.0925447347132     29.428087373679308    25    
52635.895602782    477.64404607068235    26.285614227889685    25    
52636.395602782    458.37286151610436    27.605143818168205    25    
52636.895602782    440.74208294652664    26.744358763759557    25    
52637.395602782    424.57085222639313    25.120072617387255    25    
52637.895602782    409.4594807125923     24.80828484156619     25    
52638.395602782    395.3785599018508     25.430742509901783    25    
52638.895602782    381.8412886327565     26.21777923854347     25    
52639.395602782    368.8816768290053     27.081366724792773    25    
52639.895602782    356.2471208516027     26.860806222692567    25    
52640.395602782    343.9913208072291     25.688817425137966    25    
52640.895602782    332.3420919384075     23.431452277541826    25    
52641.395602782    321.30089594164576    19.943848738989193    25    
52641.895602782    311.13491463339494    18.564540381880935    25    
52642.395602782    301.8326721193269     19.42483938774286     25    
52642.895602782    293.514380940214      19.188120887541267    25    
52643.395602782    286.1746184098086     17.923469283440753    25    
52643.895602782    279.62042901968715    17.147464047868873    25    
52644.395602782    273.85644829263026    16.92455721209488     25    
52644.895602782    268.67561001888834    17.191186390851705    25    
52645.395602782    264.0801805457022     17.975948826356326    25    
52645.895602782    259.89746584335035    18.08879951320041     25    
52646.395602782    256.12409623753695    17.4189206946324      25    
52646.895602782    252.65876865915425    16.72516794090566     25    
52647.395602782    249.500651894824      16.038959206314363    25    
52647.895602782    246.55101248490382    15.702878754488754    25    
52648.395602782    243.80602793057494    15.834737085314428    25    
52648.895602782    241.18497520393808    16.086604484361924    25    
52649.395602782    238.6783536444007     16.46347185183452     25    
52649.895602782    236.24988573418426    16.56917233052581     25    
52650.395602782    233.8959267635028     16.284495338482323    25    
52650.895602782    231.58187411440707    15.825518124151774    25    
52651.395602782    229.30446607740424    15.178087769692642    25    
52651.895602782    227.0292935406692     14.543802402854453    25    
52652.395602782    224.75188495683614    13.98728605813377     25    
52652.895602782    222.43911807840743    13.592766302907135    25    
52653.395602782    220.08515746723452    13.61119009983094     25    
52653.895602782    217.65832179305752    13.163175671021632    25    
52654.395602782    215.15125767403637    11.35462390949334     25    
52654.895602782    212.53387875005657    9.826317654816846     25    
52655.395602782    209.79715964267788    9.911436234697828     25    
52655.895602782    206.91276301484098    10.796136580138596    25    