56148.73193779597    1.6395074359277795    0.4075720899856928     25    
56149.23193779597    1.894475551232071     0.4059214326087659     25    
56149.73193779597    2.1652314742285044    0.4066928466254393     25    
56150.23193779597    2.4502948366893484    0.42439183630466715    25    
56150.73193779597    2.7501494869915972    0.4601822490751468     25    
56151.23193779597    3.0634622926538424    0.4890879749919259     25    
56151.73193779597    3.3896834939720812    0.49736384541607054    25    
56152.23193779597    3.728809516966906     0.4961646851711332     25    
56152.73193779597    4.079255514924984     0.4964963304574711     25    
56153.23193779597    4.441448326542325     0.49826304393729876    25    
56153.73193779597    4.814230559924353     0.49986412493305477    25    
56154.23193779597    5.196800741135122     0.5012340117936834     25    
56154.73193779597    5.589364253166428     0.5024337976441786     25    
56155.23193779597    5.9902887805003235    0.5035365491397603     25    
56155.73193779597    6.39988714247084      0.5044661428894699     25    
56156.23193779597    6.817206192610734     0.5054853817761857     25    
56156.73193779597    7.241551509071033     0.5087886548214344     25    
56157.23193779597    7.673164105155637     0.5135760089825003     25    
56157.73193779597    8.108564170981595     0.507937597805661      25    
56158.23193779597    8.552149423626663     0.4813051184118884     25    
56158.73193779597    8.993563724208043     0.45095892520042563    25    
56159.23193779597    9.420951507508939     0.4429268734118044     25    
56159.73193779597    9.83923795613919      0.45283359693180764    25    
56160.23193779597    10.226753715978006    0.4632225483770354     25    
56160.73193779597    10.581351681186078    0.4690170197137107     25    
56161.23193779597    10.898461389702124    0.47382148717968126    25    
56161.73193779597    11.159313301712922    0.47681454245810756    25    
56162.23193779597    11.366224638566688    0.47762257821404       25    
56162.73193779597    11.526648564878503    0.47935663674729306    25    
56163.23193779597    11.638721679587034    0.48391614337325506    25    
56163.73193779597    11.707817682870592    0.48979532152467414    25    
56164.23193779597    11.750617183474349    0.4959962264074351     25    
56164.73193779597    11.762297350103125    0.5035729784740004     25    
56165.23193779597    11.755447898086148    0.5085526340184197     25    
56165.73193779597    11.73965890337613     0.5090266923415937     25    
56166.23193779597    11.710544411439752    0.505411496231395      25    
56166.73193779597    11.670735841462747    0.49289717975202235    25    
56167.23193779597    11.621585497362323    0.4653177331677808     25    
56167.73193779597    11.558669001965526    0.43845691794171127    25    
56168.23193779597    11.47921756034367     0.431783269411163      25    
56168.73193779597    11.384113456464187    0.4379500910503394     25    
56169.23193779597    11.26900106859071     0.44106318550715534    25    
56169.73193779597    11.132156565475343    0.43854452117738885    25    
56170.23193779597    10.977207837063643    0.4347323606334129     25    
56170.73193779597    10.805974117519469    0.4308933034377504     25    
56171.23193779597    10.617633578566425    0.4265350042334316     25    
56171.73193779597    10.420889820694262    0.42481129809415485    25    
56172.23193779597    10.215489732991017    0.4284778195912721     25    
56172.73193779597    10.004541937276924    0.43301385898924466    25    
56173.23193779597    9.795189407518553     0.433618312960717      25    
56173.73193779597    9.58551419691417      0.4319777343914567     25    
56174.23193779597    9.37736229068086      0.4229540282463664     25    
56174.73193779597    9.172138050493226     0.3977429077631747     25    
56175.23193779597    8.96845148284928      0.36575685541471586    25    
56175.73193779597    8.76499419088029      0.349541010044206      25    
56176.23193779597    8.562222318171793     0.3504258998406251     25    
56176.73193779597    8.358824015798964     0.3535392588383736     25    
56177.23193779597    8.15427320088425      0.35157360955940464    25    
56177.73193779597    7.94861526374673      0.34856347309451424    25    
56178.23193779597    7.74070477563315      0.34413278000386804    25    
56178.73193779597    7.530808166954886     0.33724003271882663    25    
56179.23193779597    7.318275718767544     0.3315885673697868     25    
56179.73193779597    7.102664927670493     0.33119802390244896    25    
56180.23193779597    6.884092949428755     0.3337687814886892     25    
56180.73193779597    6.661719282692057     0.3347071063818592     25    
56181.23193779597    6.434934385357539     0.3361840516324782     25    
56181.73193779597    6.205478966527982     0.33197768270945205    25    
56182.23193779597    5.974111556545274     0.3106590583113006     25    
56182.73193779597    5.740671773253866     0.2738008842666388     25    
56183.23193779597    5.509592101583614     0.24600069542322608    25    
56183.73193779597    5.280339517632475     0.2404964658122469     25    
56184.23193779597    5.055022405918641     0.24318050768245675    25    
56184.73193779597    4.837068408036575     0.2419258495407964     25    
56185.23193779597    4.625379337133276     0.2403505036557609     25    
56185.73193779597    4.42159572200122      0.23729861323501183    25    
56186.23193779597    4.226449397073963     0.23093804870258786    25    
56186.73193779597    4.039170214136565     0.2237752219194957     25    
56187.23193779597    3.859309380277319     0.21974183640244932    25    
56187.73193779597    3.6870414081455705    0.2184641773247947     25    
56188.23193779597    3.5217814899411666    0.21767113578434696    25    
56188.73193779597    3.3633201466218616    0.21676000870424755    25    
56189.23193779597    3.211716362856237     0.215790704660952      25    
56189.73193779597    3.0666930110601167    0.21402474003713354    25    
56190.23193779597    2.9282577649026837    0.21253900764088027    25    
56190.73193779597    2.796547521226962     0.20655862080914142    25    
56191.23193779597    2.671604279506087     0.18850000135359002    25    
56191.73193779597    2.5534243946539563    0.16217032672693713    25    
56192.23193779597    2.4421577928209173    0.14593859049757124    25    
56192.73193779597    2.33802469212185      0.14622540030833       25    
56193.23193779597    2.240251928114987     0.149914962676448      25    
56193.73193779597    2.1486460500311297    0.1474596445887326     25    
56194.23193779597    2.0631098516139894    0.14322325390718327    25    
56194.73193779597    1.9815611836576632    0.14113904060461335    25    
56195.23193779597    1.9044022745188267    0.1424161301832341     25    
56195.73193779597    1.8304094636337374    0.14438677802781136    25    
56196.23193779597    1.7579763435892957    0.14519751843840345    25    
56196.73193779597    1.6876636772799114    0.1455070102461268     25    
56197.23193779597    1.6191546446249712    0.14412862244908642    25    
56197.73193779597    1.551769143402279     0.1403926396086785     25    
56198.23193779597    1.4868760946998458    0.13512135341463724    25    
56198.73193779597    1.4259201666216117    0.12859397232501654    25    
56199.23193779597    1.3683540596005461    0.12009385859294826    25    
56199.73193779597    1.3161653870206196    0.11404711706549589    25    
56200.23193779597    1.2701169670076462    0.11428733721627374    25    
56200.73193779597    1.229626133757911     0.11673022531374372    25    
56201.23193779597    1.1949370339443983    0.11583336666028585    25    
56201.73193779597    1.1665185190909222    0.11192161619514795    25    
56202.23193779597    1.1411778670685833    0.10894828795483151    25    
56202.73193779597    1.1182326344239713    0.10934559484296244    25    
56203.23193779597    1.0972384372916548    0.11133558595258115    25    
56203.73193779597    1.0747412673715413    0.11339926370249105    25    
56204.23193779597    1.05130285881975      0.1161280240915955     25    
56204.73193779597    1.02612550257749      0.1176902057481014     25    
56205.23193779597    0.9978271000007964    0.1169620703513989     25    
56205.73193779597    0.9674337480772721    0.11436787180464263    25    
56206.23193779597    0.9372241203297677    0.10852680018073624    25    
56206.73193779597    0.9065529842532771    0.09668156720291472    25    
56207.23193779597    0.8772358888467413    0.08437966767641174    25    
56207.73193779597    0.8509811869098097    0.08043563323008263    25    
56208.23193779597    0.8271615939869501    0.08235222388911059    25    
56208.73193779597    0.8069683182411495    0.08293630279759488    25    
56209.23193779597    0.7910457741851241    0.08031167957801091    25    
56209.73193779597    0.7779816631795254    0.07806988212116892    25    
56210.23193779597    0.7667378912518156    0.07939135376130523    25    
56210.73193779597    0.7577006518694872    0.08322319975729205    25    
56211.23193779597    0.7489579634774801    0.08718844908205332    25    
56211.73193779597    0.7403489356080756    0.0917871392921628     25    
56212.23193779597    0.7316177158028674    0.09541634461868546    25    
56212.73193779597    0.7216738941743367    0.09507796409383275    25    
56213.23193779597    0.7107117338177898    0.09117850862931802    25    
56213.73193779597    0.6993604295928847    0.08665937793052596    25    
56214.23193779597    0.6876166080075462    0.08234781657820149    25    
56214.73193779597    0.6757092155583496    0.07804382408656162    25    
56215.23193779597    0.6643350242139173    0.07527461573960563    25    
56215.73193779597    0.6533073418474734    0.0741338850718738     25    
56216.23193779597    0.6430256868637277    0.0738158009781281     25    
56216.73193779597    0.6337953351677175    0.07432290641490817    25    
56217.23193779597    0.6254181602201133    0.075316212607367      25    
56217.73193779597    0.6177726957343413    0.07516513183689241    25    
56218.23193779597    0.610916974000902     0.07378037266032253    25    
56218.73193779597    0.6046707046846269    0.0719157487855236     25    
56219.23193779597    0.5989343038348952    0.06986084571257643    25    
56219.73193779597    0.5937275435147528    0.06751917777135681    25    
56220.23193779597    0.5888266899952829    0.06556333901707456    25    
56220.73193779597    0.5842808584163116    0.06408130109451354    25    
56221.23193779597    0.579949039936549     0.06295543690918633    25    
56221.73193779597    0.5756995997203331    0.06196572837395547    25    
56222.23193779597    0.5715758203076785    0.06124360104491901    25    
56222.73193779597    0.5673527177578436    0.06202745617297772    25    
56223.23193779597    0.5630583971573397    0.06473180187708895    25    
56223.73193779597    0.5585826503380871    0.06832837745301935    25    
56224.23193779597    0.5537657208165581    0.07098672549498074    25    
56224.73193779597    0.548666543135392     0.0729161135340409     25    
56225.23193779597    0.5430667416163635    0.08079659717672227    25    