53495.22835153455    449.0842278815098     175.72874714199804    25    
53495.72835153455    560.4521848963633     165.77902923770023    25    
53496.22835153455    686.4116548780029     178.44273082864433    25    
53496.72835153455    827.6186006868204     252.58970104987884    25    
53497.22835153455    984.6553308673008     310.94258221769974    25    
53497.72835153455    1158.213950716003     319.0561366005032     25    
53498.22835153455    1348.8411741186685    313.239381576856      25    
53498.72835153455    1557.264153253174     313.7073639399468     25    
53499.22835153455    1783.9951029013691    313.9615553444742     25    
53499.72835153455    2029.7951265675981    313.88126141856605    25    
53500.22835153455    2295.1430354846634    313.4978527677831     25    
53500.72835153455    2580.8327889285406    312.751226949436      25    
53501.22835153455    2887.3108901378228    311.79510842348367    25    
53501.72835153455    3216.0619569120886    311.0591669808315     25    
53502.22835153455    3565.7950347007177    309.929857869068      25    
53502.72835153455    3939.792447091742     306.746468557696      25    
53503.22835153455    4326.440335888196     303.74945192430135    25    
53503.72835153455    4712.507056432948     304.85408184597696    25    
53504.22835153455    5087.563754118151     307.65558026948923    25    
53504.72835153455    5429.311591995787     309.7194318473319     25    
53505.22835153455    5732.291083427908     311.3256652364482     25    
53505.72835153455    5970.704630743103     311.35114275016247    25    
53506.22835153455    6155.013263136307     310.86861985212784    25    
53506.72835153455    6288.641311673657     311.7062088598478     25    
53507.22835153455    6380.7640307080965    313.260047704987      25    
53507.72835153455    6450.873584193163     315.72007584921346    25    
53508.22835153455    6502.784769594689     318.06883370451413    25    
53508.72835153455    6558.030387511343     321.0614975873699     25    
53509.22835153455    6612.0398314296135    318.59215909131       25    
53509.72835153455    6667.8839713472225    285.46052457312527    25    
53510.22835153455    6721.5680241300315    234.22712433171233    25    
53510.72835153455    6765.190795182154     221.22287106921047    25    
53511.22835153455    6797.563605539351     231.03837046675213    25    
53511.72835153455    6810.359337301027     231.76054019757214    25    
53512.22835153455    6804.100304120746     230.29147826796572    25    
53512.72835153455    6774.8881139578       228.17342730690234    25    
53513.22835153455    6723.18483887887      225.86222756563507    25    
53513.72835153455    6647.8940150507615    226.2738700652605     25    
53514.22835153455    6549.044215900512     228.0097557681501     25    
53514.72835153455    6425.056875018949     228.02128631333227    25    
53515.22835153455    6277.456616959598     226.25564384042542    25    
53515.72835153455    6110.256423483449     218.6771134323521     25    
53516.22835153455    5924.797916771217     207.6159220450553     25    
53516.72835153455    5729.176258721089     204.52654032192754    25    
53517.22835153455    5523.92664779847      206.55745143816833    25    
53517.72835153455    5317.249469551119     205.97757118102345    25    
53518.22835153455    5109.380922336817     204.0017775869454     25    
53518.72835153455    4907.648091768932     201.2098257356052     25    
53519.22835153455    4712.228390603727     197.96251253794563    25    
53519.72835153455    4529.811072381287     197.4871392552271     25    
53520.22835153455    4360.550940666311     198.94216198541682    25    
53520.72835153455    4211.663041732242     199.44973865140113    25    
53521.22835153455    4082.281196999145     198.77724139682155    25    
53521.72835153455    3972.8868237428687    191.01318598713274    25    
53522.22835153455    3882.7257321228444    177.4160122141151     25    
53522.72835153455    3806.268384308126     173.27108348916315    25    
53523.22835153455    3743.450685879505     176.99560573753308    25    
53523.72835153455    3688.711485159507     178.4182500538895     25    
53524.22835153455    3642.211061374867     178.33723736975847    25    
53524.72835153455    3600.337213932736     176.92850182456527    25    
53525.22835153455    3563.2328895640676    174.39647392033032    25    
53525.72835153455    3529.1995138025227    174.5747037717572     25    
53526.22835153455    3498.2499374226973    177.09329928851412    25    
53526.72835153455    3468.6076722483613    178.44878677291592    25    
53527.22835153455    3440.3055146021547    178.80286290022582    25    
53527.72835153455    3412.0420026881684    178.06131683470667    25    
53528.22835153455    3383.842392723484     176.27678099248106    25    
53528.72835153455    3354.9321095897853    176.55578143105458    25    
53529.22835153455    3325.3198983711686    178.81659465073574    25    
53529.72835153455    3294.2246256626445    180.0255388532213     25    
53530.22835153455    3261.6556945294715    180.21646135942538    25    
53530.72835153455    3226.6902203719765    178.78106340092876    25    
53531.22835153455    3189.3412274006005    175.5879838851526     25    
53531.72835153455    3148.515613733471     175.38658138880433    25    
53532.22835153455    3104.222828226408     178.4248812246        25    
53532.72835153455    3055.333086499517     180.4991662568855     25    
53533.22835153455    3001.809419261947     181.5466427841938     25    
53533.72835153455    2943.435435599483     180.22567232012457    25    
53534.22835153455    2880.1363833971577    175.93499814875355    25    
53534.72835153455    2812.9215433525073    177.6536687454004     25    
53535.22835153455    2741.7845327378773    186.45616874703998    25    
53535.72835153455    2667.696995819757     191.3729227448491     25    
53536.22835153455    2590.6659155021753    191.75312452258294    25    
53536.72835153455    2511.621362373289     190.0126917332647     25    
53537.22835153455    2430.5772321795694    185.80272500887375    25    
53537.72835153455    2348.4164147060674    183.91197493796432    25    
53538.22835153455    2265.15376988663      185.25133630196038    25    
53538.72835153455    2181.6486245161295    187.0020807604938     25    
53539.22835153455    2097.860026862544     189.22683345095416    25    
53539.72835153455    2015.1400560955774    189.41033197689583    25    
53540.22835153455    1933.4185773269683    188.8200729522982     25    
53540.72835153455    1854.868092462894     171.67555368504713    25    
53541.22835153455    1779.5683666919763    120.64256063731854    25    
53541.72835153455    1709.689473605284     73.95191578884628     25    
53542.22835153455    1645.5693069700328    76.8664256402941      25    
53542.72835153455    1587.9477771171325    82.10092773307925     25    
53543.22835153455    1537.327842469072     79.75525019357117     25    
53543.72835153455    1491.8504134406023    77.94107254119612     25    
53544.22835153455    1451.4489034006415    77.125751755301       25    
53544.72835153455    1414.35402794591      77.2153152329119      25    
53545.22835153455    1380.3008467106763    78.62516504931321     25    
53545.72835153455    1348.1272741756125    79.06774754096826     25    
53546.22835153455    1317.469884830907     77.64391772353366     25    
53546.72835153455    1288.2973721853484    76.2566056149007      25    
53547.22835153455    1260.5513684536963    75.71491417350796     25    
53547.72835153455    1234.1666303189763    74.08633374223669     25    
53548.22835153455    1209.133006046388     69.98973553190416     25    
53548.72835153455    1185.3468587939933    67.21116989418215     25    
53549.22835153455    1162.799081583929     67.92059793945057     25    
53549.72835153455    1141.3533286730567    68.42413500443556     25    
53550.22835153455    1120.9857242965716    67.42396050874316     25    
53550.72835153455    1101.5638413884976    66.11127767229766     25    
53551.22835153455    1083.0588740879261    64.62077788141269     25    
53551.72835153455    1065.3423098973085    63.37590189403055     25    
53552.22835153455    1048.3823648436278    62.65197228746109     25    
53552.72835153455    1032.0535737679063    62.308336355306324    25    
53553.22835153455    1016.3210361320894    62.20766130457926     25    
53553.72835153455    1001.0624725687004    62.860039997026725    25    
53554.22835153455    986.2397275217236     64.81335944460568     25    
53554.72835153455    971.7338458681061     66.61056325182736     25    
53555.22835153455    957.5032785809448     66.73359078680464     25    
53555.72835153455    943.4325332345365     68.68404385438856     25    