54391.491824670506    2.946576487032119     0.5475727982162081     25    
54391.991824670506    3.456962005905184     0.5426909684711247     25    
54392.491824670506    4.008931953161465     0.54338684419592       25    
54392.991824670506    4.602965687976064     0.5808348532113771     25    
54393.491824670506    5.238913831417183     0.6512659730253266     25    
54393.991824670506    5.917267277273026     0.70189038864749       25    
54394.491824670506    6.638107379550991     0.7126016754461804     25    
54394.991824670506    7.401561905298363     0.7079379460684404     25    
54395.491824670506    8.208097855314564     0.7082527977385337     25    
54395.991824670506    9.057566949017936     0.7100888004084526     25    
54396.491824670506    9.9504705164596       0.7115833284115896     25    
54396.991824670506    10.886867940770982    0.712683593782604      25    
54397.491824670506    11.866909783637926    0.7134721566024963     25    
54397.991824670506    12.891050138309165    0.7139711680268449     25    
54398.491824670506    13.959142920903284    0.7141588755394565     25    
54398.991824670506    15.07171336133157     0.7144289354536774     25    
54399.491824670506    16.230765025461757    0.7134672844542079     25    
54399.991824670506    17.432707121328747    0.7140264238963886     25    
54400.491824670506    18.678062291921474    0.7216645842190811     25    
54400.991824670506    19.971233792880373    0.7357108687830703     25    
54401.491824670506    21.260675898319256    0.747673808696511      25    
54401.991824670506    22.550259260985506    0.7544159131840176     25    
54402.491824670506    23.810541187693637    0.7592902893022743     25    
54402.991824670506    24.985716747109507    0.7644899961166169     25    
54403.491824670506    26.093118936640746    0.7695346809527474     25    
54403.991824670506    27.074745957718488    0.7731971788828033     25    
54404.491824670506    27.908019250806262    0.7743857554311907     25    
54404.991824670506    28.616199976943115    0.7748825384801585     25    
54405.491824670506    29.2054088317304      0.7769172919719143     25    
54405.991824670506    29.671589001291196    0.7798862868070513     25    
54406.491824670506    30.065164041259546    0.7834131935129511     25    
54406.991824670506    30.38589633706606     0.7883671599505593     25    
54407.491824670506    30.65233994547943     0.7927122135928543     25    
54407.991824670506    30.90355759802216     0.7977633723461954     25    
54408.491824670506    31.128655838436583    0.8039706518981945     25    
54408.991824670506    31.328538150330346    0.7819235944128311     25    
54409.491824670506    31.509800954139106    0.7009657808887105     25    
54409.991824670506    31.658290273721637    0.6029114181552324     25    
54410.491824670506    31.759886163321088    0.5659394089263007     25    
54410.991824670506    31.818957136372845    0.5785877242888015     25    
54411.491824670506    31.81766034219099     0.5892151501120758     25    
54411.991824670506    31.75064041434785     0.5883013217328582     25    
54412.491824670506    31.62558888376754     0.5861593439879187     25    
54412.991824670506    31.443997635240656    0.5834537354987588     25    
54413.491824670506    31.205609819579742    0.5799935674812959     25    
54413.991824670506    30.93046146342283     0.578361927294884      25    
54414.491824670506    30.61650538254821     0.5800924541483251     25    
54414.991824670506    30.273720103554368    0.5819824204521206     25    
54415.491824670506    29.916174183882887    0.5789672259504063     25    
54415.991824670506    29.53933320338555     0.5731102780259193     25    
54416.491824670506    29.149611682077293    0.5779730888625016     25    
54416.991824670506    28.74842509720608     0.6003824291552449     25    
54417.491824670506    28.333357666110956    0.6230147012986123     25    
54417.991824670506    27.90347644648221     0.6311537691066209     25    
54418.491824670506    27.459036459191715    0.6310346555770916     25    
54418.991824670506    26.9984974001644      0.6295799837474713     25    
54419.491824670506    26.52123457238132     0.6272626347478176     25    
54419.991824670506    26.028774524587188    0.6236586647242335     25    
54420.491824670506    25.521601513670525    0.6188378413030237     25    
54420.991824670506    24.99982915597207     0.6129790216255662     25    
54421.491824670506    24.467413073392535    0.6094813994959841     25    
54421.991824670506    23.92361412722086     0.6095695556786561     25    
54422.491824670506    23.370996634633606    0.6100666736415933     25    
54422.991824670506    22.81161776639452     0.6117659786872819     25    
54423.491824670506    22.24510115317271     0.6127706793692336     25    
54423.991824670506    21.675925995288694    0.5946218226148864     25    
54424.491824670506    21.103073055759793    0.5438392872511704     25    
54424.991824670506    20.52991112748349     0.4914361325020261     25    
54425.491824670506    19.958944284448453    0.4762489945083752     25    
54425.991824670506    19.389714696043754    0.4835184364366622     25    
54426.491824670506    18.827116105522386    0.48677145844822023    25    
54426.991824670506    18.2704431521395      0.4852213306495389     25    
54427.491824670506    17.721910230192417    0.48255584745619806    25    
54427.991824670506    17.18343758382171     0.4778833658097193     25    
54428.491824670506    16.654493281239933    0.47207476529405246    25    
54428.991824670506    16.13719001710406     0.4692826897209083     25    
54429.491824670506    15.631056350582083    0.4704161295541987     25    
54429.991824670506    15.137561015007106    0.471954793829301      25    
54430.491824670506    14.65794847854282     0.47181887332041134    25    
54430.991824670506    14.191722103647788    0.47084861400807165    25    
54431.491824670506    13.739394298475869    0.4689460066987597     25    
54431.991824670506    13.301243457757234    0.4684538102478941     25    
54432.491824670506    12.876096541185886    0.4602486398261441     25    
54432.991824670506    12.463474036293166    0.4306497355152008     25    
54433.491824670506    12.063358955821766    0.38777031550631147    25    
54433.991824670506    11.674446441828495    0.363082268166055      25    
54434.491824670506    11.296896105891436    0.3631467687400439     25    
54434.991824670506    10.930414379328976    0.36732682291295127    25    
54435.491824670506    10.574591007417379    0.36327018696285596    25    
54435.991824670506    10.229724202396572    0.3580012376422811     25    
54436.491824670506    9.896230933358126     0.3563259233187509     25    
54436.991824670506    9.573989947069345     0.3587089134851321     25    
54437.491824670506    9.263386262767348     0.3613676660431212     25    
54437.991824670506    8.964777278211585     0.36282855899680094    25    
54438.491824670506    8.677893137857557     0.363415994766194      25    
54438.991824670506    8.402483436428048     0.36146189643358884    25    
54439.491824670506    8.138843055598239     0.35775215036172525    25    
54439.991824670506    7.885642694396384     0.3489476757341095     25    
54440.491824670506    7.642498751369754     0.3282835143650947     25    
54440.991824670506    7.409228313440311     0.30182347421930533    25    
54441.491824670506    7.184385976508444     0.28840327240542146    25    
54441.991824670506    6.968270671457804     0.28995747654865334    25    
54442.491824670506    6.76023931068582      0.29252849964466204    25    
54442.991824670506    6.55982362564103      0.2887381307564495     25    
54443.491824670506    6.367339467430535     0.28374176036230886    25    
54443.991824670506    6.182939791783092     0.2813832182660295     25    
54444.491824670506    6.006565119950474     0.28143523554657845    25    
54444.991824670506    5.838444064857379     0.2822692318769759     25    
54445.491824670506    5.678784048531927     0.283956346675055      25    
54445.991824670506    5.5273647229508205    0.28568902799793305    25    
54446.491824670506    5.383997779613152     0.2861599572281678     25    
54446.991824670506    5.248892599575601     0.28714236155136047    25    
54447.491824670506    5.12081423066116      0.27775200172358117    25    
54447.991824670506    4.99959722377649      0.24233336940065814    25    
54448.491824670506    4.884898108151261     0.1918249155915404     25    
54448.991824670506    4.77551187600108      0.16528841615510698    25    
54449.491824670506    4.671773299449674     0.16922373777061922    25    
54449.991824670506    4.572769001470524     0.17526636767713133    25    
54450.491824670506    4.478198882969024     0.17260348349289611    25    
54450.991824670506    4.3881266886613375    0.16920937499101574    25    
54451.491824670506    4.302228912336933     0.16771150277735125    25    
54451.991824670506    4.220601063167382     0.1676945111799026     25    
54452.491824670506    4.142959975089872     0.16851962850726304    25    
54452.991824670506    4.069326591887816     0.17077541365715906    25    
54453.491824670506    3.999521349076905     0.17308528351027758    25    
54453.991824670506    3.9332156443348834    0.1729240133893263     25    
54454.491824670506    3.8705470764175383    0.17068715767023326    25    
54454.991824670506    3.8107737098518712    0.16824885670977313    25    
54455.491824670506    3.753880934938016     0.1674821331747959     25    
54455.991824670506    3.6995754304189457    0.16539232869196194    25    
54456.491824670506    3.64720576145288      0.15647744470772765    25    
54456.991824670506    3.596965474671819     0.14008621027731896    25    
54457.491824670506    3.5483080022318987    0.12739870110351947    25    
54457.991824670506    3.50107426689671      0.1260495722541614     25    
54458.491824670506    3.45536763108535      0.12876467787466067    25    
54458.991824670506    3.4111390327764988    0.12847638369335182    25    
54459.491824670506    3.368399707067474     0.1269610727074125     25    
54459.991824670506    3.3271797846562348    0.1252606083783018     25    
54460.491824670506    3.287478416284257     0.12336960608671625    25    
54460.991824670506    3.2493070917447997    0.12150844587216972    25    
54461.491824670506    3.2126851259787568    0.12018585484719908    25    
54461.991824670506    3.1776063727176456    0.11927922576395153    25    
54462.491824670506    3.144096957539272     0.11871803324772638    25    
54462.991824670506    3.11215522930179      0.11784969509438535    25    
54463.491824670506    3.081793653247286     0.11816857269169573    25    
54463.991824670506    3.053030782885537     0.12210217287971616    25    
54464.491824670506    3.0258608457959606    0.12868007187101255    25    
54464.991824670506    3.0003101548571838    0.1335368911466709     25    
54465.491824670506    2.976376310477822     0.13446917852820334    25    
54465.991824670506    2.954072726631887     0.13627920663429136    25    
54466.491824670506    2.933417168681166     0.14196340053721532    25    