57319.42227714762    5.647750789231656     1.7757516169222294     25    
57319.92227714762    6.837572466608535     1.6063927968581022     25    
57320.42227714762    8.161052251551618     1.6649991714991854     25    
57320.92227714762    9.627418409683148     2.616675552771219      25    
57321.42227714762    11.23584466751157     3.6477603628855975     25    
57321.92227714762    12.998472846918592    4.056592776476467      25    
57322.42227714762    14.913254088791271    4.0309302797070705     25    
57322.92227714762    16.991861829994672    3.978210672778443      25    
57323.42227714762    19.23440656707047     3.9850931821752433     25    
57323.92227714762    21.64877627999776     3.989786809095754      25    
57324.42227714762    24.240428154029       3.9917369648432546     25    
57324.92227714762    27.01152638013002     3.9912754536748207     25    
57325.42227714762    29.972444901346524    3.988226662729579      25    
57325.92227714762    33.12168015178018     3.9828185408337466     25    
57326.42227714762    36.47318448612037     3.9812382673551836     25    
57326.92227714762    40.02994460682114     3.9964829366627717     25    
57327.42227714762    43.7766612891893      3.9530766639449015     25    
57327.92227714762    47.763557610844344    3.7738114100051745     25    
57328.42227714762    51.8462746715605      3.58789376556754       25    
57328.92227714762    55.92874353586481     3.5542751773163395     25    
57329.42227714762    59.971568148961374    3.598082725975565      25    
57329.92227714762    63.71920850664123     3.622008927861151      25    
57330.42227714762    67.21440122562426     3.6403542329954943     25    
57330.92227714762    70.21013509593796     3.6519929314810353     25    
57331.42227714762    72.66808538822987     3.653776064954738      25    
57331.92227714762    74.66584507168012     3.6560005348163607     25    
57332.42227714762    76.17622547613561     3.663478913168017      25    
57332.92227714762    77.300374456364       3.673575635011693      25    
57333.42227714762    78.16020604337022     3.688649020319999      25    
57333.92227714762    78.74791594761861     3.7054886810465058     25    
57334.42227714762    79.23001037570653     3.7286387334200066     25    
57334.92227714762    79.59115886606745     3.7739533904334532     25    
57335.42227714762    79.82941657517281     3.61972012660757       25    
57335.92227714762    79.96473258662114     3.0594771190103174     25    
57336.42227714762    79.93386726066785     2.4597638427557773     25    
57336.92227714762    79.70980840016344     2.346961248234249      25    
57337.42227714762    79.27941442979487     2.4558009799493457     25    
57337.92227714762    78.57964604695466     2.4651428977763        25    
57338.42227714762    77.62931115742155     2.454882319549779      25    
57338.92227714762    76.46032896493108     2.44153463905656       25    
57339.42227714762    75.05948488935864     2.423408694859791      25    
57339.92227714762    73.5152710055266      2.4121387654147335     25    
57340.42227714762    71.83256838245498     2.415994139626174      25    
57340.92227714762    70.06127734256567     2.4198660579051903     25    
57341.42227714762    68.25525036073769     2.4317439372130787     25    
57341.92227714762    66.40432977944684     2.421349800158815      25    
57342.42227714762    64.5423156784802      2.272923994175594      25    
57342.92227714762    62.66281230449139     1.9865273815983941     25    
57343.42227714762    60.76309178651668     1.8075690534247253     25    
57343.92227714762    58.843224719968674    1.8131795959367256     25    
57344.42227714762    56.90264979523138     1.8394813304241693     25    
57344.92227714762    54.937909503000476    1.8278667308947674     25    
57345.42227714762    52.95712444200013     1.810662265494863      25    
57345.92227714762    50.96538991027605     1.7851996620656858     25    
57346.42227714762    48.96575269000037     1.755745877514458      25    
57346.92227714762    46.97727095049396     1.7408057024230337     25    
57347.42227714762    44.996635849911684    1.739071431936619      25    
57347.92227714762    43.04405380617023     1.7374485112247748     25    
57348.42227714762    41.11852757850221     1.754575277435619      25    
57348.92227714762    39.23317503355849     1.7107252556187142     25    
57349.42227714762    37.393467762328484    1.4908595782418348     25    
57349.92227714762    35.60398085509315     1.195034491694192      25    
57350.42227714762    33.87594762389834     1.0862781810933024     25    
57350.92227714762    32.20843634009959     1.1185713716431125     25    
57351.42227714762    30.616830350712203    1.1271458209509877     25    
57351.92227714762    29.099947553458588    1.12234813138759       25    
57352.42227714762    27.658986140081424    1.1129161293402206     25    
57352.92227714762    26.297046516603572    1.0936185934848295     25    
57353.42227714762    25.005644345115304    1.0771519953371953     25    
57353.92227714762    23.780980811380207    1.0757416122990617     25    
57354.42227714762    22.621006291480068    1.0803768830071734     25    
57354.92227714762    21.51719239069089     1.081457594846727      25    
57355.42227714762    20.471009370868334    1.080668019124785      25    
57355.92227714762    19.476369072354554    1.0757723386618705     25    
57356.42227714762    18.533536436610245    1.075800964128213      25    
57356.92227714762    17.64110140165964     1.021465224182724      25    
57357.42227714762    16.798850725474917    0.8310162940014425     25    
57357.92227714762    16.00574324503689     0.5881531577883753     25    
57358.42227714762    15.261050007989365    0.5135181785834471     25    
57358.92227714762    14.5640448932466      0.5524028652802341     25    
57359.42227714762    13.911832304582838    0.5523058289593389     25    
57359.92227714762    13.304899401130658    0.5383433496828017     25    
57360.42227714762    12.737907787023822    0.532406381774508      25    
57360.92227714762    12.211481257396276    0.537913908375301      25    
57361.42227714762    11.721172918441145    0.5438548203304123     25    
57361.92227714762    11.266183654061088    0.5470056703510887     25    
57362.42227714762    10.843663601887206    0.5468786792836171     25    
57362.92227714762    10.449723579494654    0.5375678168420874     25    
57363.42227714762    10.084082522091679    0.5229575984658758     25    
57363.92227714762    9.739607017069805     0.5166016777617628     25    
57364.42227714762    9.417547969353944     0.5177887558042394     25    
57364.92227714762    9.110491851698937     0.5202338559178323     25    
57365.42227714762    8.818089439561232     0.5251836300928239     25    
57365.92227714762    8.537634475822653     0.5253839866162785     25    
57366.42227714762    8.26647502916519      0.5120095113916826     25    
57366.92227714762    8.005859729899031     0.4942438810550744     25    
57367.42227714762    7.755799017021437     0.48526280096999447    25    
57367.92227714762    7.516345993294626     0.481786094545134      25    
57368.42227714762    7.287966603879823     0.4816386493990474     25    
57368.92227714762    7.07057349443757      0.48584224278731214    25    
57369.42227714762    6.864690505371099     0.4870694007162077     25    
57369.92227714762    6.6702915806792635    0.4880217334956866     25    
57370.42227714762    6.487835906297439     0.47549581821375886    25    
57370.92227714762    6.317646094551002     0.4217927054299081     25    
57371.42227714762    6.159829129756756     0.34456572789757056    25    
57371.92227714762    6.015214137491637     0.31495621374266325    25    
57372.42227714762    5.883593500610856     0.3287867272310618     25    
57372.92227714762    5.764065610980883     0.3331934920608584     25    
57373.42227714762    5.6573589854210855    0.324987470781541      25    
57373.92227714762    5.559402923362935     0.31804537123397525    25    
57374.42227714762    5.4697755293036385    0.3162197384229688     25    
57374.92227714762    5.386148446822896     0.3168361783703127     25    
57375.42227714762    5.305514064690823     0.32024401700188787    25    
57375.92227714762    5.228204105608192     0.324715944820285      25    
57376.42227714762    5.151221871208487     0.32329555288834355    25    
57376.92227714762    5.074966751262565     0.3167091048550112     25    
57377.42227714762    5.0004459936743295    0.31209457214655933    25    
57377.92227714762    4.927481424535845     0.3096095526394811     25    
57378.42227714762    4.8571213038630106    0.31164990005956184    25    
57378.92227714762    4.78978785345297      0.3225280511857106     25    
57379.42227714762    4.725662914127456     0.33499053358730363    25    
57379.92227714762    4.665497137177887     0.3409644341525533     25    
57380.42227714762    4.6090287450509795    0.3431964432400996     25    
57380.92227714762    4.556006438937205     0.34228134394196763    25    
57381.42227714762    4.506485636446239     0.3379305093508048     25    
57381.92227714762    4.46006418378958      0.3326601991929466     25    
57382.42227714762    4.416752967720563     0.32652961226907545    25    
57382.92227714762    4.376275486332513     0.3207088744236926     25    
57383.42227714762    4.338477683453308     0.31649048026431165    25    
57383.92227714762    4.303266995668512     0.31335137670812324    25    
57384.42227714762    4.270321156952639     0.31210789134973965    25    
57384.92227714762    4.239680429418511     0.31211438177827494    25    
57385.42227714762    4.210944761526706     0.3064243360512396     25    
57385.92227714762    4.1841771608906875    0.29261571395104047    25    
57386.42227714762    4.159009870483663     0.2854257169694842     25    
57386.92227714762    4.135418563393184     0.2871673026974752     25    
57387.42227714762    4.113172724353498     0.3029385020860461     25    
57387.92227714762    4.092066010234163     0.3298888989276404     25    