#Date  :
#Flux  :
#Fluxerr  :
#ZP  :
#end  :
@INSTRUMENT  PS
@BAND  PS_r
@MAGSYS  AB
55074.6015625  -21.416000366210938  16.573999404907227  27.523
55083.5  -15.927000045776367  17.541000366210938  27.523
55086.5  -24.868000030517578  13.303999900817871  27.523
55089.5  -2.447000026702881  8.743000030517578  27.523
55092.3984375  -16.288000106811523  11.779999732971191  27.523
55095.3984375  -4.206999778747559  15.503000259399414  27.523
55098.5  27.951000213623047  25.783000946044922  27.523
55101.5  -15.065999984741211  12.939000129699707  27.523
55173.30078125  7.3520002365112305  8.984999656677246  27.523
55176.30078125  -0.40799999237060547  8.319999694824219  27.523
55179.30078125  1.5399999618530273  5.820000171661377  27.523
55389.5  -4.434000015258789  5.409999847412109  27.523
55398.6015625  -10.60200023651123  13.013999938964844  27.523
55410.6015625  -2.5199999809265137  13.880000114440918  27.523
55416.6015625  4.980000019073486  5.692999839782715  27.523
55422.6015625  -6.510000228881836  7.551000118255615  27.523
55425.6015625  3.1050000190734863  8.168000221252441  27.523
55440.5  8.463000297546387  7.925000190734863  27.523
55443.5  3.743000030517578  6.585999965667725  27.523
55446.6015625  -0.6549999713897705  7.498000144958496  27.523
55449.5  4.7129998207092285  14.463000297546387  27.523
55452.3984375  -0.12099999934434891  6.427000045776367  27.523
55467.3984375  -28.219999313354492  16.117000579833984  27.523
55476.5  9.657999992370605  8.244999885559082  27.523
55479.30078125  19.458999633789062  8.42300033569336  27.523
55482.30078125  -12.670999526977539  13.076000213623047  27.523
55485.30078125  -3.760999917984009  12.77400016784668  27.523
55500.30078125  22.523000717163086  5.551000118255615  27.523
55524.3984375  186.48699951171875  34.62699890136719  27.523
55530.30078125  143.25100708007812  25.0049991607666  27.523
55536.30078125  111.01200103759766  12.838000297546387  27.523
55767.6015625  -19.94099998474121  8.840999603271484  27.523
55770.6015625  8.609000205993652  9.472000122070312  27.523
55773.6015625  1.1790000200271606  8.970000267028809  27.523
55776.6015625  1.1979999542236328  4.985000133514404  27.523
55779.6015625  -1.0729999542236328  5.2870001792907715  27.523
55782.6015625  -3.4579999446868896  10.442000389099121  27.523
55797.6015625  1.0180000066757202  6.135000228881836  27.523
55800.5  -8.270000457763672  12.753000259399414  27.523
55803.6015625  -7.880000114440918  8.984999656677246  27.523
55806.6015625  -32.87900161743164  9.571000099182129  27.523
55809.6015625  0.7509999871253967  7.460999965667725  27.523
55812.5  11.079999923706055  6.59499979019165  27.523
55821.3984375  0.6029999852180481  12.121999740600586  27.523
55824.5  -7.2230000495910645  5.849999904632568  27.523
55828.3984375  5.138000011444092  5.7210001945495605  27.523
55829.3984375  -3.867000102996826  9.472999572753906  27.523
55833.3984375  -3.816999912261963  53.611000061035156  27.523
55836.3984375  -7.013999938964844  8.114999771118164  27.523
55839.5  -39.012001037597656  20.15999984741211  27.523
55852.5  -4.35099983215332  15.149999618530273  27.523
55855.3984375  31.700000762939453  25.55699920654297  27.523
55858.3984375  -0.29600000381469727  8.258000373840332  27.523
55859.3984375  10.458000183105469  4.548999786376953  27.523
55863.30078125  12.439000129699707  9.675999641418457  27.523
55881.30078125  1.1339999437332153  6.507999897003174  27.523
55887.30078125  -3.3410000801086426  11.151000022888184  27.523
55888.19921875  16.302000045776367  8.543999671936035  27.523
55895.19921875  -9.597000122070312  11.098999977111816  27.523
56147.6015625  10.017000198364258  8.996999740600586  27.523
56153.6015625  2.0169999599456787  12.310999870300293  27.523
56161.6015625  -13.015999794006348  5.763000011444092  27.523
56164.3984375  1.1410000324249268  11.70199966430664  27.523
56176.6015625  0.7739999890327454  11.027000427246094  27.523
56206.3984375  -16.836999893188477  10.838000297546387  27.523
56209.5  0.6890000104904175  4.788000106811523  27.523
56213.30078125  -17.665000915527344  19.851999282836914  27.523
56217.30078125  0.6290000081062317  7.184999942779541  27.523
56220.30078125  2.1070001125335693  12.90999984741211  27.523
56235.30078125  0.7390000224113464  5.9070000648498535  27.523
56238.30078125  4.241000175476074  10.762999534606934  27.523
56241.19921875  -7.164000034332275  13.984999656677246  27.523
56242.30078125  12.364999771118164  14.961999893188477  27.523
56246.30078125  9.560999870300293  23.014999389648438  27.523
56507.6015625  0.32600000500679016  6.205999851226807  27.523
56508.6015625  6.9120001792907715  7.23799991607666  27.523
56512.6015625  2.115999937057495  7.165999889373779  27.523
56518.6015625  0.29899999499320984  5.310999870300293  27.523
56531.6015625  2.7890000343322754  8.333999633789062  27.523
56534.6015625  -4.941999912261963  9.104000091552734  27.523
56537.6015625  -0.125  7.564000129699707  27.523
56538.6015625  -0.6700000166893005  6.749000072479248  27.523
56574.3984375  -22.88599967956543  64.28500366210938  27.523
56590.3984375  1.1990000009536743  10.072999954223633  27.523
56593.30078125  0.296999990940094  8.14900016784668  27.523
56597.30078125  0.11500000208616257  12.279000282287598  27.523
56601.3984375  6.980999946594238  14.157999992370605  27.523
56626.30078125  -24.395999908447266  23.25200080871582  27.523
