@INSTRUMENT MEGACAMPSF
@BAND i
@MAGSYS AB
@WEIGHTMAT weightmat_SNLS_i.dat
@X_FOCAL_PLANE 6.575445
@Y_FOCAL_PLANE -10.773675
#Date : MJD
#Flux : 
#Fluxerr : errors (but look at the weight matrix)
#ZP : 
#end
53080.59  0.42548421  0.586880745924  26.362198000000003
53083.53  1.7372353  0.641837648974  26.362198000000003
53094.54  4.5236581  0.507727660864  26.362198000000003
53109.49  21.736318  0.637647398165  26.362198000000003
53112.53  22.162312  0.911295135665  26.362198000000003
53116.5  20.581641  0.696508226191  26.362198000000003
53117.44  20.862703  0.924188682241  26.362198000000003
53121.49  18.860149  0.864855957036  26.362198000000003
53123.41  18.652512  0.768710428485  26.362198000000003
53134.28  11.429478  0.837085240088  26.362198000000003
53138.41  7.5256822  0.759393737999  26.362198000000003
53146.43  5.6762438  0.810295259623  26.362198000000003
53151.38  4.5093068  0.941788562079  26.362198000000003
53165.33  1.7260132  0.71564301764  26.362198000000003
53169.35  2.7973504  0.628068008206  26.362198000000003
53175.33  3.002202  0.649560571516  26.362198000000003
53178.31  2.2846108  0.60053923066  26.362198000000003
53193.34  1.4517058  0.542012384614  26.362198000000003
53198.26  -6.6284876  6.06129251016  26.362198000000003
53202.29  1.8696308  0.54485411983  26.362198000000003
53226.27  1.3331646  0.899415831481  26.362198000000003
53227.26  0.34561619  0.770734187288  26.362198000000003
53386.61  0.20756973  0.474325285435  26.362198000000003
53390.6  0.43000006  0.815218705134  26.362198000000003
53409.63  0.52537293  0.460225736836  26.362198000000003
53415.55  1.2398288  0.786292207469  26.362198000000003
53419.6  1.1633477  0.574180973981  26.362198000000003
