51477.9513099734    1.4104248685769067    0.6759810012672363     25    
51478.4513099734    1.6074118734186014    0.6518509173767385     25    
51478.9513099734    1.8165557448182446    0.6316625980385262     25    
51479.4513099734    2.0373863748716876    0.7806396326749876     25    
51479.9513099734    2.269937252804975     1.1318211266763045     25    
51480.4513099734    2.514159461108478     1.4673762846746938     25    
51480.9513099734    2.7695858364999033    1.6606403387441362     25    
51481.4513099734    3.0362866546403535    1.7072234188161914     25    
51481.9513099734    3.314173266963298     1.6920594524357042     25    
51482.4513099734    3.602783417889498     1.6821547665956207     25    
51482.9513099734    3.9022202433526876    1.6878060056241129     25    
51483.4513099734    4.212357326810656     1.6910709685042076     25    
51483.9513099734    4.532739283468428     1.6912909788880583     25    
51484.4513099734    4.863498183369927     1.6882151133557055     25    
51484.9513099734    5.204471805078491     1.6823100205927541     25    
51485.4513099734    5.555213597664632     1.674016980491112      25    
51485.9513099734    5.915880639120028     1.6623333672894571     25    
51486.4513099734    6.286276866194757     1.6488137607557845     25    
51486.9513099734    6.666030570791064     1.6381439291912976     25    
51487.4513099734    7.055985515299735     1.651711943589016      25    
51487.9513099734    7.454635322103972     1.6480068777356296     25    
51488.4513099734    7.860448337202224     1.5617984398221332     25    
51488.9513099734    8.278743198698265     1.3278161359265759     25    
51489.4513099734    8.69898393337865      1.020405138622886      25    
51489.9513099734    9.108337446466214     0.8350607396112135     25    
51490.4513099734    9.515222990189        0.8701806443402529     25    
51490.9513099734    9.906377105322587     0.9807181254694521     25    
51491.4513099734    10.264532311716104    1.0417510210153627     25    
51491.9513099734    10.598251891855622    1.0828397367778406     25    
51492.4513099734    10.896442311553253    1.1174822397572226     25    
51492.9513099734    11.143184046521677    1.1396275136637979     25    
51493.4513099734    11.340204056177345    1.143942636715778      25    
51493.9513099734    11.495369967076167    1.1530640598027195     25    
51494.4513099734    11.612730750845595    1.190546266840395      25    
51494.9513099734    11.686251425222027    1.2520066967287913     25    
51495.4513099734    11.731140524750439    1.3179525430478014     25    
51495.9513099734    11.76053394942681     1.38027970077052       25    
51496.4513099734    11.765997049003438    1.4516921996988508     25    
51496.9513099734    11.761054424164314    1.4970651152186754     25    
51497.4513099734    11.758706450247898    1.4837878880619713     25    
51497.9513099734    11.753356527973963    1.4188583383388336     25    
51498.4513099734    11.746491481884929    1.3235625905152044     25    
51498.9513099734    11.741032490867022    1.2033004904432743     25    
51499.4513099734    11.73653623693195     1.0292285535703007     25    
51499.9513099734    11.7286058765848      0.8552969365371711     25    
51500.4513099734    11.714780497247093    0.7734857811173186     25    
51500.9513099734    11.696894625609364    0.7817354493436062     25    
51501.4513099734    11.671041874254977    0.8137427014114833     25    
51501.9513099734    11.63457783579653     0.8262420555562959     25    
51502.4513099734    11.589056785322226    0.8430610749652444     25    
51502.9513099734    11.53346004783096     0.8593531449814402     25    
51503.4513099734    11.466897579000921    0.8676912226008039     25    
51503.9513099734    11.389835213151924    0.8714085157235371     25    
51504.4513099734    11.302949891617551    0.8851469267850957     25    
51504.9513099734    11.206417240332456    0.9260238992356892     25    
51505.4513099734    11.10007752305159     0.9821634028536316     25    
51505.9513099734    10.984746593251693    1.016743732766921      25    
51506.4513099734    10.860160758906666    1.0096788234531644     25    
51506.9513099734    10.726440027619528    0.9762587112942187     25    
51507.4513099734    10.586174718501576    0.9313036331248148     25    
51507.9513099734    10.439458435681757    0.8701924187466968     25    
51508.4513099734    10.286221031319425    0.7916684517826669     25    
51508.9513099734    10.130253688986317    0.7375771422164076     25    
51509.4513099734    9.971853529230833     0.7449388469709335     25    
51509.9513099734    9.810843943873342     0.7862727440138164     25    
51510.4513099734    9.651070995620392     0.8198552948179523     25    
51510.9513099734    9.492420399642706     0.8361040735849202     25    
51511.4513099734    9.3351319845108       0.8462906044910251     25    
51511.9513099734    9.18329465589962      0.8465060910160088     25    
51512.4513099734    9.036463783472081     0.8264499246875419     25    
51512.9513099734    8.89523760842842      0.7976428878050306     25    
51513.4513099734    8.763864362392939     0.7875215376744209     25    
51513.9513099734    8.641740134965895     0.8117741639091104     25    
51514.4513099734    8.529605441813423     0.8482235982196258     25    
51514.9513099734    8.431397572957628     0.8711643484393701     25    
51515.4513099734    8.34827610315703      0.8798207927603453     25    
51515.9513099734    8.27828488383552      0.878794666686121      25    
51516.4513099734    8.219819615989305     0.8637508788367425     25    
51516.9513099734    8.175164861285264     0.8230155487114325     25    
51517.4513099734    8.140810931501417     0.7721739638650847     25    
51517.9513099734    8.110552654693329     0.7417656158162288     25    
51518.4513099734    8.086613746603923     0.7432813058202202     25    
51518.9513099734    8.066230629133193     0.7553916697472326     25    
51519.4513099734    8.043266189679978     0.7562488616741215     25    
51519.9513099734    8.01805587093518      0.7487324035435652     25    
51520.4513099734    7.991644671676521     0.733122972001291      25    
51520.9513099734    7.963523715958666     0.7020392019604147     25    
51521.4513099734    7.931846336439533     0.644245237676584      25    
51521.9513099734    7.900749135694447     0.5768347968602086     25    
51522.4513099734    7.875028491760501     0.530063375862414      25    
51522.9513099734    7.852182994353532     0.5086429748384671     25    
51523.4513099734    7.8356708746873345    0.5005944174737181     25    
51523.9513099734    7.8305531107524144    0.49579493433241373    25    
51524.4513099734    7.8360699531070255    0.499125790616643      25    
51524.9513099734    7.850850245054171     0.5052219754370968     25    
51525.4513099734    7.874892185565139     0.5046463471518341     25    
51525.9513099734    7.910318580612848     0.4936444226772298     25    
51526.4513099734    7.950902071710767     0.49123405722030405    25    
51526.9513099734    7.991111420085461     0.5190963724208884     25    
51527.4513099734    8.03456594914164      0.574820583177156      25    
51527.9513099734    8.075340603762392     0.6264705691725073     25    
51528.4513099734    8.107385147219036     0.6539202866756766     25    
51528.9513099734    8.133138727272728     0.667313092353518      25    
51529.4513099734    8.151900470226275     0.670265575644315      25    
51529.9513099734    8.161670756226584     0.6609800788984354     25    
51530.4513099734    8.162054122218226     0.6359924859811128     25    
51530.9513099734    8.158524269710755     0.6111268417021446     25    
51531.4513099734    8.154415347961965     0.6028947022666613     25    
51531.9513099734    8.147174759807692     0.6066779464849517     25    
51532.4513099734    8.142289714545583     0.6111610043326843     25    
51532.9513099734    8.143781024113611     0.6086142904927244     25    
51533.4513099734    8.14941577256358      0.6027768030205469     25    
51533.9513099734    8.160557091332315     0.594487106571063      25    
51534.4513099734    8.179194580130831     0.5811437271569241     25    
51534.9513099734    8.204709766595396     0.5622333793927153     25    
51535.4513099734    8.232900781909066     0.5514420053279483     25    
51535.9513099734    8.262224857050757     0.5614043411593832     25    
51536.4513099734    8.293978317516805     0.5852503663220276     25    
51536.9513099734    8.323663413544885     0.6080274328034143     25    
51537.4513099734    8.349479155685648     0.6206420893576731     25    
51537.9513099734    8.37276879215632      0.6294294619930153     25    
51538.4513099734    8.390435776044846     0.6421291769819888     25    
51538.9513099734    8.401153083826255     0.6558735700854459     25    
51539.4513099734    8.405904247480686     0.6720621251800452     25    
51539.9513099734    8.403744261688303     0.7120837160043714     25    
51540.4513099734    8.394477807547025     0.793800511990257      25    
51540.9513099734    8.378256577445928     0.8906116316432147     25    
51541.4513099734    8.354300664589314     0.9626020873176024     25    
51541.9513099734    8.322427646852214     1.007415735040857      25    
51542.4513099734    8.282792742166658     1.0349448620764583     25    
51542.9513099734    8.235046647254094     1.0304261252909142     25    
51543.4513099734    8.178955316535093     0.9743099453360684     25    
51543.9513099734    8.114770702218769     0.8802162104415779     25    
51544.4513099734    8.042868865435434     0.7870398940026883     25    
51544.9513099734    7.963179882220356     0.7041440178316475     25    
51545.4513099734    7.875793875133907     0.6235597895437677     25    
51545.9513099734    7.781154720090302     0.5638962602740902     25    
51546.4513099734    7.678865306662981     0.5391564798262142     25    
51546.9513099734    7.569461331692493     0.5442227851287886     25    
51547.4513099734    7.454205549296656     0.568631206418047      25    
51547.9513099734    7.332170917372317     0.602356968100786      25    
51548.4513099734    7.20466660605518      0.6554709247633337     25    
51548.9513099734    7.074504009791865     0.7393848345023984     25    
51549.4513099734    6.94071039645511      0.8606154502572481     25    
51549.9513099734    6.8045165034410475    0.9819215463696566     25    
51550.4513099734    6.668863040823523     1.0733376620600201     25    
51550.9513099734    6.532923268687663     1.1533235775718935     25    
51551.4513099734    6.3975776545027205    1.2105129500027092     25    
51551.9513099734    6.265001168971447     1.2189889937306337     25    
51552.4513099734    6.1348647361272       1.1701832503675587     25    
51552.9513099734    6.007166784547517     1.0872710145132347     25    
51553.4513099734    5.882451797927826     0.9961977473049404     25    
51553.9513099734    5.760531872622422     0.8792866206657572     25    
51554.4513099734    5.641594167333673     0.7451920084201096     25    
51554.9513099734    5.525976716520819     0.626955137337307      25    
51555.4513099734    5.413556055101894     0.5302728468093546     25    
51555.9513099734    5.30444659120711      0.4503228815435456     25    
51556.4513099734    5.198857434199543     0.38734987087614914    25    
51556.9513099734    5.096799309156769     0.362198250402077      25    
51557.4513099734    4.998094737517076     0.3599554441536005     25    
51557.9513099734    4.902607774435037     0.3553354296911346     25    
51558.4513099734    4.810440941623073     0.35620550293907316    25    
51558.9513099734    4.721408386324818     0.36299325168783536    25    
51559.4513099734    4.635334158094102     0.3730080784274562     25    
51559.9513099734    4.552333843997188     0.3874449578798519     25    
51560.4513099734    4.472217123875623     0.403644638379723      25    
51560.9513099734    4.394820231841251     0.4202708485671678     25    
51561.4513099734    4.320256419403112     0.43937024323918794    25    
51561.9513099734    4.2483255174019625    0.45423804208911017    25    
51562.4513099734    4.17887695805138      0.45840201818984017    25    
51562.9513099734    4.112019630215754     0.4533187941108567     25    
51563.4513099734    4.047544529278757     0.4473900592616012     25    
51563.9513099734    3.9853152990994056    0.4428920750849517     25    
51564.4513099734    3.9254344388100244    0.4346352034811862     25    
51564.9513099734    3.867685121880918     0.44592607907787635    25    
51565.4513099734    3.8119462173602328    0.46644200003542896    25    
51565.9513099734    3.758311807560835     0.48249148331180836    25    
51566.4513099734    3.70655825758335      0.6021112941385033     25    
51566.9513099734    3.6565806752087737    0.794958727178401      25    