57972.73152113961    1821.8780430652225    1464.9378418541107    25    
57973.23152113961    2253.572921991917     1483.5149719913913    25    
57973.73152113961    2742.284902454241     1614.7270266217042    25    
57974.23152113961    3291.051725457682     2056.0244512451277    25    
57974.73152113961    3902.657738252816     2422.5231877794795    25    
57975.23152113961    4580.265655291488     2505.5159586753666    25    
57975.73152113961    5326.536229122753     2505.965060314849     25    
57976.23152113961    6144.75439015513      2530.8167478348223    25    
57976.73152113961    7037.460053725864     2543.5816126550344    25    
57977.23152113961    8008.0576087104055    2540.634082375739     25    
57977.73152113961    9058.968890723949     2524.2948093331943    25    
57978.23152113961    10193.714989619135    2492.7572506185206    25    
57978.73152113961    11414.602418778799    2453.818164852558     25    
57979.23152113961    12728.461526157242    2415.394637909301     25    
57979.73152113961    14128.861466363778    2383.3399280713093    25    
57980.23152113961    15632.31954422657     2362.728088533037     25    
57980.73152113961    17179.1539893713      2371.5546656286456    25    
57981.23152113961    18712.348485372797    2457.3845311906284    25    
57981.73152113961    20175.26131947266     2559.679522197574     25    
57982.23152113961    21470.341603344696    2613.4452292037467    25    
57982.73152113961    22564.133050654233    2633.192081953837     25    
57983.23152113961    23341.529954528643    2580.2674799090864    25    
57983.73152113961    23847.532277690025    2525.8285499885287    25    
57984.23152113961    24085.27127939227     2600.7911355358724    25    
57984.73152113961    24098.642280360466    2735.9172626367617    25    
57985.23152113961    23955.77803955296     2908.9089931378153    25    
57985.73152113961    23679.577573822127    3046.8439673021676    25    
57986.23152113961    23343.349901415495    2992.5398700105616    25    
57986.73152113961    22951.472153742485    2822.8943615113426    25    
57987.23152113961    22547.885408151964    2555.145089768106     25    
57987.73152113961    22135.99147999571     2279.1294191675092    25    
57988.23152113961    21743.270671414506    2384.2738903616337    25    
57988.73152113961    21374.91394576391     2619.4035746845175    25    
57989.23152113961    21064.580554730343    2633.2559315874387    25    
57989.73152113961    20794.316795950035    2560.130174757977     25    
57990.23152113961    20550.816685118174    2478.6330515283553    25    
57990.73152113961    20315.729086292577    2421.958346686521     25    
57991.23152113961    20042.85827437577     2577.3309697404256    25    
57991.73152113961    19724.09306571675     2790.2119119365984    25    
57992.23152113961    19306.332309113768    2813.40904552301      25    
57992.73152113961    18804.422891831633    2731.6070555879733    25    
57993.23152113961    18218.122143530214    2576.8661034162724    25    
57993.73152113961    17563.509211776953    2384.4639774703587    25    
57994.23152113961    16880.622127780916    2360.146335810618     25    
57994.73152113961    16175.942842674383    2421.6015709617327    25    
57995.23152113961    15491.365904974236    2414.322565475907     25    
57995.73152113961    14828.438058827398    2368.837283347365     25    
57996.23152113961    14217.617674141846    2261.671947133191     25    
57996.73152113961    13659.690396831258    2131.045849067489     25    
57997.23152113961    13175.747600072937    2155.290416253963     25    
57997.73152113961    12767.791530861505    2260.9593291920482    25    
57998.23152113961    12460.072642496867    2283.04661308939      25    
57998.73152113961    12246.528979207189    2273.2823437656252    25    
57999.23152113961    12125.338514997007    2308.133944727668     25    
57999.73152113961    12089.471900448845    2385.271454778242     25    
58000.23152113961    12112.297839121497    2582.236375969919     25    
58000.73152113961    12191.539632560864    2815.719899466403     25    
58001.23152113961    12298.989280954778    2859.940870521486     25    
58001.73152113961    12435.75251610008     2780.9070948443077    25    
58002.23152113961    12585.437167939192    2638.218817650421     25    
58002.73152113961    12749.793999922262    2460.519699672686     25    
58003.23152113961    12924.958817509681    2545.477743307263     25    
58003.73152113961    13110.744196705473    2789.014103427973     25    
58004.23152113961    13303.767252278478    2927.9715179117106    25    
58004.73152113961    13502.874092726503    3003.041222187427     25    
58005.23152113961    13700.049410570426    2976.3049759496635    25    
58005.73152113961    13894.00388663105     2876.952587433191     25    
58006.23152113961    14071.242432078156    2881.3795646985272    25    
58006.73152113961    14231.307284254959    2954.6004651179724    25    
58007.23152113961    14359.777984811803    3004.9864798709214    25    
58007.73152113961    14457.568978908565    3027.951793466113     25    
58008.23152113961    14518.220026440382    2876.1454603748016    25    
58008.73152113961    14542.997958463646    2570.9116622174406    25    
58009.23152113961    14536.003978294137    2407.627214584133     25    
58009.73152113961    14497.34996762429     2370.3672933632697    25    
58010.23152113961    14431.944713212437    2340.674424897053     25    
58010.73152113961    14338.998901406492    2318.9249398688476    25    
58011.23152113961    14216.23492371213     2165.6682279491356    25    
58011.73152113961    14062.645218267015    1892.1614145313815    25    
58012.23152113961    13865.32135960879     1888.5264811188715    25    
58012.73152113961    13624.17396660551     2111.4985942969647    25    
58013.23152113961    13324.707310919159    2234.8066579956885    25    
58013.73152113961    12968.05384707355     2291.3428507052795    25    
58014.23152113961    12554.90223337258     2287.057615457074     25    
58014.73152113961    12086.66418588353     2230.5873557395494    25    
58015.23152113961    11589.192536515604    2302.8298089126774    25    
58015.73152113961    11062.484399462834    2479.4683092504433    25    
58016.23152113961    10533.437850079954    2599.104211556729     25    
58016.73152113961    10001.684503301456    2671.1681526108136    25    
58017.23152113961    9487.888259094418     2593.040939114858     25    
58017.73152113961    8991.663719336284     2355.5753041586463    25    
58018.23152113961    8522.283544683989     2051.519864596296     25    
58018.73152113961    8079.658808153946     1644.3603590220803    25    
58019.23152113961    7673.249721195559     1466.0985703253357    25    
58019.73152113961    7302.984664490038     1593.437581166327     25    
58020.23152113961    6972.869428876639     1639.945539255173     25    
58020.73152113961    6683.000725563833     1610.1152946938776    25    
58021.23152113961    6425.762148744643     1656.9143684333078    25    
58021.73152113961    6201.230542132043     1777.0686763615977    25    
58022.23152113961    6001.387118744734     1902.6633641345984    25    
58022.73152113961    5826.2626543031465    2035.5673724572275    25    
58023.23152113961    5668.512218085859     2035.243489132855     25    
58023.73152113961    5528.117530414604     1891.9503789971427    25    
58024.23152113961    5399.047790012915     1706.2623869444383    25    
58024.73152113961    5281.312268637433     1464.1132569639956    25    
58025.23152113961    5168.821821178667     1231.242974545721     25    
58025.73152113961    5061.460464174185     1019.2513590033109    25    
58026.23152113961    4954.88872309947      893.133345720704      25    
58026.73152113961    4848.766341675908     903.4359334928118     25    
58027.23152113961    4743.441344737178     909.750093415239      25    
58027.73152113961    4638.858303059594     901.0827393748856     25    
58028.23152113961    4535.5984522571425    885.8769757113938     25    
58028.73152113961    4433.666674754871     862.570376805249      25    
58029.23152113961    4333.568265909089     839.4223434185985     25    
58029.73152113961    4235.3103069064655    817.4367805792884     25    
58030.23152113961    4139.395774564436     792.3925752338376     25    
58030.73152113961    4045.834188385809     759.2329067546201     25    
58031.23152113961    3955.125967094622     758.3883847533717     25    
58031.73152113961    3867.283308064327     784.9412565761203     25    
58032.23152113961    3782.803832371084     901.5958485835055     25    
58032.73152113961    3701.7026548134486    1052.6453457445425    25    
58033.23152113961    3624.474359265234     1445.4545929012108    25    