52662.209750277536    29.02856660271241     27.43723682024433     25    
52662.709750277536    40.744609894024464    22.87481474101089     25    
52663.209750277536    55.020377973534416    28.857456555110897    25    
52663.709750277536    72.12167538823822     56.29459357038102     25    
52664.209750277536    92.24963290603738     75.50500648657231     25    
52664.709750277536    115.70099033488657    78.64817903751947     25    
52665.209750277536    142.64706448460558    76.99155729348091     25    
52665.709750277536    173.41328781835423    77.24415036898833     25    
52666.209750277536    208.14340579362306    77.42321492991725     25    
52666.709750277536    247.1893009230249     77.45907457661517     25    
52667.209750277536    290.6693899174739     77.3636784203426      25    
52667.709750277536    338.9597627332832     77.12164378406182     25    
52668.209750277536    392.15574994054253    76.76975138264736     25    
52668.709750277536    450.76000833048096    76.17025010594779     25    
52669.209750277536    514.6349228496911     75.75353562395772     25    
52669.709750277536    584.3977078965736     77.05680106868878     25    
52670.209750277536    658.7929860452304     79.17797087140193     25    
52670.709750277536    734.6814021724811     80.13572765936833     25    
52671.209750277536    811.3202138906917     80.47906731009007     25    
52671.709750277536    883.7235513506218     80.9092903975263      25    
52672.209750277536    951.7748462465623     81.27360840056448     25    
52672.709750277536    1010.3833007764466    81.22072841499879     25    
52673.209750277536    1060.404726067739     80.9022513749688      25    
52673.709750277536    1102.271112296639     81.06139934231123     25    
52674.209750277536    1136.3374832865843    81.58997448490136     25    
52674.709750277536    1165.6844390498686    82.39655201574769     25    
52675.209750277536    1190.2627749600135    83.39755047289557     25    
52675.709750277536    1213.02373204381      84.30660052673551     25    
52676.209750277536    1233.7652898985       84.81052486470688     25    
52676.709750277536    1252.444448419258     75.08528643339147     25    
52677.209750277536    1269.0355410574543    50.33287089832566     25    
52677.709750277536    1281.9933098597091    33.52046063276039     25    
52678.209750277536    1291.3496801671683    37.7480248557374      25    
52678.709750277536    1295.7187548619381    39.81341786622006     25    
52679.209750277536    1295.037829607637     39.44584025586783     25    
52679.709750277536    1289.7622967191353    38.89068714198819     25    
52680.209750277536    1279.8016256954304    38.08730785467343     25    
52680.709750277536    1266.5743792552644    38.14675588367749     25    
52681.209750277536    1250.086618126035     39.33973724646486     25    
52681.709750277536    1231.59758130485      39.85095182277363     25    
52682.209750277536    1211.2704151699065    39.30056923562363     25    
52682.709750277536    1189.2591054536178    39.27632044101987     25    
52683.209750277536    1165.686783756207     40.10352395792315     25    
52683.709750277536    1140.0989376376608    41.150574683538956    25    
52684.209750277536    1112.4580621308369    42.47042402442329     25    
52684.709750277536    1082.4629522082582    43.168258277645016    25    
52685.209750277536    1049.829520504684     42.929236047084835    25    
52685.709750277536    1015.5111552217342    42.27988088473325     25    
52686.209750277536    979.4142222190992     41.073197485244116    25    
52686.709750277536    943.1827711720605     40.46018628949018     25    
52687.209750277536    907.1279551156456     41.284558594561396    25    
52687.709750277536    872.6143308385392     41.916327229538375    25    
52688.209750277536    840.3342253580587     41.3602297905553      25    
52688.709750277536    810.3510514789916     41.373939250900115    25    
52689.209750277536    783.0609138674537     43.12334237220772     25    
52689.709750277536    757.7761502319178     44.87229858782335     25    
52690.209750277536    734.2990786306119     45.82515472613542     25    
52690.709750277536    712.1928072186573     46.40258800599668     25    
52691.209750277536    691.1599770233281     46.67016844261582     25    
52691.709750277536    670.9527587988904     46.586463597798364    25    
52692.209750277536    651.3107286599376     45.83527580639658     25    
52692.709750277536    632.102212460385      45.25130076630861     25    
52693.209750277536    613.1532550991726     45.965386519859294    25    
52693.709750277536    594.3287581057841     46.9446078068756      25    
52694.209750277536    575.3585368084923     47.392171467848684    25    
52694.709750277536    556.3682320982207     47.48234566592162     25    
52695.209750277536    537.3069858449177     47.26813455496438     25    
52695.709750277536    518.4340542462226     46.278044971255305    25    
52696.209750277536    500.0720720213759     42.880691310866204    25    
52696.709750277536    482.3498484385237     38.7105887232971      25    
52697.209750277536    465.7268638962111     38.006541566236514    25    
52697.709750277536    450.0560058837706     38.786805124234384    25    
52698.209750277536    435.41382456832116    37.997384261165365    25    
52698.709750277536    421.5262816472448     36.87171734468388     25    
52699.209750277536    407.82549504341534    37.15600347110603     25    
52699.709750277536    394.2112958487776     38.13063506913868     25    
52700.209750277536    379.9705972724704     38.797470441378834    25    
52700.709750277536    365.22247341510155    39.170244829148636    25    
52701.209750277536    349.75560166271066    38.71623198730943     25    
52701.709750277536    333.77395196264763    37.23716477601604     25    
52702.209750277536    317.9310162255576     32.380386395656096    25    
52702.709750277536    302.2652406160048     23.995571978851075    25    
52703.209750277536    287.5313961292546     20.291476434732537    25    
52703.709750277536    273.6740475775871     21.54683218794132     25    
52704.209750277536    261.06875273816866    20.983314237936586    25    
52704.709750277536    249.63993178398655    19.39814088844456     25    
52705.209750277536    239.08420619920278    18.96195625758395     25    
52705.709750277536    229.40099016326423    19.54314089709421     25    
52706.209750277536    220.2463752382183     20.287070619146924    25    
52706.709750277536    211.6338077274053     21.174081297711265    25    
52707.209750277536    203.39037915258606    21.067371331209134    25    
52707.709750277536    195.52053049741917    19.988779252601844    25    
52708.209750277536    188.16591964639528    18.58598194172694     25    
52708.709750277536    181.32281393339346    16.746387268589572    25    
52709.209750277536    175.1453490131942     15.94282804054656     25    
52709.709750277536    169.6373910337054     16.48930358927178     25    
52710.209750277536    164.84951050853732    16.329751740237224    25    
52710.709750277536    160.79940491672122    15.192822568924118    25    
52711.209750277536    157.33961507769882    14.43139740442176     25    
52711.709750277536    154.4720891146038     14.26364291370341     25    
52712.209750277536    152.04989657665502    14.506528496417701    25    
52712.709750277536    150.0673301516184     15.263574059706437    25    
52713.209750277536    148.39776163745432    15.489859260429698    25    
52713.709750277536    147.0295011992474     14.907148985410739    25    
52714.209750277536    145.87001905274394    14.218019564970833    25    
52714.709750277536    144.91064273290007    13.498535612408794    25    
52715.209750277536    144.06104872760363    13.071745287560942    25    
52715.709750277536    143.3056775630283     13.166128177060923    25    
52716.209750277536    142.57836323464394    13.390629476309712    25    
52716.709750277536    141.85553146062784    13.698839487399196    25    
52717.209750277536    141.12202565441115    13.824751068763133    25    
52717.709750277536    140.3703868722143     13.601399227419254    25    
52718.209750277536    139.5844924173825     13.215476352869496    25    
52718.709750277536    138.75905190377213    12.673027985625817    25    
52719.209750277536    137.87755172961266    12.117041905974279    25    
52719.709750277536    136.93354614669767    11.644399831195507    25    
52720.209750277536    135.91172887913166    11.289743696718471    25    
52720.709750277536    134.80439488902104    11.305375449352843    25    
52721.209750277536    133.59754915396965    11.064370767192024    25    
52721.709750277536    132.28212341877168    9.637411850819262     25    
52722.209750277536    130.84553784215635    8.149435468461082     25    
52722.709750277536    129.2772570239801     8.081862687913157     25    
52723.209750277536    127.56620264841253    8.866945567740355     25    
52723.709750277536    125.7003209926759     9.708225692856628     25    