#mB  c  mBmB x1x1 cc mBx1 mBc x1c
15.532882591877309  -0.3  0.00011846601027974675  0.0027568974011697896  9.989470729781112e-05  0.0001306634710794279  8.843742902013915e-05  4.58480269991331e-05
15.533383549125986  0.3  0.00012820936896307006  0.0023752191111751273  0.00010416933704731673  0.00010230457689095097  9.658085756299971e-05  2.8074452161798284e-05
16.038234849678542  0.0  0.00012894535405601467  0.0031009730044703723  0.00010562516157283526  0.00013999152790019828  9.639052638088718e-05  4.616770726505344e-05
16.538234849678545  0.0  0.00014251492191110702  0.004371994944543184  0.00011399341065135285  0.0001994364121073036  0.00010541653460391692  7.094414890617093e-05
17.038234849678545  0.0  0.00017301394263948832  0.007129144164309856  0.00013241007205114458  0.00033044294343536446  0.00012536465542848353  0.0001251612333311192
16.536815558139914  -0.15  0.00014193064574118515  0.004918895096644933  0.0001145352191363765  0.00022930631637843048  0.0001042941124029736  8.576723358696744e-05
16.537102669771752  0.15  0.000143583823707339  0.00392200546600394  0.00011400003386604429  0.00017424302693019826  0.00010679758440659862  5.820252847550291e-05
17.53288259187731  -0.3  0.000255829848239853  0.01940976935369096  0.00019576373768597638  0.0009009460099217742  0.00017500640480615275  0.00034633819208762447
17.533383549125986  0.3  0.00023106148063608474  0.008999244751346279  0.00016250027963875827  0.00041823629749757307  0.00016614226500038498  0.00016104495993853033
