#Date  :
#Flux  :
#Fluxerr  :
#ZP  :
#end  :
@INSTRUMENT  PS
@BAND  PS_z
@MAGSYS  AB
55091.6015625  -2.677999973297119  12.42199993133545  27.5198
55097.6015625  1.8799999952316284  17.922000885009766  27.5198
55103.6015625  16.913999557495117  18.048999786376953  27.5198
55181.3984375  -25.968000411987305  20.239999771118164  27.5198
55187.30078125  -77.70899963378906  41.09600067138672  27.5198
55190.30078125  -13.515000343322754  15.762999534606934  27.5198
55200.3984375  3.890000104904175  13.54800033569336  27.5198
55214.30078125  -13.026000022888184  9.8149995803833  27.5198
55220.30078125  -20.121000289916992  19.292999267578125  27.5198
55223.19921875  -73.09100341796875  34.08100128173828  27.5198
55232.19921875  -1.9420000314712524  17.642000198364258  27.5198
55439.6015625  -2.318000078201294  14.093999862670898  27.5198
55442.6015625  23.22800064086914  12.635000228881836  27.5198
55445.6015625  25.30299949645996  16.086999893188477  27.5198
55448.6015625  19.187999725341797  20.856000900268555  27.5198
55454.6015625  -4.625999927520752  13.029000282287598  27.5198
55457.6015625  -3.7920000553131104  16.231000900268555  27.5198
55466.6015625  1.38100004196167  19.264999389648438  27.5198
55472.6015625  0.17800000309944153  14.175999641418457  27.5198
55475.6015625  8.880999565124512  16.636999130249023  27.5198
55478.5  -8.78600025177002  8.994999885559082  27.5198
55481.5  -17.26799964904785  13.060999870300293  27.5198
55484.5  4.8379998207092285  7.915999889373779  27.5198
55487.5  -17.270999908447266  26.724000930786133  27.5198
55499.5  -2.4679999351501465  15.067999839782715  27.5198
55502.5  -5.235000133514404  13.527999877929688  27.5198
55508.3984375  18.025999069213867  11.371000289916992  27.5198
55511.3984375  3.6010000705718994  15.996999740600586  27.5198
55517.3984375  -7.781000137329102  11.479999542236328  27.5198
55547.30078125  -4.664999961853027  11.519000053405762  27.5198
55568.30078125  172.39999389648438  16.461999893188477  27.5198
55577.30078125  216.1269989013672  21.142000198364258  27.5198
55586.30078125  165.84800720214844  16.106000900268555  27.5198
55589.19921875  110.43199920654297  18.503999710083008  27.5198
55595.19921875  81.13600158691406  15.310999870300293  27.5198
55823.6015625  27.214000701904297  21.71500015258789  27.5198
55827.6015625  61.654998779296875  24.965999603271484  27.5198
55835.6015625  0.460999995470047  26.672000885009766  27.5198
55842.5  -20.797000885009766  30.354000091552734  27.5198
55851.5  18.433000564575195  16.797000885009766  27.5198
55854.5  13.835000038146973  29.569000244140625  27.5198
55857.5  -3.253000020980835  19.052000045776367  27.5198
55860.5  39.87699890136719  16.81100082397461  27.5198
55862.5  -10.361000061035156  22.150999069213867  27.5198
55870.5  -0.7940000295639038  15.321000099182129  27.5198
55878.3984375  7.043000221252441  13.25100040435791  27.5198
55880.3984375  0.20000000298023224  14.831999778747559  27.5198
55889.3984375  3.1659998893737793  12.020000457763672  27.5198
55891.3984375  -11.692000389099121  12.008000373840332  27.5198
55897.3984375  6.431000232696533  11.855999946594238  27.5198
55901.3984375  7.9029998779296875  12.420000076293945  27.5198
55919.30078125  78.26399993896484  45.26300048828125  27.5198
55929.30078125  -20.83300018310547  23.569000244140625  27.5198
55935.30078125  -9.67199993133545  16.066999435424805  27.5198
55946.30078125  -11.998000144958496  11.0600004196167  27.5198
55951.30078125  -3.921999931335449  14.531000137329102  27.5198
55957.19921875  11.45300006866455  12.267999649047852  27.5198
55981.19921875  -5.973999977111816  26.726999282836914  27.5198
55984.19921875  -0.8820000290870667  31.118000030517578  27.5198
55985.19921875  -48.95000076293945  33.08700180053711  27.5198
56205.5  -14.439000129699707  10.013999938964844  27.5198
56208.6015625  -3.4790000915527344  16.240999221801758  27.5198
56211.5  -1.1480000019073486  11.508000373840332  27.5198
56214.5  -23.58099937438965  25.738000869750977  27.5198
56216.5  19.312000274658203  27.572999954223633  27.5198
56219.5  0.6100000143051147  11.531999588012695  27.5198
56222.5  -1.2070000171661377  10.906000137329102  27.5198
56226.5  -0.5669999718666077  13.376999855041504  27.5198
56229.5  14.553000450134277  18.305999755859375  27.5198
56232.5  0.6439999938011169  19.434999465942383  27.5198
56234.3984375  -5.764999866485596  9.227999687194824  27.5198
56251.3984375  -44.37799835205078  67.72599792480469  27.5198
56259.3984375  -34.61600112915039  22.549999237060547  27.5198
56262.3984375  -1.6330000162124634  17.83799934387207  27.5198
56283.30078125  -2.072000026702881  17.224000930786133  27.5198
56289.30078125  41.37900161743164  17.65399932861328  27.5198
56292.30078125  -8.925999641418457  12.446999549865723  27.5198
56300.30078125  -13.329000473022461  12.802000045776367  27.5198
56303.30078125  -51.31800079345703  30.42099952697754  27.5198
56308.19921875  -1.559000015258789  14.088000297546387  27.5198
56311.30078125  14.092000007629395  36.702999114990234  27.5198
56315.30078125  22.424999237060547  26.775999069213867  27.5198
56351.19921875  20.136999130249023  14.598999977111816  27.5198
56353.19921875  -35.79399871826172  42.167999267578125  27.5198
56536.6015625  -17.180999755859375  15.35099983215332  27.5198
56554.6015625  50.558998107910156  16.86199951171875  27.5198
56557.6015625  32.93299865722656  23.013999938964844  27.5198
56559.6015625  -28.190000534057617  24.749000549316406  27.5198
56562.6015625  -0.32100000977516174  27.959999084472656  27.5198
56584.5  62.74800109863281  27.927000045776367  27.5198
56589.5  0.06300000101327896  12.281999588012695  27.5198
56600.5  8.102999687194824  15.564000129699707  27.5198
56613.3984375  3.9059998989105225  16.131999969482422  27.5198
56616.3984375  7.276000022888184  12.425000190734863  27.5198
56618.3984375  28.215999603271484  19.31399917602539  27.5198
56621.3984375  -5.572999954223633  11.331999778747559  27.5198
56624.3984375  -0.4009999930858612  21.339000701904297  27.5198
56629.3984375  4.666999816894531  13.092000007629395  27.5198
56632.3984375  0.996999979019165  20.52199935913086  27.5198
56637.3984375  -6.044000148773193  16.45599937438965  27.5198
56643.30078125  -24.840999603271484  30.0049991607666  27.5198
56648.3984375  16.11199951171875  22.819000244140625  27.5198
56651.3984375  4.303999900817871  24.832000732421875  27.5198
56662.30078125  -14.192999839782715  24.731000900268555  27.5198
56667.30078125  7.579999923706055  17.746000289916992  27.5198
56673.30078125  -49.16600036621094  31.38800048828125  27.5198
56676.30078125  -6.816999912261963  12.918000221252441  27.5198
56681.30078125  13.845000267028809  25.361000061035156  27.5198
