57202.448500749575    1451.6225857096765    224.91173020395127    25    
57202.948500749575    1722.948897965973     221.40654852145275    25    
57203.448500749575    2010.64289891886      227.00290176181187    25    
57203.948500749575    2312.9156477315473    262.49919399482366    25    
57204.448500749575    2628.3431765105497    295.49005597798833    25    
57204.948500749575    2954.960542139815     301.1983199618301     25    
57205.448500749575    3291.5145916512065    298.2221279311131     25    
57205.948500749575    3635.8747543572317    298.8109022343929     25    
57206.448500749575    3986.9483175072814    299.22340731516056    25    
57206.948500749575    4342.449457550246     299.3126636524976     25    
57207.448500749575    4701.435527245229     299.15647306064375    25    
57207.948500749575    5061.475824885322     298.7454628465877     25    
57208.448500749575    5421.767394031501     298.2920841473896     25    
57208.948500749575    5779.905433340971     295.1157876489735     25    
57209.448500749575    6134.861737554508     296.06137426707573    25    
57209.948500749575    6484.349738010139     321.3272699334182     25    
57210.448500749575    6825.51035932295      353.12253099447145    25    
57210.948500749575    7150.738097090949     364.22687122398753    25    
57211.448500749575    7457.962580448746     365.5953579741279     25    
57211.948500749575    7736.633383284298     368.27492566043566    25    
57212.448500749575    7986.173505247533     370.0698522897934     25    
57212.948500749575    8195.328233824453     369.6854087634036     25    
57213.448500749575    8367.699710052268     368.34889488258733    25    
57213.948500749575    8508.063692333177     371.04636298536724    25    
57214.448500749575    8618.49254369944      376.4986196705654     25    
57214.948500749575    8711.938239579102     383.33490734325034    25    
57215.448500749575    8788.58093645312      390.5457207652346     25    
57215.948500749575    8861.522495568033     393.3128277482953     25    
57216.448500749575    8928.895793619537     390.1252298586481     25    
57216.948500749575    8989.850425688082     355.96964619593973    25    
57217.448500749575    9043.535855207074     289.80392700956196    25    
57217.948500749575    9081.60161027976      261.2085261039152     25    
57218.448500749575    9104.178643660516     272.76990730855096    25    
57218.948500749575    9103.203867894374     276.1657388191314     25    
57219.448500749575    9079.297366572056     274.3194075245134     25    
57219.948500749575    9035.270516099104     272.4673616925321     25    
57220.448500749575    8971.189666239432     270.59183976956547    25    
57220.948500749575    8896.090464315337     273.692491172764      25    
57221.448500749575    8809.80477685406      281.6674071303015     25    
57221.948500749575    8720.877864355125     285.280392652407      25    
57222.448500749575    8629.446822813657     284.97788445558325    25    
57222.948500749575    8536.163077562667     265.12104987893474    25    
57223.448500749575    8441.337464517623     216.64177651101502    25    
57223.948500749575    8340.804766075482     187.42387751856168    25    
57224.448500749575    8234.577824067987     193.99882622094202    25    
57224.948500749575    8119.004853010242     198.54406246885543    25    
57225.448500749575    7993.733170826702     197.71779539299231    25    
57225.948500749575    7858.257529666675     195.29870271226523    25    
57226.448500749575    7712.2621872403       190.40889406730955    25    
57226.948500749575    7557.282657452144     190.41426117593613    25    
57227.448500749575    7393.337219622763     197.90527811527215    25    
57227.948500749575    7221.75837248378      202.13726452283555    25    
57228.448500749575    7042.242964109772     200.69106468092747    25    
57228.948500749575    6858.332161285072     198.86486320014447    25    
57229.448500749575    6669.952505187022     197.61848709639077    25    
57229.948500749575    6482.149510172349     196.71931156448028    25    
57230.448500749575    6295.499818468275     196.44307895898692    25    
57230.948500749575    6114.58932667877      195.9588429531999     25    
57231.448500749575    5940.706408441559     195.35770575233119    25    
57231.948500749575    5775.71989340387      193.01429017264627    25    
57232.448500749575    5620.663927067708     186.93140552000386    25    
57232.948500749575    5475.391238936863     182.51536059339065    25    
57233.448500749575    5340.023288073431     183.1941532645275     25    
57233.948500749575    5214.714294298662     184.50707445623885    25    
57234.448500749575    5100.003874109492     184.81759756386106    25    
57234.948500749575    4994.302533902129     184.46120245005588    25    
57235.448500749575    4897.6599984278055    182.8535665698119     25    
57235.948500749575    4807.15338939974      181.24366091911327    25    
57236.448500749575    4721.58670108979      180.32890332389107    25    
57236.948500749575    4638.623880368377     180.10752639940296    25    
57237.448500749575    4556.298087727525     181.50979998170496    25    
57237.948500749575    4474.274607044319     182.22303807938044    25    
57238.448500749575    4391.24472772422      178.92397272404136    25    
57238.948500749575    4308.455368184091     176.5772885995845     25    
57239.448500749575    4226.422270030839     180.88156616849096    25    
57239.948500749575    4145.783722520456     186.09824745279275    25    
57240.448500749575    4067.4007126356382    188.32518916914634    25    
57240.948500749575    3991.317648395464     187.93382492621046    25    
57241.448500749575    3918.0866157153823    183.53895936612815    25    
57241.948500749575    3847.3040214308985    175.1152174637218     25    
57242.448500749575    3778.7238359338057    158.6771268697524     25    
57242.948500749575    3712.1698616224326    140.5915740230498     25    
57243.448500749575    3647.414903706609     138.63122844883347    25    
57243.948500749575    3584.067529645334     142.57400529035178    25    
57244.448500749575    3521.576134617819     137.5928972319002     25    
57244.948500749575    3459.363218268004     130.59205474334672    25    
57245.448500749575    3396.1475208135375    130.15630820610883    25    
57245.948500749575    3331.5798046287164    133.14599554910495    25    
57246.448500749575    3264.022807672618     137.31513075322843    25    
57246.948500749575    3193.737702421551     141.38560885119892    25    
57247.448500749575    3120.0196133515037    140.15381885675512    25    
57247.948500749575    3043.627125426832     135.65058351202543    25    
57248.448500749575    2966.1974192271614    130.41287373286258    25    
57248.948500749575    2887.986127065564     124.76274945338973    25    
57249.448500749575    2811.0010576189825    123.39596720712294    25    
57249.948500749575    2735.163177667152     124.35955787926926    25    
57250.448500749575    2661.819386589324     120.94879892270275    25    
57250.948500749575    2590.6540785038105    115.17113821099127    25    
57251.448500749575    2521.2560445350773    114.0638798671522     25    
57251.948500749575    2453.577574495758     116.47145762487109    25    
57252.448500749575    2387.004244177787     120.7138839367231     25    
57252.948500749575    2321.59164126088      125.99065449506926    25    
57253.448500749575    2257.0928667712674    125.72423939035698    25    
57253.948500749575    2193.6132449041284    120.95197724555074    25    
57254.448500749575    2131.8997561989827    115.82907150198096    25    
57254.948500749575    2071.9564131182688    109.84282597429058    25    
57255.448500749575    2014.647120374288     99.81635102559223     25    
57255.948500749575    1959.9443804317884    84.95644080363036     25    
57256.448500749575    1908.4280371069005    77.51765435790294     25    
57256.948500749575    1860.0751062946808    79.0564193768146      25    
57257.448500749575    1814.648358995035     78.92185384312322     25    
57257.948500749575    1772.1530056688457    77.15631325213027     25    
57258.448500749575    1732.2883188641754    75.2142582539864      25    
57258.948500749575    1695.0596994854       73.06163830663833     25    
57259.448500749575    1660.177372986171     71.64253802504506     25    
57259.948500749575    1627.6453020514768    71.05391107649955     25    
57260.448500749575    1597.1755980236114    70.90085445078076     25    
57260.948500749575    1568.7698900296584    70.803120629204       25    
57261.448500749575    1542.1430706390875    75.57831003191482     25    
57261.948500749575    1517.2935400825386    85.61673047618866     25    
57262.448500749575    1493.9398674951876    91.8283280086505      25    
57262.948500749575    1472.0763288727078    92.85927677903287     25    
57263.448500749575    1451.4260652545013    98.05749971159507     25    