#Date  :
#Flux  :
#Fluxerr  :
#ZP  :
#end  :
@INSTRUMENT  SDSS
@BAND  SDSS_i
@MAGSYS  AB
54346.447586  1.371  1.333  23.908679999999997
54348.451857  -0.3346  1.223  23.908679999999997
54358.408451  1.404  1.265  23.908679999999997
54365.442089  0.1233  1.049  23.908679999999997
54381.46276  1.662  1.105  23.908679999999997
54386.455065  2.73  1.707  23.908679999999997
54388.459643  5.776  1.165  23.908679999999997
54392.457332  7.123  1.317  23.908679999999997
54393.46318  7.044  1.255  23.908679999999997
54396.326954  4.047  2.167  23.908679999999997
54403.373661  8.674  1.54  23.908679999999997
54406.367426  5.621  1.089  23.908679999999997
54409.372265  6.241  1.101  23.908679999999997
54412.39341  3.463  1.446  23.908679999999997
54416.366186  4.047  1.077  23.908679999999997
54421.371897  4.098  1.489  23.908679999999997
54423.348417  4.355  1.141  23.908679999999997
54433.370997  2.105  1.96  23.908679999999997
