#Date  :
#Flux  :
#Fluxerr  :
#ZP  :
#end  :
@INSTRUMENT  CNIa02
@BAND  SDSS_i
@MAGSYS  AB
58776.63230000017  2795.1170539918453  123.57110134352297  25.0
58777.62699999986  2535.128630497912  98.06746980842482  25.0
58780.24179999996  2070.1413487910413  366.0807636539452  25.0
58785.95930000022  1650.4409856522805  92.72685177370892  25.0
58785.97349999985  1609.9040762157053  81.55270479430736  25.0
58791.08999999985  1377.8438433514525  58.37588957233121  25.0
58794.35790000018  1231.402412206216  172.39285733820896  25.0
58797.08719999995  1129.2757442094182  72.80709784529596  25.0
58799.29419999989  1003.6909309200986  69.33251326472458  25.0
58802.657500000205  935.8365435835311  71.54079672059403  25.0
58805.310800000094  867.7607449911467  107.89701960701672  25.0
58809.062899999786  732.4871326650396  52.62235531708027  25.0
58811.18280000007  709.2510705558533  38.54141823682784  25.0
58813.882900000084  639.1458891858142  33.55448176420156  25.0
58816.98139999993  609.2562597496564  63.9706157964576  25.0
