53644.07531282465    2.372988512542192     0.5258509792574289     25    
53644.57531282465    2.7427468234456884    0.5258922244151947     25    
53645.07531282465    3.1373067079128134    0.5267799571180626     25    
53645.57531282465    3.5555008145324285    0.5341770974121398     25    
53646.07531282465    3.997709363752101     0.550095843087224      25    
53646.57531282465    4.463048577128112     0.5648568174841091     25    
53647.07531282465    4.950851972957989     0.5706018001211265     25    
53647.57531282465    5.461380466571936     0.5710575625590333     25    
53648.07531282465    5.993390028428416     0.5713639647875762     25    
53648.57531282465    6.546985019192284     0.5726465618667291     25    
53649.07531282465    7.1217031632785925    0.5737706703402701     25    
53649.57531282465    7.716517727887065     0.5746782021633645     25    
53650.07531282465    8.331842984608686     0.5753776409844441     25    
53650.57531282465    8.966620485245468     0.5759519870028483     25    
53651.07531282465    9.620443671823134     0.5763762772866738     25    
53651.57531282465    10.293368900580615    0.5767178097256624     25    
53652.07531282465    10.984249452767077    0.577057969931479      25    
53652.57531282465    11.694236513044007    0.5751174187725541     25    
53653.07531282465    12.42044023759989     0.576691021315723      25    
53653.57531282465    13.162974804747229    0.590149685417974      25    
53654.07531282465    13.923584178781145    0.6131667859027621     25    
53654.57531282465    14.678556679272107    0.6313178880285264     25    
53655.07531282465    15.428306555754178    0.6384973265924262     25    
53655.57531282465    16.16462350029046     0.6410982926996615     25    
53656.07531282465    16.857875573377214    0.6442580914346828     25    
53656.57531282465    17.517136087140834    0.6476386398111791     25    
53657.07531282465    18.12259479954698     0.6501759593823879     25    
53657.57531282465    18.653522299597157    0.6510788758199232     25    
53658.07531282465    19.11945726352689     0.6507723728432022     25    
53658.57531282465    19.528528139923097    0.6516211314682392     25    
53659.07531282465    19.87458453679108     0.6542451316009904     25    
53659.57531282465    20.171315109948377    0.6577325497389718     25    
53660.07531282465    20.438210910083754    0.661873719262179      25    
53660.57531282465    20.667631516877677    0.6671738060048832     25    
53661.07531282465    20.87838116001282     0.6707222368707736     25    
53661.57531282465    21.08228724442633     0.6747338442448371     25    
53662.07531282465    21.272375722353637    0.6755731187892159     25    
53662.57531282465    21.448439412537258    0.6564595824467859     25    
53663.07531282465    21.614036994092302    0.6034053501583045     25    
53663.57531282465    21.75959124120383     0.545484068117403      25    
53664.07531282465    21.876912673674603    0.5244472276157559     25    
53664.57531282465    21.96942139435312     0.5318832959185855     25    
53665.07531282465    22.02625814084023     0.5399629704165743     25    
53665.57531282465    22.042764343534383    0.5397591511295802     25    
53666.07531282465    22.0232122626533      0.5385326210280644     25    
53666.57531282465    21.96926551338039     0.5371173849273639     25    
53667.07531282465    21.8783294181436      0.535000747689608      25    
53667.57531282465    21.75964191039484     0.5337195096083059     25    
53668.07531282465    21.618210072049997    0.5352503638260501     25    
53668.57531282465    21.452314467604758    0.5384395558192389     25    
53669.07531282465    21.272296790173435    0.5397271648630932     25    
53669.57531282465    21.079185079633476    0.5377450471771583     25    
53670.07531282465    20.872145419558194    0.5349712170011002     25    
53670.57531282465    20.653355072255692    0.5338638187873891     25    
53671.07531282465    20.422761514235525    0.5339329387542622     25    
53671.57531282465    20.17681776366493     0.5342878592394218     25    
53672.07531282465    19.914591623761353    0.5348552103777272     25    
53672.57531282465    19.63609158151749     0.5354898744013018     25    
53673.07531282465    19.33799980161047     0.5351049297738363     25    
53673.57531282465    19.01903720052065     0.5336017756718068     25    
53674.07531282465    18.68339480154486     0.5314324856768834     25    
53674.57531282465    18.33289843635365     0.5285060324903016     25    
53675.07531282465    17.966556742926034    0.5247793415646921     25    
53675.57531282465    17.594798992962343    0.5224752381315404     25    
53676.07531282465    17.217596609007956    0.5231202809688773     25    
53676.57531282465    16.837834869609587    0.5247228652420695     25    
53677.07531282465    16.46483601815191     0.5259151315879651     25    
53677.57531282465    16.09595168041623     0.5298555232153955     25    
53678.07531282465    15.73594076960649     0.5238988837379489     25    
53678.57531282465    15.388205836765563    0.4907253619012068     25    
53679.07531282465    15.051335476497133    0.43711488423253975    25    
53679.57531282465    14.728554743776323    0.39967297954669423    25    
53680.07531282465    14.419356202458292    0.3953876925461889     25    
53680.57531282465    14.125160353562189    0.40287706724643735    25    
53681.07531282465    13.848633251171437    0.40360582480364793    25    
53681.57531282465    13.58913583217315     0.4026380727534198     25    
53682.07531282465    13.34579701035614     0.4009187469433556     25    
53682.57531282465    13.119454512205088    0.397535367507128      25    
53683.07531282465    12.908712913280135    0.39355241887077813    25    
53683.57531282465    12.709614335046918    0.3916224877406012     25    
53684.07531282465    12.523391595514557    0.3922409216669383     25    
53684.57531282465    12.34716342740344     0.39334117734302715    25    
53685.07531282465    12.17826274438789     0.3934654573332355     25    
53685.57531282465    12.017765655732468    0.393192793443754      25    
53686.07531282465    11.86287337093913     0.3921829523543686     25    
53686.57531282465    11.713258286342619    0.3923284202922244     25    
53687.07531282465    11.568818737747085    0.390085767622961      25    
53687.57531282465    11.428361489664107    0.37784854969762516    25    
53688.07531282465    11.292343243710569    0.3526716107387273     25    
53688.57531282465    11.159655901523472    0.32960399819969083    25    
53689.07531282465    11.029943727616615    0.32324091469327926    25    
53689.57531282465    10.903175037923834    0.32625858738241553    25    
53690.07531282465    10.777407115508181    0.32741660160781894    25    
53690.57531282465    10.653272151017774    0.3249426223523293     25    
53691.07531282465    10.529194508466936    0.3227130890914471     25    
53691.57531282465    10.403270544484396    0.3233135859807936     25    
53692.07531282465    10.276316599893528    0.3262347711997981     25    
53692.57531282465    10.14584166549587     0.32861437545588107    25    
53693.07531282465    10.010707915598942    0.32957541504215593    25    
53693.57531282465    9.871702130975258     0.32954940864726484    25    
53694.07531282465    9.728657609467517     0.32777898002857786    25    
53694.57531282465    9.580666776310816     0.32461002945109757    25    
53695.07531282465    9.430804025424722     0.31899454273248       25    
53695.57531282465    9.280971478834923     0.30817993885949463    25    
53696.07531282465    9.130429892750502     0.2929036081285062     25    
53696.57531282465    8.983029913236795     0.28232597682808713    25    
53697.07531282465    8.839379596648635     0.2815410038055535     25    
53697.57531282465    8.699122358860231     0.2840961944609201     25    
53698.07531282465    8.563426626977487     0.2829193610489053     25    
53698.57531282465    8.432674053870201     0.27881457485912536    25    
53699.07531282465    8.303503130376821     0.27526360146405215    25    
53699.57531282465    8.174858605129929     0.27433080905298296    25    
53700.07531282465    8.04680690627009      0.2747774726190885     25    
53700.57531282465    7.915484659923015     0.2755604427133734     25    
53701.07531282465    7.780988777045229     0.27718196177706755    25    
53701.57531282465    7.643157210164906     0.27838042730911505    25    
53702.07531282465    7.500561689954371     0.27878209380217833    25    
53702.57531282465    7.3534095648273095    0.27910779777085704    25    
53703.07531282465    7.205154892482838     0.27128516691402865    25    
53703.57531282465    7.055957726801123     0.24447116420620216    25    
53704.07531282465    6.9066426870480475    0.20691510825849294    25    
53704.57531282465    6.760790089749042     0.18447489427887728    25    
53705.07531282465    6.617559711370467     0.184209253213705      25    
53705.57531282465    6.47841939857463      0.18903838724107672    25    
53706.07531282465    6.3450702609334675    0.18695922172034876    25    
53706.57531282465    6.216725787892114     0.18337227838352613    25    
53707.07531282465    6.092655775145265     0.18110039671485148    25    
53707.57531282465    5.973043398971941     0.18090213177151376    25    
53708.07531282465    5.857403232271524     0.181788926198009      25    
53708.57531282465    5.744901194967608     0.18338569134624075    25    
53709.07531282465    5.635815589287282     0.18613559544848432    25    
53709.57531282465    5.529638219403622     0.18771243970058973    25    
53710.07531282465    5.425990125884965     0.18645551374225794    25    
53710.57531282465    5.325122321262124     0.18355069803028473    25    
53711.07531282465    5.227218983349919     0.18062444611081646    25    
53711.57531282465    5.132202111930933     0.17897680031509747    25    
53712.07531282465    5.040266915861687     0.17495239000785587    25    
53712.57531282465    4.951628913171081     0.16277475755143017    25    
53713.07531282465    4.8662076100636495    0.14190461758991949    25    
53713.57531282465    4.784106397520692     0.1244255556031087     25    
53714.07531282465    4.7054606412506       0.12050866260473775    25    
53714.57531282465    4.630082546743793     0.12301567223735327    25    
53715.07531282465    4.557696508442934     0.1232068066496276     25    
53715.57531282465    4.488417681398206     0.12200319744383045    25    
53716.07531282465    4.421949006229793     0.12074997046579676    25    
53716.57531282465    4.358119887868049     0.11961451915603903    25    
53717.07531282465    4.296986947771101     0.11853870528993299    25    
53717.57531282465    4.238172853037993     0.11784280443350154    25    
53718.07531282465    4.181735274623735     0.11762625668675707    25    
53718.57531282465    4.127502248520329     0.11773439028425149    25    
53719.07531282465    4.075185059705688     0.11750448796566505    25    
53719.57531282465    4.024905480388063     0.11647156870688688    25    
53720.07531282465    3.9763263953239516    0.11908678003198674    25    
53720.57531282465    3.929360870014333     0.12944273972262763    25    
53721.07531282465    3.883993316839089     0.14221947781123062    25    
53721.57531282465    3.8398594903171364    0.14959888104840396    25    
53722.07531282465    3.7970630956419797    0.1505842807460862     25    
53722.57531282465    3.7553615956548763    0.1517101717763303     25    
53723.07531282465    3.7145268046506303    0.1567399816362099     25    