53644.07531282465    2.3534388944406817    0.512783793483726      25    
53644.57531282465    2.708657830738979     0.509659117009333      25    
53645.07531282465    3.085207487325307     0.5096051022301072     25    
53645.57531282465    3.480950595943968     0.534786379521027      25    
53646.07531282465    3.8965832906682123    0.5899852041682255     25    
53646.57531282465    4.330487488378588     0.6381179513667169     25    
53647.07531282465    4.7814429479616605    0.654703572059928      25    
53647.57531282465    5.24992737137362      0.6537088504285187     25    
53648.07531282465    5.733663102697912     0.6525771789686834     25    
53648.57531282465    6.232841212707237     0.6550798528536979     25    
53649.07531282465    6.7466153350686735    0.6574229911503585     25    
53649.57531282465    7.273105655871682     0.6595171521006674     25    
53650.07531282465    7.813070652394149     0.6613820445577293     25    
53650.57531282465    8.364572443966836     0.6631153213502912     25    
53651.07531282465    8.926866675938491     0.6646774736054887     25    
53651.57531282465    9.500056529235884     0.6661606386812958     25    
53652.07531282465    10.081973935932684    0.6681205017196452     25    
53652.57531282465    10.67406239810272     0.6720119148722186     25    
53653.07531282465    11.272712796419691    0.6741549500815252     25    
53653.57531282465    11.877394081627582    0.6689764178021792     25    
53654.07531282465    12.490232053143444    0.6572973333824723     25    
53654.57531282465    13.08521901463921     0.6505601863196543     25    
53655.07531282465    13.662710888215125    0.6555826445618814     25    
53655.57531282465    14.213842272127938    0.6654965392839313     25    
53656.07531282465    14.706280014644467    0.672751350577019      25    
53656.57531282465    15.149577134935512    0.6781739694921137     25    
53657.07531282465    15.523366693944201    0.6820880264075487     25    
53657.57531282465    15.803612872557508    0.6832641195965293     25    
53658.07531282465    16.001826940342795    0.6823528718736042     25    
53658.57531282465    16.139117658900506    0.6829507771689075     25    
53659.07531282465    16.205751335381983    0.6859580614739726     25    
53659.57531282465    16.224839906383853    0.6901042056747826     25    
53660.07531282465    16.231422006258516    0.6951856386041915     25    
53660.57531282465    16.211766911956417    0.7018917231366887     25    
53661.07531282465    16.199652532083974    0.7061643981040255     25    
53661.57531282465    16.216298868871704    0.7050384232820648     25    
53662.07531282465    16.249209957427695    0.700702700290722      25    
53662.57531282465    16.298114689338217    0.6958417174168133     25    
53663.07531282465    16.36936311779529     0.6892518231077686     25    
53663.57531282465    16.445857610212585    0.6839079058358395     25    
53664.07531282465    16.51312038802355     0.6843770722597706     25    
53664.57531282465    16.577249684436772    0.6894009257238717     25    
53665.07531282465    16.61806987555746     0.692928458087175      25    
53665.57531282465    16.629840295109478    0.6925051278096186     25    
53666.07531282465    16.61574293945867     0.690489527310849      25    
53666.57531282465    16.570805099889654    0.6882961956311103     25    
53667.07531282465    16.49450112088333     0.6851969848542365     25    
53667.57531282465    16.391676100361053    0.6832471408731436     25    
53668.07531282465    16.26453812304247     0.6851865291039716     25    
53668.57531282465    16.112346154807877    0.6894110746475587     25    
53669.07531282465    15.939917410889048    0.6912021806176408     25    
53669.57531282465    15.747253960296732    0.695743586544636      25    
53670.07531282465    15.534982456345679    0.6914686037154029     25    
53670.57531282465    15.305170232177147    0.6554370336278229     25    
53671.07531282465    15.057190018212992    0.5810191819222884     25    
53671.57531282465    14.791733815111145    0.51284230271788       25    
53672.07531282465    14.508866316894816    0.49499100047142147    25    
53672.57531282465    14.208810549563488    0.5037133756804396     25    
53673.07531282465    13.892605785530256    0.5062226325623086     25    
53673.57531282465    13.557586605078685    0.5025561790681475     25    
53674.07531282465    13.211267596653457    0.49785388665003166    25    
53674.57531282465    12.858469227035839    0.49153171777052684    25    
53675.07531282465    12.496926723153832    0.4836260620321048     25    
53675.57531282465    12.142407933452358    0.4781110677258906     25    
53676.07531282465    11.7949709280228      0.47749902301522734    25    
53676.57531282465    11.458829419855208    0.4787121089097831     25    
53677.07531282465    11.14824582488502     0.47829369470986816    25    
53677.57531282465    10.860184586337937    0.47741479461398095    25    
53678.07531282465    10.59755147453155     0.4733704750716804     25    
53678.57531282465    10.36437899264414     0.46138235281129925    25    
53679.07531282465    10.158338316783682    0.4442255418538315     25    
53679.57531282465    9.975658306619502     0.43368961593839256    25    
53680.07531282465    9.8171031598307       0.43414776483718737    25    
53680.57531282465    9.680639239383652     0.43797795231324443    25    
53681.07531282465    9.563409426722684     0.4385604198783067     25    
53681.57531282465    9.4667180476477       0.4377087344606639     25    
53682.07531282465    9.386319551197017     0.4356907017985063     25    
53682.57531282465    9.321532830099137     0.43131756768061186    25    
53683.07531282465    9.271735630986292     0.4260808962815946     25    
53683.57531282465    9.231997399143205     0.4240475270423082     25    
53684.07531282465    9.203807836509256     0.4260146388935185     25    
53684.57531282465    9.18372019405941      0.42868754120983316    25    
53685.07531282465    9.168417679760479     0.4297191382002715     25    
53685.57531282465    9.159233517216466     0.43005106744569843    25    
53686.07531282465    9.15338289234075      0.4292846453956257     25    
53686.57531282465    9.150251363300512     0.42965982941819303    25    
53687.07531282465    9.150255454965325     0.42697937561985755    25    
53687.57531282465    9.152966310648969     0.41211643875564546    25    
53688.07531282465    9.158539802673744     0.3812122306611294     25    
53688.57531282465    9.166617139311773     0.35281056998725474    25    
53689.07531282465    9.177457433924733     0.3455543849292944     25    
53689.57531282465    9.19067467198409      0.3502755075370365     25    
53690.07531282465    9.204071211752991     0.3525130161167576     25    
53690.57531282465    9.218768058745647     0.34980913810411796    25    
53691.07531282465    9.232014507384832     0.34764066707876246    25    
53691.57531282465    9.240719473472346     0.35011578810580624    25    
53692.07531282465    9.24621914212726      0.3564190827496807     25    
53692.57531282465    9.244359061670766     0.3614141586891329     25    
53693.07531282465    9.233721262153317     0.36326233341358877    25    
53693.57531282465    9.214915122555334     0.3632204427823001     25    
53694.07531282465    9.18624681073933      0.3600159046981776     25    
53694.57531282465    9.147253271600942     0.34968829816372116    25    
53695.07531282465    9.100029463157673     0.3454131549222027     25    
53695.57531282465    9.045712735211051     0.36304001298162264    25    
53696.07531282465    8.983863676800098     0.3934571619291207     25    
53696.57531282465    8.916947192233579     0.4136853476279477     25    
53697.07531282465    8.845213019610599     0.4189476647514318     25    
53697.57531282465    8.768699483366458     0.4178074235219495     25    
53698.07531282465    8.688451502471805     0.4147723546499711     25    
53698.57531282465    8.604465889072838     0.4079353308442945     25    
53699.07531282465    8.515580367913762     0.4020089905574652     25    
53699.57531282465    8.421464142280419     0.40085175643767984    25    
53700.07531282465    8.322123674901501     0.40213364019718767    25    
53700.57531282465    8.216235571851941     0.40379107404419484    25    
53701.07531282465    8.103786457809637     0.4068686750984408     25    
53701.57531282465    7.9848388655986815    0.40874862418866903    25    
53702.07531282465    7.858972244746147     0.40839795791843053    25    
53702.57531282465    7.726204890440013     0.4072537516585529     25    
53703.07531282465    7.588128220552267     0.3902400932963257     25    
53703.57531282465    7.444822068779056     0.3348065135010175     25    
53704.07531282465    7.296661480241718     0.2513315901465643     25    
53704.57531282465    7.145222747560485     0.1930264853689634     25    
53705.07531282465    6.989863939307129     0.18874454271563865    25    
53705.57531282465    6.8322117634486       0.19976336614056103    25    
53706.07531282465    6.673173810197135     0.19603222153298616    25    
53706.57531282465    6.512458193155687     0.1908865819232991     25    
53707.07531282465    6.352934646633993     0.18717405012225533    25    
53707.57531282465    6.194236536613811     0.1856181829329083     25    
53708.07531282465    6.03759470817929      0.18533522302181338    25    
53708.57531282465    5.885454320472884     0.18595812613142565    25    
53709.07531282465    5.736994571358697     0.18801414162633792    25    
53709.57531282465    5.593735366769812     0.18872086317646664    25    
53710.07531282465    5.456781227662543     0.18596198623503465    25    
53710.57531282465    5.3254146302417436    0.18120156647860317    25    
53711.07531282465    5.199185241303798     0.17639762139555218    25    
53711.57531282465    5.07829647250778      0.1704518881537601     25    
53712.07531282465    4.962236669980618     0.16610216532008784    25    
53712.57531282465    4.850501993604827     0.16784619406414514    25    
53713.07531282465    4.743300467024922     0.1743881641501298     25    
53713.57531282465    4.640009066295187     0.1790431211576512     25    
53714.07531282465    4.540522044279668     0.17932712394574135    25    
53714.57531282465    4.444820543461243     0.17784324830388842    25    
53715.07531282465    4.352560591540821     0.17634775423226454    25    
53715.57531282465    4.263857490084995     0.17450620537565345    25    
53716.07531282465    4.178452171057679     0.17259217212957925    25    
53716.57531282465    4.096189358722516     0.1709064323092085     25    
53717.07531282465    4.0171205899652005    0.16933456463814506    25    
53717.57531282465    3.9409024161493167    0.16829349494138598    25    
53718.07531282465    3.8675873294132623    0.16792010602744584    25    
53718.57531282465    3.797018808012153     0.16799811466924935    25    
53719.07531282465    3.728934063356929     0.16813326983842677    25    
53719.57531282465    3.6634439325857513    0.16817216068678198    25    
53720.07531282465    3.600241573198533     0.16989178270839797    25    
53720.57531282465    3.5392478573612802    0.17499863974632157    25    
53721.07531282465    3.4804485972126638    0.18160736832777027    25    
53721.57531282465    3.42351225629381      0.18623320411992172    25    
53722.07531282465    3.3685332271350514    0.1873918441803897     25    
53722.57531282465    3.315290752266684     0.19037575481566213    25    
53723.07531282465    3.263577136920773     0.19787121421744547    25    