53398.65701843814    47.531852667892544    9.890279159669205     25    
53399.15701843814    56.373484337240285    9.92095027234967      25    
53399.65701843814    65.86798335726888     9.972016749278579     25    
53400.15701843814    75.97952384467315     10.100068303852629    25    
53400.65701843814    86.70174050075937     10.255499764200806    25    
53401.15701843814    97.98741068474813     10.335014846074873    25    
53401.65701843814    109.83889902755537    10.365613863043698    25    
53402.15701843814    122.20291978665657    10.396779311291915    25    
53402.65701843814    135.08523386684809    10.425818900097964    25    
53403.15701843814    148.43182607958943    10.44719652569699     25    
53403.65701843814    162.2465199478286     10.460372570109756    25    
53404.15701843814    176.47990449273846    10.469372405646608    25    
53404.65701843814    191.12853219968807    10.472231508359235    25    
53405.15701843814    206.1529879999669     10.48010242434233     25    
53405.65701843814    221.55458311574665    10.419838246499227    25    
53406.15701843814    237.26295301971808    10.499562863289263    25    
53406.65701843814    253.3062163464742     11.06798476710192     25    
53407.15701843814    269.4655148565432     11.765268400138174    25    
53407.65701843814    285.31075802646865    12.068635408071334    25    
53408.15701843814    300.8075789482725     12.15610889755868     25    
53408.65701843814    315.227134915466      12.25079294671954     25    
53409.15701843814    328.64424641090835    12.331209837154534    25    
53409.65701843814    340.3783831269736     12.363970644683723    25    
53410.15701843814    350.3699934076773     12.333855677698983    25    
53410.65701843814    358.903887818722      12.355870622336342    25    
53411.15701843814    365.8893006715674     12.464467886837268    25    
53411.65701843814    371.86644775315006    12.604616714961905    25    
53412.15701843814    376.98488092875255    12.797167995084896    25    
53412.65701843814    381.51804803452967    12.937654649101304    25    
53413.15701843814    385.8761332831817     12.991489898408744    25    
53413.65701843814    389.89209139187886    12.843083902277519    25    
53414.15701843814    393.589380925734      12.005513805072948    25    
53414.65701843814    396.88178189012405    10.716732140540818    25    
53415.15701843814    399.4346789305915     10.2400804575642      25    
53415.65701843814    401.2795146216794     10.470284662631217    25    
53416.15701843814    402.07624510714743    10.568923036372752    25    
53416.65701843814    401.81691881558265    10.535078926644582    25    
53417.15701843814    400.6127284129505     10.491108826962803    25    
53417.65701843814    398.4110010206128     10.428792734802665    25    
53418.15701843814    395.5125268751004     10.42280652511695     25    
53418.65701843814    391.97092069365664    10.551899204285968    25    
53419.15701843814    387.96342546409187    10.660677737034547    25    
53419.65701843814    383.68000367700165    10.650345875853763    25    
53420.15701843814    379.0687773702262     10.539142038664325    25    
53420.65701843814    374.19513165284764    10.221127198955823    25    
53421.15701843814    369.0056088858247     9.802350967266813     25    
53421.65701843814    363.38650304204407    9.667163866248814     25    
53422.15701843814    357.3468601409838     9.739388112454824     25    
53422.65701843814    350.7584962561212     9.748846081088866     25    
53423.15701843814    343.6197118289637     9.705694363461637     25    
53423.65701843814    336.0554173416836     9.637739435745948     25    
53424.15701843814    328.0273995932975     9.526959563804922     25    
53424.65701843814    319.8083998320614     9.477026526278484     25    
53425.15701843814    311.4267449982259     9.559393404781169     25    
53425.65701843814    303.07110422484124    9.636595247210284     25    
53426.15701843814    294.87157194308384    9.715624705455221     25    
53426.65701843814    286.8556054203603     9.614564653846344     25    
53427.15701843814    279.1407065057988     8.857379141110856     25    
53427.65701843814    271.7032776885616     7.75907641492877      25    
53428.15701843814    264.5775015213574     7.364983425061422     25    
53428.65701843814    257.7612454480064     7.486257762678311     25    
53429.15701843814    251.2918254516104     7.508476931573777     25    
53429.65701843814    245.16588642452223    7.479396795558051     25    
53430.15701843814    239.39347500522723    7.403608798160964     25    
53430.65701843814    233.97757006634367    7.2596259367249925    25    
53431.15701843814    228.9032251656359     7.1683839882784       25    
53431.65701843814    224.17057666973042    7.184916213796025     25    
53432.15701843814    219.7673295069408     7.213034381838745     25    
53432.65701843814    215.7031782241606     7.213347812409377     25    
53433.15701843814    211.9329993445126     7.194105215274451     25    
53433.65701843814    208.43146569518842    7.163143443111196     25    
53434.15701843814    205.15924565834362    7.082193892278751     25    
53434.65701843814    202.018362317696      6.809814881778296     25    
53435.15701843814    199.00815166296596    6.417168444737806     25    
53435.65701843814    196.00474827320502    6.261973614387162     25    
53436.15701843814    193.02179440500683    6.315280300010971     25    
53436.65701843814    189.99801984631398    6.311276989635747     25    
53437.15701843814    186.92983495391772    6.22912397760316      25    
53437.65701843814    183.83834522928203    6.218403698279109     25    
53438.15701843814    180.7225808176903     6.334138642693733     25    
53438.65701843814    177.5973536032986     6.432809404925829     25    
53439.15701843814    174.46540627964387    6.465899717838227     25    
53439.65701843814    171.33870542639298    6.43973337081125      25    
53440.15701843814    168.22613347545035    6.3248077498010895    25    
53440.65701843814    165.1351039202951     6.14257632427236      25    
53441.15701843814    162.08338590761153    5.8846036818828065    25    
53441.65701843814    159.07201579114454    5.590052437949397     25    
53442.15701843814    156.12687382608232    5.502596352310485     25    
53442.65701843814    153.24335968340526    5.5810347309619095    25    
53443.15701843814    150.41425266595894    5.5474480265090085    25    
53443.65701843814    147.6448288727194     5.39038548705453      25    
53444.15701843814    144.87332120681725    5.2997669422000335    25    
53444.65701843814    142.10238233301234    5.3171710008975595    25    
53445.15701843814    139.27835853888737    5.364917064701463     25    
53445.65701843814    136.37922763400644    5.445452684700865     25    
53446.15701843814    133.40903184748734    5.492501667119817     25    
53446.65701843814    130.341716137572      5.480600518359121     25    
53447.15701843814    127.22582147856045    5.3534719611614525    25    
53447.65701843814    124.11057674293187    4.8806091420734035    25    
53448.15701843814    121.00624226884088    4.197993964783179     25    
53448.65701843814    117.99122710527638    3.939088903172685     25    
53449.15701843814    115.05590907478282    4.019913173126287     25    
53449.65701843814    112.24944113587956    3.9848749121029634    25    
53450.15701843814    109.57025264353356    3.8492754239597144    25    
53450.65701843814    106.98628043024425    3.7836160034196022    25    
53451.15701843814    104.5005887018539     3.813412331084852     25    
53451.65701843814    102.0812346974418     3.8805078243863673    25    
53452.15701843814    99.72116463500423     4.0017760184050495    25    
53452.65701843814    97.41147287831167     4.073044629034863     25    
53453.15701843814    95.13712958548632     4.0075692609751385    25    
53453.65701843814    92.91499234355808     3.881387814513481     25    
53454.15701843814    90.75525321706961     3.771528006185206     25    
53454.65701843814    88.66276020561244     3.6196400739045185    25    
53455.15701843814    86.65815427390295     3.2700308053231857    25    
53455.65701843814    84.73918881463806     2.7485452520161866    25    
53456.15701843814    82.9213625804375      2.4857404692105476    25    
53456.65701843814    81.20323405164527     2.5198058752064734    25    
53457.15701843814    79.57577379084472     2.525256669535048     25    
53457.65701843814    78.04009662890901     2.4822769192770338    25    
53458.15701843814    76.58578273250345     2.441255262077978     25    
53458.65701843814    75.21250180216563     2.403279466878268     25    
53459.15701843814    73.9120041401732      2.3794149530388355    25    
53459.65701843814    72.68166719473884     2.37979283690545      25    
53460.15701843814    71.51598413046517     2.3950873346604027    25    
53460.65701843814    70.40921526019767     2.3874585768075236    25    
53461.15701843814    69.35895071843296     2.4266459468445896    25    
53461.65701843814    68.35676845211128     2.6756296891786793    25    
53462.15701843814    67.40247018616125     3.0048091376509882    25    
53462.65701843814    66.48594922404897     3.1483254135768672    25    
53463.15701843814    65.60816498721908     3.172470722611026     25    
53463.65701843814    64.75838002957975     3.3443891043647604    25    