#mB  c  mBmB x1x1 cc mBx1 mBc x1c
15.380824208577598  -0.3  0.002307847357678485  0.017660928733843572  0.00037202895038543387  -0.00014714807204581535  0.0004248356566951026  -0.00033554117478696384
15.381497868091408  0.3  0.0020582124997366486  0.014123885541318559  0.00038060763348655486  -0.0003352629121742598  0.000393884376371224  -0.00041244831779253696
15.886273442742796  0.0  0.0026096348873046243  0.019335857773855766  0.00041774537908011535  -0.0005410354222332081  0.000479699134276062  -0.00045406199477217253
16.386273442742798  0.0  0.003497842723644924  0.028160021685158288  0.0005107392694684397  -0.0008653428857545355  0.0006139927015760805  -0.000550011596146272
16.886273442742798  0.0  0.005353803920791393  0.04780407183962536  0.0007185715760002063  -0.0011330184805716677  0.0008759210879383005  -0.0006916160632432485
16.38480828232922  -0.15  0.0038754990150662635  0.03369401206728528  0.0005255205386092189  -0.0007903840982198091  0.0006691180145023688  -0.0005298307975922574
16.38518181364065  0.15  0.00320689022548175  0.024130736574991644  0.0005028714272594626  -0.0009047068073451317  0.0005759242044015802  -0.0005620255095674518
17.3808242085776  -0.3  0.015267039703310786  0.17463668212170183  0.0015235597015307103  -0.0009556957377601445  0.0023351556549763676  -0.0011603705446754234
17.381497868091408  0.3  0.006468738083277344  0.05320491364155221  0.0010698340241743194  -0.001254686334898576  0.00107721919813164  -0.0008454816068726285
