55670.65766541481    1.0900126499705975    0.245458513862716       25    
55671.15766541481    1.2361177929993084    0.24332449110234558     25    
55671.65766541481    1.391441629214836     0.24071869872785376     25    
55672.15766541481    1.5560082573650997    0.24681144266602384     25    
55672.65766541481    1.729824409868621     0.27008615008460846     25    
55673.15766541481    1.9128813252416332    0.30288606464713247     25    
55673.65766541481    2.1052023229898778    0.32922494765086646     25    
55674.15766541481    2.3068007136197473    0.339908301791788       25    
55674.65766541481    2.517663495286146     0.3404648810542004      25    
55675.15766541481    2.737811649768276     0.3378747592863673      25    
55675.65766541481    2.9672635071760394    0.33777884921536955     25    
55676.15766541481    3.2060049422717207    0.33839924356805434     25    
55676.65766541481    3.4540530406236307    0.3389046673679413      25    
55677.15766541481    3.711429593460827     0.33925653245743864     25    
55677.65766541481    3.978122469121694     0.33945807035587505     25    
55678.15766541481    4.254143298479285     0.33952724464844297     25    
55678.65766541481    4.5395157753974535    0.33947543857970036     25    
55679.15766541481    4.834232878759402     0.3392635004847111      25    
55679.65766541481    5.1382992262585745    0.3389413882687468      25    
55680.15766541481    5.451738916642889     0.3386160333034038      25    
55680.65766541481    5.774926757760644     0.3379539376538511      25    
55681.15766541481    6.107603118765008     0.33717341028434195     25    
55681.65766541481    6.448678730045592     0.3373996267145718      25    
55682.15766541481    6.799585625112018     0.33970696766555214     25    
55682.65766541481    7.160883550283303     0.343622241482455       25    
55683.15766541481    7.524172338003128     0.34749416105096675     25    
55683.65766541481    7.884591163117162     0.3500149412627181      25    
55684.15766541481    8.2476981472364       0.3517002632688632      25    
55684.65766541481    8.603418590331605     0.35306641602284217     25    
55685.15766541481    8.94207201085981      0.3545150149237988      25    
55685.65766541481    9.269934573151072     0.3560378589963074      25    
55686.15766541481    9.58053826435252      0.3573496075422482      25    
55686.65766541481    9.863931215050815     0.3581577279829017      25    
55687.15766541481    10.119740945491387    0.3581948826750684      25    
55687.65766541481    10.351623616583591    0.3579494089265497      25    
55688.15766541481    10.561652414575102    0.35809282249138064     25    
55688.65766541481    10.747081376433838    0.3587722015057793      25    
55689.15766541481    10.910552543718294    0.3597391031072391      25    
55689.65766541481    11.059987296946606    0.36092720363252373     25    
55690.15766541481    11.196719542007754    0.3625791666475496      25    
55690.65766541481    11.318688864896355    0.364572206950076       25    
55691.15766541481    11.43296599908734     0.3660271678099006      25    
55691.65766541481    11.544269910928596    0.36808232041948374     25    
55692.15766541481    11.64971266218617     0.37164246949467966     25    
55692.65766541481    11.748890845967122    0.3692424259832293      25    
55693.15766541481    11.842217775386906    0.3517361530384699      25    
55693.65766541481    11.930755407141381    0.31451880009552813     25    
55694.15766541481    12.010977900021418    0.27175438975528987     25    
55694.65766541481    12.079438205222175    0.24657512225597633     25    
55695.15766541481    12.138208239305914    0.24471061135430106     25    
55695.65766541481    12.1852503816251      0.25255575331969876     25    
55696.15766541481    12.217041072678713    0.2564911818281903      25    
55696.65766541481    12.23290454335225     0.25638627735657804     25    
55697.15766541481    12.234618948683103    0.2558229503658206      25    
55697.65766541481    12.22369687453092     0.25511430266191293     25    
55698.15766541481    12.198815720948588    0.2540837977323318      25    
55698.65766541481    12.161033342031216    0.2528565498398636      25    
55699.15766541481    12.11490364902107     0.25212132875079085     25    
55699.65766541481    12.06155809220736     0.25250568406843915     25    
55700.15766541481    11.99949870746945     0.2536378372910884      25    
55700.65766541481    11.932864109715668    0.25456348876953994     25    
55701.15766541481    11.864663338617953    0.25393181514561786     25    
55701.65766541481    11.793251494508407    0.25164731649643163     25    
55702.15766541481    11.718297509053901    0.25113698150993713     25    
55702.65766541481    11.640036886375466    0.25608612464344455     25    
55703.15766541481    11.559398218009866    0.26678937939038483     25    
55703.65766541481    11.473795759425318    0.27776091777055745     25    
55704.15766541481    11.38050824789342     0.2840495379635086      25    
55704.65766541481    11.281057710291421    0.2859551128322089      25    
55705.15766541481    11.173999737111494    0.2858520925571855      25    
55705.65766541481    11.056520234575297    0.28555528773145333     25    
55706.15766541481    10.927913476410952    0.28510112465784826     25    
55706.65766541481    10.789577911497723    0.2841147880017558      25    
55707.15766541481    10.642686189743559    0.2828562502570354      25    
55707.65766541481    10.486160793715468    0.2811245953527849      25    
55708.15766541481    10.320706421666484    0.27903801819151336     25    
55708.65766541481    10.1505117183101      0.277421294239687       25    
55709.15766541481    9.976896414481699     0.27697957564939185     25    
55709.65766541481    9.798223094130377     0.27735483047442117     25    
55710.15766541481    9.618505798444108     0.2776865888861333      25    
55710.65766541481    9.440404536472778     0.2779506332184621      25    
55711.15766541481    9.26186088864266      0.2791253037883598      25    
55711.65766541481    9.085173680014092     0.27788669689839335     25    
55712.15766541481    8.912633099592874     0.27010547767734117     25    
55712.65766541481    8.742992076599634     0.2532402518272423      25    
55713.15766541481    8.577208964700663     0.2341229850850133      25    
55713.65766541481    8.416773883297946     0.22261241374626578     25    
55714.15766541481    8.260956391091293     0.22142505605296142     25    
55714.65766541481    8.110397124306683     0.22475684652634936     25    
55715.15766541481    7.96657249235972      0.22677966731388524     25    
55715.65766541481    7.829950347752713     0.22668236674224115     25    
55716.15766541481    7.6997961089248115    0.22622415532261772     25    
55716.65766541481    7.575488905325712     0.2254185197929895      25    
55717.15766541481    7.457620914161307     0.22393257660353402     25    
55717.65766541481    7.3459172740987775    0.2219528534723972      25    
55718.15766541481    7.23777857864963      0.22051582290830263     25    
55718.65766541481    7.132173375720552     0.22051913167711346     25    
55719.15766541481    7.030271552392716     0.22157032818982275     25    
55719.65766541481    6.929633852613043     0.22267893582643827     25    
55720.15766541481    6.828281426407285     0.22310065673948729     25    
55720.65766541481    6.727233417171396     0.22322121923261037     25    
55721.15766541481    6.626245736610775     0.2229545661727676      25    
55721.65766541481    6.524730845662317     0.22232705461984442     25    
55722.15766541481    6.422191023263654     0.22228342174280188     25    
55722.65766541481    6.320035908021982     0.22085737498596603     25    
55723.15766541481    6.219878609656952     0.21530249080289213     25    
55723.65766541481    6.120954649936144     0.20241878970434077     25    
55724.15766541481    6.023935931461479     0.1862071310522086      25    
55724.65766541481    5.930579788648264     0.17420350377117183     25    
55725.15766541481    5.841303843429597     0.17113870018971541     25    
55725.65766541481    5.755490968484703     0.17284523569579902     25    
55726.15766541481    5.673052069835906     0.1743601283181343      25    
55726.65766541481    5.59462324856337      0.17302114488204595     25    
55727.15766541481    5.519947230592393     0.17095918490698192     25    
55727.65766541481    5.446760213812426     0.1693802493520167      25    
55728.15766541481    5.3740047659232095    0.16930526352374012     25    
55728.65766541481    5.3028216955837       0.17034602269865304     25    
55729.15766541481    5.231058961856958     0.17156521003661737     25    
55729.65766541481    5.156827192164457     0.17227960789352986     25    
55730.15766541481    5.081003859799791     0.17293715907684906     25    
55730.65766541481    5.003406203716976     0.17313493275679903     25    
55731.15766541481    4.923469260792825     0.17240794761341338     25    
55731.65766541481    4.840507626239214     0.17122963664929372     25    
55732.15766541481    4.756097379126431     0.1689258370278512      25    
55732.65766541481    4.67218843156266      0.1643295310803824      25    
55733.15766541481    4.587962188286778     0.15528018077517364     25    
55733.65766541481    4.504093656385662     0.14406103074207832     25    
55734.15766541481    4.422753231322378     0.135545102715412       25    
55734.65766541481    4.3443060925238095    0.13318067138107645     25    
55735.15766541481    4.268206589471715     0.1342786341655519      25    
55735.65766541481    4.1951855857387015    0.1353004211998805      25    
55736.15766541481    4.12601865280405      0.13412640804259993     25    
55736.65766541481    4.060316489385111     0.13224372103056742     25    
55737.15766541481    3.9966748442173836    0.13058624182252881     25    
55737.65766541481    3.9343569786662353    0.12990319440504708     25    
55738.15766541481    3.8741438812401823    0.12990651078000703     25    
55738.65766541481    3.814642367982572     0.1302080883731242      25    
55739.15766541481    3.7545706093167603    0.13056394084901118     25    
55739.65766541481    3.69458292492937      0.13127018383902714     25    
55740.15766541481    3.6342906428516106    0.13183268955083388     25    
55740.65766541481    3.5730070582125064    0.13177187335494117     25    
55741.15766541481    3.5104918760186026    0.1321924304262067      25    
55741.65766541481    3.4474381306472455    0.13141871688500828     25    
55742.15766541481    3.3846339048007645    0.1267133695771951      25    
55742.65766541481    3.32177746262569      0.1141983631875011      25    
55743.15766541481    3.259103899584889     0.09637989938870287     25    
55743.65766541481    3.197557393664421     0.08091755585338449     25    
55744.15766541481    3.137269268805608     0.07609852940765183     25    
55744.65766541481    3.078030601123759     0.07818280111049954     25    
55745.15766541481    3.020470814707297     0.08079607129952772     25    
55745.65766541481    2.9649547863728563    0.08018229743467094     25    
55746.15766541481    2.9112214291476346    0.07888477892030915     25    
55746.65766541481    2.8592952892465133    0.07762635002700065     25    
55747.15766541481    2.8092111543989975    0.07689806469420128     25    
55747.65766541481    2.760959655768654     0.07649067571042796     25    
55748.15766541481    2.7145143920572363    0.07633707562753009     25    
55748.65766541481    2.6698624878030723    0.07646227136091398     25    
55749.15766541481    2.6270496844562334    0.07706621173817804     25    
55749.65766541481    2.5859859639218654    0.07768610365468445     25    
55750.15766541481    2.546569143467558     0.077763959261949       25    
55750.65766541481    2.508932555936014     0.07718821566539227     25    
55751.15766541481    2.472902769694187     0.07630611185730825     25    
55751.65766541481    2.4381719985680697    0.07547530048089021     25    
55752.15766541481    2.404819267689437     0.0751370493679732      25    
55752.65766541481    2.372798573471365     0.07477866132723836     25    
55753.15766541481    2.3417751762135937    0.07344703046761471     25    
55753.65766541481    2.311683670098596     0.06995349114216456     25    
55754.15766541481    2.2826144897742586    0.06479674981338668     25    
55754.65766541481    2.2543130009960306    0.06020073726891125     25    
55755.15766541481    2.2266283187982774    0.05845472965582531     25    
55755.65766541481    2.199669608452921     0.058830113825059156    25    
55756.15766541481    2.1733776366481607    0.059648730857174134    25    
55756.65766541481    2.1477014202238687    0.059570080784681956    25    
55757.15766541481    2.1226752947063634    0.05911367158099076     25    
55757.65766541481    2.0982671360551355    0.05853926369268299     25    
55758.15766541481    2.074440394724214     0.05796100682813481     25    
55758.65766541481    2.0512193652734867    0.057304596730750494    25    
55759.15766541481    2.0285779678403864    0.056643344885161206    25    
55759.65766541481    2.0064748592995034    0.056104838236355       25    
55760.15766541481    1.9849278678550744    0.05569203361868981     25    
55760.65766541481    1.9639221735796208    0.05537619588103792     25    
55761.15766541481    1.9434144459226392    0.055161080081294986    25    
55761.65766541481    1.9234104344240253    0.05495516939491143     25    
55762.15766541481    1.90390938524574      0.05484606469618183     25    
55762.65766541481    1.8848679069955636    0.055079326661907756    25    
55763.15766541481    1.8662766969532443    0.05590211910631687     25    
55763.65766541481    1.8481492348116455    0.057147770346050286    25    
55764.15766541481    1.8304430087495125    0.058357013181861844    25    
55764.65766541481    1.8131362874156296    0.05903385269820841     25    
55765.15766541481    1.7962513542502403    0.059245150590593286    25    
55765.65766541481    1.7797493223156653    0.05997230816697227     25    
55766.15766541481    1.7635988377840845    0.06180281253096727     25    