57346.3616203413    341.2957550081074     44.3049789154802      25    
57346.8616203413    404.15597088970407    43.49538915082549     25    
57347.3616203413    470.92152400467216    44.435696715700594    25    
57347.8616203413    541.1848235756393     51.540316105006035    25    
57348.3616203413    614.7259520400504     58.69010257402274     25    
57348.8616203413    691.0523098334526     60.262583927446954    25    
57349.3616203413    770.0219259241096     59.644452788658484    25    
57349.8616203413    851.071316473012      59.769098266603415    25    
57350.3616203413    934.1223324667133     59.941567858228204    25    
57350.8616203413    1018.5547303041798    60.083902952607       25    
57351.3616203413    1104.3400584777273    60.20325384834662     25    
57351.8616203413    1190.815438136825     60.30127392441141     25    
57352.3616203413    1277.987990767018     60.3878585907034      25    
57352.8616203413    1365.1917812412478    60.417700489140515    25    
57353.3616203413    1452.4429085700228    60.447100411176315    25    
57353.8616203413    1538.9413656670436    61.920432139816626    25    
57354.3616203413    1624.7696791002054    64.75410399542929     25    
57354.8616203413    1707.4294539845787    66.67208180464056     25    
57355.3616203413    1787.0785777371714    67.61523268722307     25    
57355.8616203413    1860.656119226679     68.33516515112208     25    
57356.3616203413    1928.1177871013974    68.90504984480903     25    
57356.8616203413    1987.0309067891146    69.19594010004104     25    
57357.3616203413    2036.4849381035322    69.0331154342454      25    
57357.8616203413    2078.4066079302056    69.2973396978496      25    
57358.3616203413    2112.506496131825     70.35483265726694     25    
57358.8616203413    2141.841346819026     71.64805668877584     25    
57359.3616203413    2167.177737210114     73.29730006622638     25    
57359.8616203413    2190.5306823153433    74.30059566804786     25    
57360.3616203413    2213.7804711896615    74.17392155321154     25    
57360.8616203413    2235.693362174715     72.70222197126468     25    
57361.3616203413    2256.474006487859     68.28437552387113     25    
57361.8616203413    2274.474872357372     63.755366330553485    25    
57362.3616203413    2288.1520451383794    63.722613029310736    25    
57362.8616203413    2296.840772786965     65.22486679863677     25    
57363.3616203413    2298.3006813568777    65.21448264203585     25    
57363.8616203413    2293.427826879488     64.791803609018       25    
57364.3616203413    2282.408444903644     64.40930876637573     25    
57364.8616203413    2265.936934796736     64.16651800615536     25    
57365.3616203413    2246.1589027394825    65.01150504623214     25    
57365.8616203413    2223.136013172061     66.38958413335304     25    
57366.3616203413    2199.2607581229277    66.73619824185704     25    
57366.8616203413    2174.1766120291504    66.12346742794496     25    
57367.3616203413    2147.932251388855     62.51829647255353     25    
57367.8616203413    2120.4376211850436    55.827827620082545    25    
57368.3616203413    2090.06421677891      52.592174205976804    25    
57368.8616203413    2056.8864640800607    53.34195076980616     25    
57369.3616203413    2019.3661343434019    53.66860663321904     25    
57369.8616203413    1977.3698344623185    53.411435725824695    25    
57370.3616203413    1931.7108905194953    52.89664512206807     25    
57370.8616203413    1882.1417050549449    51.972963705268576    25    
57371.3616203413    1830.977171753188     51.73075713922197     25    
57371.8616203413    1778.2996663147055    52.65252112395547     25    
57372.3616203413    1726.0816919890765    53.23679141230015     25    
57372.8616203413    1674.7618392320246    52.94851137941919     25    
57373.3616203413    1625.2672238611276    52.551175252009536    25    
57373.8616203413    1578.0484468552143    52.246522268998994    25    
57374.3616203413    1533.383601752389     52.07132188448869     25    
57374.8616203413    1491.469340867203     52.21691149778728     25    
57375.3616203413    1452.6302284564538    52.34109577644063     25    
57375.8616203413    1417.2168286101514    52.22909214961281     25    
57376.3616203413    1385.1987043153927    51.86345694045364     25    
57376.8616203413    1356.7585984261725    50.89375750825257     25    
57377.3616203413    1331.722165414829     49.88370636305149     25    
57377.8616203413    1309.9408799870841    49.84593032537712     25    
57378.3616203413    1291.3526698371936    50.21592020729237     25    
57378.8616203413    1275.838694265843     50.31916983141695     25    
57379.3616203413    1263.2096967503908    50.28649253655337     25    
57379.8616203413    1252.923425861622     50.044477786932866    25    
57380.3616203413    1244.8294660228273    49.57561725848313     25    
57380.8616203413    1237.8177989970934    48.5732843581977      25    
57381.3616203413    1231.8960438429867    47.18745476897863     25    
57381.8616203413    1225.8458323603822    46.70841662833839     25    
57382.3616203413    1219.7505847194652    47.00134446595681     25    
57382.8616203413    1213.0028231426784    46.87743949152622     25    
57383.3616203413    1205.6192475603837    46.34578630167214     25    
57383.8616203413    1197.7813667223807    46.63857460886881     25    
57384.3616203413    1189.4806546623813    47.88715594173325     25    
57384.8616203413    1180.883059521357     48.63839748986785     25    
57385.3616203413    1172.0049133355033    48.770213655049396    25    
57385.8616203413    1162.868155557617     48.3388757252559      25    
57386.3616203413    1153.5067271084174    47.11776781697073     25    
57386.8616203413    1143.7806092337796    46.13906784045946     25    
57387.3616203413    1133.679376913954     45.78224867341081     25    
57387.8616203413    1123.08810990436      45.796367180505754    25    
57388.3616203413    1111.9790281651024    46.430613272468335    25    
57388.8616203413    1100.2574847687965    46.66140747624675     25    
57389.3616203413    1087.8813781072008    45.438897141146235    25    
57389.8616203413    1074.7769390950746    44.29400410201775     25    
57390.3616203413    1060.8894685050823    44.550189194706725    25    
57390.8616203413    1046.1615434228268    45.292797293454356    25    
57391.3616203413    1030.5099809160042    46.21390868652442     25    
57391.8616203413    1013.9240324070574    46.84528522910944     25    
57392.3616203413    996.3339730356059     46.50080542699637     25    
57392.8616203413    977.7646278796102     44.818152551703       25    
57393.3616203413    958.2233816328414     39.056187781159906    25    
57393.8616203413    937.7152917508284     30.20104525327203     25    
57394.3616203413    916.2203067011654     26.68611054813622     25    
57394.8616203413    893.7988786535516     27.531673695124205    25    
57395.3616203413    870.6317795170241     27.025096692247022    25    
57395.8616203413    846.7865400782993     26.07462564368545     25    
57396.3616203413    822.9513072235491     25.90977560726886     25    
57396.8616203413    799.1029777494169     26.434379998376606    25    
57397.3616203413    776.0059574544877     27.211566532756212    25    
57397.8616203413    753.6273013543127     28.248983989489854    25    
57398.3616203413    732.4420501698129     28.34845775765909     25    
57398.8616203413    712.4827587438864     27.41188698196219     25    
57399.3616203413    693.5493534465415     26.328874749490268    25    
57399.8616203413    675.6553821349294     25.259171729718286    25    
57400.3616203413    658.5852348641533     23.403228618011784    25    
57400.8616203413    642.3223830302844     19.92218947025131     25    
57401.3616203413    626.724578655489      17.187148575962123    25    
57401.8616203413    611.7476831031619     17.082076019675714    25    
57402.3616203413    597.3739742892084     17.2988867036626      25    
57402.8616203413    583.5899489170015     16.90899026881557     25    
57403.3616203413    570.3769421637968     16.47210089781192     25    
57403.8616203413    557.7257843687148     16.04086465828327     25    
57404.3616203413    545.6178648452519     15.711679226522875    25    
57404.8616203413    534.0400371902532     15.621127010112088    25    
57405.3616203413    522.9778663638067     15.687511028987432    25    
57405.8616203413    512.4139446391241     15.38790049592233     25    
57406.3616203413    502.337988501811      15.92378039069156     25    
57406.8616203413    492.72874397283476    19.47143138868444     25    
57407.3616203413    483.5794650876124     23.188191859469114    25    
57407.8616203413    474.8656724488927     24.16282934584997     25    
57408.3616203413    466.58353337871876    24.300074262253137    25    
57408.8616203413    458.70596732480647    25.70468148598629     25    