@INSTRUMENT DECam
@BAND DECam_r
@MAGSYS AB
#Date : MJD
#Flux : 
#Fluxerr : 
#ZP : 
#end
56890.388  -0.855  10.932  27.498346442599363
56903.399  49.489  9.088  27.498346442599363
56915.28  158.75  31.635  27.498346442599363
56923.331  56.975  8.904  27.498346442599363
56927.296  51.764  6.9163  27.498346442599363
56932.273  30.39  6.0919  27.498346442599363
56943.218  54.325  36.397  27.498346442599363
56956.143  14.295  4.937  27.498346442599363
56960.259  2.734  10.691  27.498346442599363
56963.23  6.7344  15.524  27.498346442599363
56973.131  5.9587  5.726  27.498346442599363
56980.195  1.889  4.9442  27.498346442599363
56987.196  -2.218  5.5326  27.498346442599363
56990.196  -3.803  6.8851  27.498346442599363
