#mB  c  mBmB x1x1 cc mBx1 mBc x1c
22.309675837621455  -0.3  0.0015338791190326823  0.15041045932122823  0.0008725649326719353  0.010462666162457173  0.0004016054900908389  0.0009283484058405125
22.310737661368552  0.3  0.0017876766211837244  0.13561088776217106  0.0009727913384502345  0.009947406481222859  0.0009547558582639955  0.0024232555388907437
22.81534301040307  0.0  0.004190115113192928  0.45639997501280233  0.0019439283176587666  0.03340480133638151  0.0016206707397845397  0.007622199707603851
23.31534301040307  0.0  0.009704859147115986  1.1103151761758023  0.00428639258137264  0.08108168384682002  0.003518516593150114  0.018151002307568578
23.81534301040307  0.0  0.0234881289341992  2.751040862571478  0.010126014965469544  0.20053565109115473  0.008233457309272132  0.044366668433132334
23.313774759269585  -0.15  0.008739601912598958  1.09330195790973  0.0036424297978060343  0.07766454341498753  0.0020959168481214483  0.012431857069734181
23.31434253138903  0.15  0.009604656757337258  0.9412854164883205  0.004538315801694949  0.06988436345506875  0.004287189525940464  0.017176724200708142
24.30967583762145  -0.3  0.03717876548404999  4.3543631217588326  0.013976059508468062  0.3020810794325192  -0.000883613695153775  -0.00452990314351446
24.31073766136855  0.3  0.054045539373926345  4.573097713833793  0.026184802800195587  0.3396352789597527  0.026884212194866124  0.08319130736341639
