@INSTRUMENT DECam
@BAND DECam_z
@MAGSYS AB
#Date : MJD
#Flux : 
#Fluxerr : 
#ZP : 
#end
56949.163  -9.741  10.257  27.498816820827223
56956.265  20.541  5.039  27.498816820827223
56961.206  76.789  7.392  27.498816820827223
56973.197  150.09  4.3209  27.498816820827223
56980.128  142.7  4.2912  27.498816820827223
56987.133  102.27  4.3  27.498816820827223
56990.13  87.065  4.8595  27.498816820827223
57001.099  82.342  4.6642  27.498816820827223
57005.141  82.235  7.1306  27.498816820827223
57012.151  75.222  8.9555  27.498816820827223
57019.098  52.796  6.151  27.498816820827223
57040.06  20.662  5.3161  27.498816820827223
57045.061  20.462  7.7615  27.498816820827223
