57313.406221527825    0.9327326317214468    0.700216340470619      25    
57313.906221527825    1.1261635735763817    0.6598241306642284     25    
57314.406221527825    1.3421668229638453    0.6445689125774883     25    
57314.906221527825    1.5837348260560684    0.8297632511916713     25    
57315.406221527825    1.84988344483654      1.1544944931312953     25    
57315.906221527825    2.1431303110064635    1.3824090491049907     25    
57316.406221527825    2.4648474730927847    1.441121739173094      25    
57316.906221527825    2.8147305046880784    1.4222069760754885     25    
57317.406221527825    3.196023883485828     1.410440040267313      25    
57317.906221527825    3.6080405154026014    1.4126654273065469     25    
57318.406221527825    4.052674695702004     1.4140862488081622     25    
57318.906221527825    4.532025318903287     1.4143636375358        25    
57319.406221527825    5.045283895556526     1.413642015766605      25    
57319.906221527825    5.595649890943379     1.4118538831806093     25    
57320.406221527825    6.1830302988465755    1.408753947691209      25    
57320.906221527825    6.80854755612558      1.4048324384914028     25    
57321.406221527825    7.475594722968077     1.4004923357452201     25    
57321.906221527825    8.184054569575691     1.3952049332688354     25    
57322.406221527825    8.93017818375049      1.392010994623205      25    
57322.906221527825    9.725554922165703     1.392792385291973      25    
57323.406221527825    10.552717861780108    1.3963241894028042     25    
57323.906221527825    11.36482687399742     1.4019219186489964     25    
57324.406221527825    12.18090974021758     1.4102994774653628     25    
57324.906221527825    12.948079179190936    1.4190037757569491     25    
57325.406221527825    13.629749321044281    1.4264439485266336     25    
57325.906221527825    14.238032377395935    1.4330820329124971     25    
57326.406221527825    14.7121403154773      1.4361539198355449     25    
57326.906221527825    15.036655728974697    1.4331597997434422     25    
57327.406221527825    15.240251496079129    1.4294625577685984     25    
57327.906221527825    15.33400978616847     1.4310681082774945     25    
57328.406221527825    15.310348618265142    1.4362469697775049     25    
57328.906221527825    15.231543292611532    1.443418153641289      25    
57329.406221527825    15.10176084042668     1.4549927563345018     25    
57329.906221527825    14.935201149226952    1.4663086957204048     25    
57330.406221527825    14.786122976837223    1.4737128189921775     25    
57330.906221527825    14.643510196279285    1.4884528317296382     25    
57331.406221527825    14.516330868936436    1.4569278480361445     25    
57331.906221527825    14.415232744722903    1.301980984206059      25    
57332.406221527825    14.333296998536477    1.0527388796335688     25    
57332.906221527825    14.263892131145981    0.8866332758869558     25    
57333.406221527825    14.209066628645706    0.889940100129545      25    
57333.906221527825    14.163405759578465    0.9390722412565704     25    
57334.406221527825    14.12430839733019     0.9427892890635061     25    
57334.906221527825    14.092370708505586    0.937677959803022      25    
57335.406221527825    14.049603379764951    0.9313596504352611     25    
57335.906221527825    13.999830035874394    0.9221931880894212     25    
57336.406221527825    13.931232967219737    0.9145271125018021     25    
57336.906221527825    13.825514438535128    0.9173875521526206     25    
57337.406221527825    13.68956129156932     0.9298700544198043     25    
57337.906221527825    13.5037369363695      0.9379551754084089     25    
57338.406221527825    13.25632813534461     0.9337094965667847     25    
57338.906221527825    12.957766383361065    0.9248245238340473     25    
57339.406221527825    12.61537470227598     0.9198595537453932     25    
57339.906221527825    12.221900141948508    0.9178819887586751     25    
57340.406221527825    11.803856962799632    0.9184827028190895     25    
57340.906221527825    11.373568303511242    0.9238306919255512     25    
57341.406221527825    10.928610341259821    0.9318490466659626     25    
57341.906221527825    10.4992300606656      0.934502112357866      25    
57342.406221527825    10.08265740082055     0.9306422859709834     25    
57342.906221527825    9.686327625308374     0.9234145350632178     25    
57343.406221527825    9.322189336956352     0.9130163380769357     25    
57343.906221527825    8.98592277459031      0.89904253912431       25    
57344.406221527825    8.683128559410338     0.8917587994388567     25    
57344.906221527825    8.413741512741595     0.8974988381407272     25    
57345.406221527825    8.17954101533094      0.9069193777234539     25    
57345.906221527825    7.985735865970694     0.9106536960113528     25    
57346.406221527825    7.83167741027471      0.911936990739531      25    
57346.906221527825    7.7139225749867535    0.9031003167530044     25    
57347.406221527825    7.633741359583444     0.8708631396161725     25    
57347.906221527825    7.588080687300233     0.8283946773388545     25    
57348.406221527825    7.567314047775181     0.8103520142459986     25    
57348.906221527825    7.574433674085514     0.8220988480168852     25    
57349.406221527825    7.601824711830435     0.8381719718407428     25    
57349.906221527825    7.644120496332789     0.8427173709366423     25    
57350.406221527825    7.703111108976197     0.8430642287969049     25    
57350.906221527825    7.770782693827467     0.8391111194060832     25    
57351.406221527825    7.847910334016879     0.8272551853811864     25    
57351.906221527825    7.931820357978259     0.8158880444379099     25    
57352.406221527825    8.018520754043706     0.8164723696612397     25    
57352.906221527825    8.109569737036736     0.8260560041706922     25    
57353.406221527825    8.199498243414123     0.8341274728630068     25    
57353.906221527825    8.287798723511964     0.8378286186394455     25    
57354.406221527825    8.373520711097155     0.8392671068351553     25    
57354.906221527825    8.452781149263313     0.8364602142086259     25    
57355.406221527825    8.52675043113089      0.8271541495543748     25    
57355.906221527825    8.592939318038104     0.8251438650354013     25    
57356.406221527825    8.650401245995738     0.8436330987115039     25    
57356.906221527825    8.699134132917758     0.8707776873176262     25    
57357.406221527825    8.736177960431764     0.885986831700573      25    
57357.906221527825    8.761758215928792     0.8888555282844963     25    
57358.406221527825    8.775653196726209     0.8860409793322677     25    
57358.906221527825    8.776942471376389     0.8783281389615811     25    
57359.406221527825    8.766066783397596     0.8657007494526788     25    
57359.906221527825    8.744829917964646     0.8611782954384679     25    
57360.406221527825    8.712984378881432     0.8706101643554057     25    
57360.906221527825    8.671393156288136     0.8835694463530442     25    
57361.406221527825    8.621787650676668     0.8908605291798108     25    
57361.906221527825    8.563809887621291     0.8953447599535038     25    
57362.406221527825    8.49626123936214      0.894468185428148      25    
57362.906221527825    8.420172775908247     0.8823707320648739     25    
57363.406221527825    8.33347078800457      0.867065518255364      25    
57363.906221527825    8.231731892120404     0.864879848856141      25    
57364.406221527825    8.116520057223477     0.8766219482585483     25    
57364.906221527825    7.983700679818276     0.8886866592890994     25    
57365.406221527825    7.830142522815757     0.8941317478790424     25    
57365.906221527825    7.657446486908728     0.8962603820140009     25    
57366.406221527825    7.46538708847418      0.8918298536368586     25    
57366.906221527825    7.251804018679157     0.8765390056272311     25    
57367.406221527825    7.022743582848695     0.8620083642399847     25    
57367.906221527825    6.782757081843074     0.8612846886827296     25    
57368.406221527825    6.530140201315484     0.8697842199297154     25    
57368.906221527825    6.2731371269967715    0.8786832387339724     25    
57369.406221527825    6.011315392960739     0.8893113070986831     25    
57369.906221527825    5.747647436467767     0.8969941767616585     25    
57370.406221527825    5.48844732666874      0.8960860289863641     25    
57370.906221527825    5.23137929303223      0.8920498931000119     25    
57371.406221527825    4.982832425406666     0.8534427230698884     25    
57371.906221527825    4.744173907576125     0.7273486428105049     25    
57372.406221527825    4.51620010707686      0.5301652161868848     25    
57372.906221527825    4.305721443010783     0.39012454579633593    25    
57373.406221527825    4.111564652700878     0.3892683762919554     25    
57373.906221527825    3.9354979865242723    0.4232659627226093     25    
57374.406221527825    3.7805110339065298    0.41694237186007177    25    
57374.906221527825    3.644794025800834     0.4057487070588813     25    
57375.406221527825    3.5237660133581845    0.3985904503450979     25    
57375.906221527825    3.418545976913394     0.3966970638721397     25    
57376.406221527825    3.326016693820069     0.3981410692751025     25    
57376.906221527825    3.242482474645879     0.4035977974397345     25    
57377.406221527825    3.1693385402595475    0.41307386484614833    25    
57377.906221527825    3.102241037703733     0.4175480256991869     25    
57378.406221527825    3.0406368214647457    0.4127821702609147     25    
57378.906221527825    2.9841311620391706    0.4039168546559092     25    
57379.406221527825    2.9304361117001236    0.39696242302162243    25    
57379.906221527825    2.8803619287987203    0.39227348773095655    25    
57380.406221527825    2.8318053812476705    0.3813048590442999     25    
57380.906221527825    2.78387919756134      0.3526716231610066     25    
57381.406221527825    2.736778494486        0.31377225287496274    25    
57381.906221527825    2.6888377124070684    0.29142754452173425    25    
57382.406221527825    2.6399929535724955    0.2938389534084287     25    
57382.906221527825    2.5908044517303517    0.3012503364189317     25    
57383.406221527825    2.5414147267524894    0.2996586661435683     25    
57383.906221527825    2.4917974638931923    0.2950578555694163     25    
57384.406221527825    2.442640158400354     0.2897965535478704     25    
57384.906221527825    2.393844401516356     0.2835498207008102     25    
57385.406221527825    2.3457411920448874    0.27725633922224135    25    
57385.906221527825    2.2988239893543683    0.2727337665933424     25    
57386.406221527825    2.2528979915711127    0.2695546016470535     25    
57386.906221527825    2.2086087048020153    0.2676792424263151     25    
57387.406221527825    2.1660081451891937    0.26513072130839893    25    
57387.906221527825    2.1252529265523457    0.2652763379596698     25    
57388.406221527825    2.0869441302939196    0.27569196913140187    25    
57388.906221527825    2.0508700555404165    0.29699174076815027    25    
57389.406221527825    2.017586636095637     0.3150782457674845     25    
57389.906221527825    1.987333719892142     0.3196796923385224     25    
57390.406221527825    1.9600871500436223    0.3195297607762851     25    
57390.906221527825    1.9365163970023171    0.32924544962709823    25    