#Date  :
#Flux  :
#Fluxerr  :
#ZP  :
#end  :
@INSTRUMENT  SDSS
@BAND  SDSS_g
@MAGSYS  AB
54346.410377  2.26  1.27  23.897
54348.414546  1.384  0.7317  23.897
54355.425334  11.45  0.5678  23.897
54358.370989  17.66  0.6686  23.897
54365.404502  26.34  0.5846  23.897
54381.424842  10.28  0.5679  23.897
54384.431333  7.425  0.5477  23.897
54386.41703  6.292  0.6021  23.897
54388.421562  4.763  0.5263  23.897
54392.419155  4.724  0.6746  23.897
54393.424977  3.863  0.5371  23.897
54396.288682  2.266  3.277  23.897
54403.335212  0.9568  3.315  23.897
54405.390543  1.894  0.8319  23.897
54406.328901  1.497  0.6003  23.897
54412.354735  1.048  0.5376  23.897
54416.327409  1.255  0.4794  23.897
54421.332997  1.373  0.5594  23.897
54423.309468  0.04253  0.8712  23.897
54433.331811  2.69  1.917  23.897
