#Date  :
#Flux  :
#Fluxerr  :
#ZP  :
#end  :
@INSTRUMENT  PS
@BAND  PS_g
@MAGSYS  AB
55074.6015625  -14.402000427246094  13.996999740600586  27.5002
55086.6015625  -14.88700008392334  21.4950008392334  27.5002
55089.6015625  -6.014999866485596  10.265999794006348  27.5002
55095.5  -3.9730000495910645  14.182999610900879  27.5002
55098.5  -53.30799865722656  15.194999694824219  27.5002
55101.6015625  -14.73799991607666  9.701000213623047  27.5002
55104.6015625  -17.142000198364258  11.89900016784668  27.5002
55161.30078125  -8.883999824523926  16.94300079345703  27.5002
55170.30078125  -22.812999725341797  17.235000610351562  27.5002
55173.3984375  -3.2049999237060547  10.607999801635742  27.5002
55176.3984375  7.8420000076293945  10.883000373840332  27.5002
55188.30078125  -1.065000057220459  17.95199966430664  27.5002
55191.19921875  19.614999771118164  12.437000274658203  27.5002
55203.19921875  5.736999988555908  9.552000045776367  27.5002
55206.30078125  5.736000061035156  8.690999984741211  27.5002
55215.19921875  -3.9690001010894775  10.871000289916992  27.5002
55413.6015625  -9.663000106811523  17.65999984741211  27.5002
55416.6015625  5.373000144958496  12.105999946594238  27.5002
55422.6015625  9.784000396728516  13.60099983215332  27.5002
55425.6015625  22.711999893188477  10.180000305175781  27.5002
55428.6015625  37.97100067138672  11.717000007629395  27.5002
55446.6015625  129.5919952392578  11.42199993133545  27.5002
55449.6015625  94.71700286865234  12.39799976348877  27.5002
55452.6015625  89.29199981689453  10.604999542236328  27.5002
55455.6015625  47.56399917602539  11.631999969482422  27.5002
55458.6015625  61.38999938964844  16.333999633789062  27.5002
55467.6015625  58.18000030517578  26.158000946044922  27.5002
55476.6015625  27.52899932861328  11.572999954223633  27.5002
55479.6015625  0.8149999976158142  16.520000457763672  27.5002
55482.6015625  12.770000457763672  10.925999641418457  27.5002
55485.6015625  -16.209999084472656  17.601999282836914  27.5002
55500.5  11.053000450134277  10.041000366210938  27.5002
55503.3984375  6.015999794006348  11.685999870300293  27.5002
55509.5  14.67300033569336  10.494000434875488  27.5002
55524.5  -35.0629997253418  38.86199951171875  27.5002
55530.3984375  3.9549999237060547  35.61399841308594  27.5002
55587.30078125  -2.9100000858306885  11.147000312805176  27.5002
55590.30078125  1.7239999771118164  15.496000289916992  27.5002
55593.30078125  0.7059999704360962  12.395999908447266  27.5002
55596.30078125  19.204999923706055  11.201000213623047  27.5002
55809.6015625  -2.135999917984009  9.28600025177002  27.5002
55812.5  19.356000900268555  15.72700023651123  27.5002
55828.5  -6.9019999504089355  9.520000457763672  27.5002
55833.5  -7.085000038146973  11.569000244140625  27.5002
55836.5  2.364000082015991  18.062999725341797  27.5002
55839.5  6.318999767303467  17.19300079345703  27.5002
55852.6015625  -2.940999984741211  14.73900032043457  27.5002
55855.5  7.686999797821045  9.652999877929688  27.5002
55858.3984375  9.656999588012695  9.814000129699707  27.5002
55860.5  -4.377999782562256  11.461000442504883  27.5002
55863.5  -7.741000175476074  16.621000289916992  27.5002
55887.30078125  30.51099967956543  16.479999542236328  27.5002
55889.30078125  11.366000175476074  9.996999740600586  27.5002
55895.30078125  26.174999237060547  11.831000328063965  27.5002
55911.30078125  14.098999977111816  9.78499984741211  27.5002
55941.30078125  5.001999855041504  28.628999710083008  27.5002
56155.6015625  -4.692999839782715  11.73900032043457  27.5002
56161.6015625  1.6380000114440918  11.086000442504883  27.5002
56206.6015625  -8.11400032043457  12.692000389099121  27.5002
56209.6015625  -6.248000144958496  11.373000144958496  27.5002
56214.3984375  3.318000078201294  19.76099967956543  27.5002
56217.5  -6.373000144958496  14.821000099182129  27.5002
56220.5  5.830999851226807  17.638999938964844  27.5002
56235.5  -4.631999969482422  12.1850004196167  27.5002
56238.30078125  -9.279999732971191  21.753999710083008  27.5002
56241.3984375  -9.743000030517578  20.895999908447266  27.5002
56268.30078125  24.488000869750977  12.812999725341797  27.5002
56271.30078125  1.7960000038146973  10.817999839782715  27.5002
56303.19921875  -15.449999809265137  17.386999130249023  27.5002
56507.6015625  -7.448999881744385  10.70199966430664  27.5002
56512.6015625  -9.758000373840332  10.854000091552734  27.5002
56518.6015625  2.6559998989105225  10.175000190734863  27.5002
56534.6015625  -9.628999710083008  11.618000030517578  27.5002
56537.6015625  -3.309000015258789  9.164999961853027  27.5002
56545.6015625  -3.9170000553131104  12.437000274658203  27.5002
56563.6015625  38.569000244140625  27.33099937438965  27.5002
56574.6015625  -3.2170000076293945  13.479999542236328  27.5002
56593.5  -8.532999992370605  15.723999977111816  27.5002
56619.3984375  24.260000228881836  13.98799991607666  27.5002
56622.3984375  14.661999702453613  12.36299991607666  27.5002
56625.30078125  -2.868000030517578  15.982000350952148  27.5002
56630.30078125  9.116000175476074  12.718000411987305  27.5002
56633.19921875  -19.69099998474121  13.880000114440918  27.5002
56636.30078125  -28.017000198364258  23.722999572753906  27.5002
56649.3984375  -9.914999961853027  19.635000228881836  27.5002
56652.3984375  -11.543000221252441  12.333999633789062  27.5002
56655.30078125  -0.052000001072883606  13.491999626159668  27.5002
56663.30078125  -6.669000148773193  17.988000869750977  27.5002
