54326.094843737286    237.78662843346535    60.863940023628125    25    
54326.594843737286    281.29957878773394    60.2081903315256      25    
54327.094843737286    327.69394048382713    62.666776009075576    25    
54327.594843737286    376.70167123178754    76.44604686055197     25    
54328.094843737286    428.26540849453204    91.2699460043353      25    
54328.594843737286    482.03375789353174    96.07997629159574     25    
54329.094843737286    538.0151187499793     95.62348235815611     25    
54329.594843737286    595.8099250573648     95.90211936190668     25    
54330.094843737286    655.4571575345684     96.40919956387692     25    
54330.594843737286    716.5442590076887     96.72879371495915     25    
54331.094843737286    779.1056111326978     96.84968062974953     25    
54331.594843737286    842.7508460288993     96.88145912227218     25    
54332.094843737286    907.474565828768      96.77427632859964     25    
54332.594843737286    972.9461297987808     96.84501809754245     25    
54333.094843737286    1039.2012201274936    97.57623308456115     25    
54333.594843737286    1105.6531446225881    97.91394916336345     25    
54334.094843737286    1172.6359097503926    96.1522970599501      25    
54334.594843737286    1238.204948313842     94.58833407179087     25    
54335.094843737286    1299.936314041588     97.08890365516423     25    
54335.594843737286    1357.0751268582103    101.44213159030204    25    
54336.094843737286    1405.057704347501     104.17443224725713    25    
54336.594843737286    1444.2472325366004    106.02476609599975    25    
54337.094843737286    1469.995803834237     107.37220566495361    25    
54337.594843737286    1482.4732328037796    108.09409115190886    25    
54338.094843737286    1485.0358586203768    111.73683918734109    25    
54338.594843737286    1476.9407327920658    118.78086859557625    25    
54339.094843737286    1464.3702233377433    125.588915547058      25    
54339.594843737286    1447.787390437819     132.7532269573242     25    
54340.094843737286    1431.3997641325614    135.85119004924854    25    
54340.594843737286    1418.0589007202161    131.64067162910973    25    
54341.094843737286    1406.8229818657858    122.99209995827381    25    
54341.594843737286    1398.6173853864123    108.95939501844705    25    
54342.094843737286    1392.1641918177536    92.4088689162069      25    
54342.594843737286    1385.7550115201054    86.9705563124741      25    
54343.094843737286    1379.3281619684662    89.22581134824836     25    
54343.594843737286    1370.7678304068436    89.90909261922347     25    
54344.094843737286    1360.3638208781376    90.43914843384009     25    
54344.594843737286    1347.6571008466499    91.97994804424899     25    
54345.094843737286    1332.6250073989572    94.37850675793582     25    
54345.594843737286    1315.8380494128385    99.08103942781874     25    
54346.094843737286    1297.2806003463909    107.13729659034394    25    
54346.594843737286    1277.3575754219146    111.65541244798438    25    
54347.094843737286    1256.2430825512909    110.59771411601145    25    
54347.594843737286    1233.806588830769     106.33323150667323    25    
54348.094843737286    1210.122980664407     97.22272255609322     25    
54348.594843737286    1184.9411011857744    87.60931576236793     25    
54349.094843737286    1158.0180208503298    86.61931074035279     25    
54349.594843737286    1129.3206794923356    89.42624827786372     25    
54350.094843737286    1098.3918222031386    89.50919148640061     25    
54350.594843737286    1065.524814040703     88.45522507905608     25    
54351.094843737286    1031.5501051658691    86.41119579684485     25    
54351.594843737286    996.4281184182513     83.43027148418422     25    
54352.094843737286    962.1216535521683     84.5082616419394      25    
54352.594843737286    928.4586985961834     90.12037141319512     25    
54353.094843737286    897.2647481924265     93.7049373819107      25    
54353.594843737286    868.7433414334525     94.15206443105335     25    
54354.094843737286    843.3928713614754     93.99766906126007     25    
54354.594843737286    821.5723405894698     93.6056202965401      25    
54355.094843737286    803.0153943472918     93.62484552587163     25    
54355.594843737286    787.6892761524269     95.48895946290804     25    
54356.094843737286    775.5202322020954     97.19644941603595     25    
54356.594843737286    766.4927094803522     96.59109970736407     25    
54357.094843737286    760.4098207505663     94.21736154035159     25    
54357.594843737286    756.8114294412317     88.86662768491955     25    
54358.094843737286    755.6364905654908     81.01537379548597     25    
54358.594843737286    755.8703713120418     76.85830386364685     25    
54359.094843737286    757.6114435687326     76.44022759225875     25    
54359.594843737286    759.8019563357716     76.50040678852726     25    
54360.094843737286    762.4258307033695     77.05878889847509     25    
54360.594843737286    765.2459343967329     76.99185806314802     25    
54361.094843737286    768.0833602213031     75.52177443904704     25    
54361.594843737286    771.3946971855936     74.71269353580055     25    
54362.094843737286    775.2596948707813     75.73085672190508     25    
54362.594843737286    779.9253568010789     77.42279951658374     25    
54363.094843737286    785.7442955023472     79.63764538777833     25    
54363.594843737286    792.489636568976      81.47667565391853     25    
54364.094843737286    800.1630963625183     80.65726679036514     25    
54364.594843737286    808.4988945876673     78.6469419227271      25    
54365.094843737286    816.6478440335787     79.09817076487454     25    
54365.594843737286    824.6555157863135     81.06762365841729     25    
54366.094843737286    831.5020873152132     81.22757842819877     25    
54366.594843737286    837.2551677823516     79.7315805399308      25    
54367.094843737286    841.6755948627675     77.22024342320205     25    
54367.594843737286    844.6182787879236     73.04789217825181     25    
54368.094843737286    846.8381479813523     70.90579243942655     25    
54368.594843737286    848.3631666209757     72.72988502783387     25    
54369.094843737286    849.7554516261151     75.4015632112792      25    
54369.594843737286    851.4045260391359     77.55372022950411     25    
54370.094843737286    853.1544720274883     79.88494811452631     25    
54370.594843737286    855.2665616956956     81.32056041662051     25    
54371.094843737286    857.2117648467555     84.38393353192939     25    
54371.594843737286    858.2020238034125     94.76832319486931     25    
54372.094843737286    858.1763846587794     107.52094205755488    25    
54372.594843737286    856.0192280998218     115.34559990543126    25    
54373.094843737286    851.8647622301764     119.87810734541974    25    
54373.594843737286    845.1943172262004     116.58770984132224    25    
54374.094843737286    835.9688270850844     104.21569126580253    25    
54374.594843737286    824.8880449280706     89.72176255098287     25    
54375.094843737286    811.9084374579236     72.03428516575028     25    
54375.594843737286    797.6683769482171     56.992697916779235    25    
54376.094843737286    782.2880956363587     53.83515908437819     25    
54376.594843737286    766.1014571372349     55.39543248630631     25    
54377.094843737286    749.374451919663      56.451883083995654    25    
54377.594843737286    732.1155884173598     59.2857616588106      25    
54378.094843737286    714.4597625993819     64.47412957303884     25    
54378.594843737286    696.4275533995205     70.41370098137753     25    
54379.094843737286    678.1526299316989     75.38238673062716     25    
54379.594843737286    659.6468510008084     79.27765124517681     25    
54380.094843737286    641.1136672020034     78.3731676687711      25    
54380.594843737286    622.5373538888762     73.05601338451277     25    
54381.094843737286    604.2599589284386     66.42971540408368     25    
54381.594843737286    586.2493204690049     57.812750227046955    25    
54382.094843737286    568.8464183658151     49.379093817948096    25    
54382.594843737286    552.0736965430551     41.89340521004449     25    
54383.094843737286    536.1083232947007     36.21718442627839     25    
54383.594843737286    521.0625271845305     34.68398872654128     25    
54384.094843737286    506.84517280470106    34.81292564889977     25    
54384.594843737286    493.4468916306279     34.42025922004338     25    
54385.094843737286    480.82475091145176    34.232846760155454    25    
54385.594843737286    468.91845488413       33.98214586404021     25    
54386.094843737286    457.7171541534271     33.77886407432628     25    
54386.594843737286    447.14312503187483    33.75784460975154     25    
54387.094843737286    437.1991230194537     33.86151337617474     25    
54387.594843737286    427.797646232589      33.829790659287006    25    
54388.094843737286    418.94740166825915    33.681412301960926    25    
54388.594843737286    410.5587626449996     33.408299183809184    25    
54389.094843737286    402.6387342585696     32.745569421180925    25    
54389.594843737286    395.1032184278347     33.46950474020665     25    
54390.094843737286    387.94986494911257    34.34580274194904     25    
54390.594843737286    381.10775773981993    40.9999102440957      25    