53986.71245972823    6.91663231637528      1.6963187256514776     25    
53987.21245972823    8.047227820376136     1.6922327932508445     25    
53987.71245972823    9.249955193344762     1.7011718429090985     25    
53988.21245972823    10.518045180210018    1.7848427004849623     25    
53988.71245972823    11.853352817336445    1.92942843442998       25    
53989.21245972823    13.248101633134905    2.02624398806027       25    
53989.71245972823    14.702509937128108    2.045567392992857      25    
53990.21245972823    16.212575322001364    2.0409962269482573     25    
53990.71245972823    17.77311130149759     2.048762801054128      25    
53991.21245972823    19.38520550891993     2.056981079963589      25    
53991.71245972823    21.04084165922263     2.0639602785641458     25    
53992.21245972823    22.74148509190308     2.0696419616142903     25    
53992.71245972823    24.481310817375856    2.074462020774273      25    
53993.21245972823    26.257098819728565    2.078272209184185      25    
53993.71245972823    28.06840192614174     2.0816271212977404     25    
53994.21245972823    29.908502604775542    2.0909953285124305     25    
53994.71245972823    31.780584663682387    2.113551451993826      25    
53995.21245972823    33.66856079071947     2.0953071039837323     25    
53995.71245972823    35.588053439026       1.9775628543094839     25    
53996.21245972823    37.49785175981235     1.834702090989147      25    
53996.71245972823    39.34122186142742     1.7984216635503842     25    
53997.21245972823    41.13379003418397     1.8447067477113135     25    
53997.71245972823    42.77171266116572     1.8854964092893378     25    
53998.21245972823    44.26070150105668     1.9083712994392248     25    
53998.71245972823    45.55173599486827     1.925475899096795      25    
53999.21245972823    46.57183911832298     1.9313938606922423     25    
53999.71245972823    47.352755074021196    1.9303818774889858     25    
54000.21245972823    47.923109123697635    1.940355580333209      25    
54000.71245972823    48.26459491238447     1.9623373436483436     25    
54001.21245972823    48.45320703419416     1.9879168309924686     25    
54001.71245972823    48.5163212332013      2.0195280200935692     25    
54002.21245972823    48.463829311976795    2.048648530429775      25    
54002.71245972823    48.37242523409467     2.054355041970481      25    
54003.21245972823    48.22905007489394     2.041523575302275      25    
54003.71245972823    48.03836534445891     1.9971816875774582     25    
54004.21245972823    47.811334143584915    1.8887430612819467     25    
54004.71245972823    47.52845931089192     1.7712474658234936     25    
54005.21245972823    47.171177553099085    1.7390574128270524     25    
54005.71245972823    46.744115870781876    1.7672677512076302     25    
54006.21245972823    46.22381793161154     1.7797419898643618     25    
54006.71245972823    45.60333049400499     1.766346490900547      25    
54007.21245972823    44.90082676526224     1.748274613450627      25    
54007.71245972823    44.11903945636853     1.7304844843790161     25    
54008.21245972823    43.26485648957905     1.7138150957033869     25    
54008.71245972823    42.37747321052398     1.7162489328644859     25    
54009.21245972823    41.447625282615725    1.7422032457716654     25    
54009.71245972823    40.50853506271268     1.7584173963121525     25    
54010.21245972823    39.57493433165245     1.7559939868669732     25    
54010.71245972823    38.64281308069714     1.7326739908990887     25    
54011.21245972823    37.724257556581726    1.6565612099633402     25    
54011.71245972823    36.81704617228731     1.5218734239487568     25    
54012.21245972823    35.914238999836805    1.4253557084680268     25    
54012.71245972823    35.016211413214485    1.418510987883792      25    
54013.21245972823    34.11963933679011     1.4374843317668002     25    
54013.71245972823    33.22042475409092     1.432460631843268      25    
54014.21245972823    32.31952798918058     1.420510417334806      25    
54014.71245972823    31.412246664438413    1.4012012792556574     25    
54015.21245972823    30.499238198594295    1.3689330802715662     25    
54015.71245972823    29.577969721972188    1.343593172327721      25    
54016.21245972823    28.64696274793405     1.3455082825273943     25    
54016.71245972823    27.706153405301773    1.3591686031747203     25    
54017.21245972823    26.75184777167234     1.3644446329059061     25    
54017.71245972823    25.783457311648277    1.3691954020858605     25    
54018.21245972823    24.809097481933215    1.3339369932541887     25    
54018.71245972823    23.826790534223004    1.2067255995666706     25    
54019.21245972823    22.844934398289478    1.046199570623372      25    
54019.71245972823    21.87618880493858     0.9758904574411309     25    
54020.21245972823    20.917260910487265    0.980858193488571      25    
54020.71245972823    19.98498112275327     0.9851261940623746     25    
54021.21245972823    19.079848505078       0.9804634836554661     25    
54021.71245972823    18.205089457687876    0.9717165924380133     25    
54022.21245972823    17.36660002915551     0.9476920682155587     25    
54022.71245972823    16.561976263176025    0.9147986746216958     25    
54023.21245972823    15.790650156197376    0.8941875424747378     25    
54023.71245972823    15.05279735653201     0.888079885844185      25    
54024.21245972823    14.347700192884062    0.8850608557524443     25    
54024.71245972823    13.675224769056042    0.8814854601377151     25    
54025.21245972823    13.035076452287893    0.8774421100128891     25    
54025.71245972823    12.426320588930704    0.8699029756401692     25    
54026.21245972823    11.849243652101537    0.8612133010178374     25    
54026.71245972823    11.302441306040839    0.8270809008171742     25    
54027.21245972823    10.785945313258578    0.7351063385855984     25    
54027.71245972823    10.299011901174826    0.6277454432274666     25    
54028.21245972823    9.841074550453289     0.5902029270507755     25    
54028.71245972823    9.412061281080131     0.605774597317487      25    
54029.21245972823    9.007674113928992     0.6096413454964281     25    
54029.71245972823    8.629482740542297     0.5927329450308131     25    
54030.21245972823    8.271609946761604     0.5783570659176691     25    
54030.71245972823    7.930748612760455     0.5813992508088303     25    
54031.21245972823    7.606685643060257     0.5924523926570325     25    
54031.71245972823    7.291646607078908     0.5982270074916683     25    
54032.21245972823    6.986459679666353     0.6008705730762764     25    
54032.71245972823    6.6908140372939116    0.5959957485037926     25    
54033.21245972823    6.402056479322747     0.5789469755407036     25    
54033.71245972823    6.124686553787117     0.553977257388982      25    
54034.21245972823    5.864681784965039     0.523975969338721      25    
54034.71245972823    5.6204059859268245    0.48629424161994356    25    
54035.21245972823    5.3999152843507225    0.46277248116520014    25    
54035.71245972823    5.205078202354221     0.46801723458432015    25    
54036.21245972823    5.0338500468232095    0.47763749627380886    25    
54036.71245972823    4.888350811552241     0.4678143652948467     25    
54037.21245972823    4.766252009013505     0.4485905850308345     25    
54037.71245972823    4.654066332659623     0.4396939796960091     25    
54038.21245972823    4.554765789576329     0.44358743397753125    25    
54038.71245972823    4.457123733477342     0.45136025676033237    25    
54039.21245972823    4.35418526304392      0.46167572099433063    25    
54039.71245972823    4.247807320720547     0.4719778216699293     25    
54040.21245972823    4.13149589033398      0.4723041535934262     25    
54040.71245972823    4.005098706833882     0.4645291837273655     25    
54041.21245972823    3.8782275535585993    0.4451543932967462     25    
54041.71245972823    3.7509876171652063    0.4011475311696137     25    
54042.21245972823    3.6278279819209973    0.3498248511788893     25    
54042.71245972823    3.517125934910471     0.33129717010288307    25    
54043.21245972823    3.4166362392150726    0.33926653743912744    25    
54043.71245972823    3.3308983962262633    0.34053102757566744    25    
54044.21245972823    3.2622767997790105    0.32691579470371446    25    
54044.71245972823    3.204626700039202     0.3159699745947002     25    
54045.21245972823    3.1549664608074774    0.32150254963855995    25    
54045.71245972823    3.11315388539873      0.3361612979852134     25    
54046.21245972823    3.0715049224365076    0.3518835509247724     25    
54046.71245972823    3.031206565211646     0.3715999824415027     25    
54047.21245972823    2.988849418214375     0.38195139615642043    25    
54047.71245972823    2.941566027219308     0.37316571826429573    25    
54048.21245972823    2.8917326526384333    0.3546369097451655     25    
54048.71245972823    2.841185901822473     0.3373534198676683     25    
54049.21245972823    2.7893540656472973    0.31856288039286373    25    
54049.71245972823    2.7393756761361345    0.30406624420417366    25    
54050.21245972823    2.6914897779251317    0.2971776426495194     25    
54050.71245972823    2.6464845812599136    0.2948991022257363     25    
54051.21245972823    2.606162134486997     0.2962673114969571     25    
54051.71245972823    2.5698837943023336    0.30102571403118555    25    
54052.21245972823    2.5369903889031944    0.3014178942413796     25    
54052.71245972823    2.5076875968499746    0.2963545125781584     25    
54053.21245972823    2.4811946168850567    0.2891229450532665     25    
54053.71245972823    2.4571133769252627    0.28068077920391027    25    
54054.21245972823    2.4353885955618546    0.271075601199504      25    
54054.71245972823    2.4150944883653045    0.2632253265977521     25    
54055.21245972823    2.396471500368157     0.25695443531425616    25    
54055.71245972823    2.378624976239967     0.2522027694540323     25    
54056.21245972823    2.361437376373824     0.24751936511139114    25    
54056.71245972823    2.3445788162369365    0.2461398973796704     25    
54057.21245972823    2.3272802686487215    0.2538514137320598     25    
54057.71245972823    2.309746602528491     0.2686543496005378     25    
54058.21245972823    2.2909942222627095    0.28368820072601736    25    
54058.71245972823    2.271119044923888     0.2902162476992366     25    
54059.21245972823    2.249536223834363     0.3110048017171914     25    
54059.71245972823    2.2256901884929836    0.3519530073957088     25    