#Date  :
#Flux  :
#Fluxerr  :
#ZP  :
#end  :
@INSTRUMENT  PS
@BAND  PS_i
@MAGSYS  AB
55072.6015625  0.4269999861717224  12.371000289916992  27.5201
55075.6015625  -4.230000019073486  15.640000343322754  27.5201
55087.5  -14.045000076293945  14.055999755859375  27.5201
55090.6015625  10.805999755859375  10.006999969482422  27.5201
55093.5  -19.268999099731445  12.503000259399414  27.5201
55096.5  3.88100004196167  6.605999946594238  27.5201
55102.5  -0.550000011920929  11.604999542236328  27.5201
55180.30078125  -12.470999717712402  5.992000102996826  27.5201
55183.30078125  2.1389999389648438  8.010000228881836  27.5201
55186.3984375  -15.529999732971191  18.062999725341797  27.5201
55189.30078125  -3.9019999504089355  7.290999889373779  27.5201
55204.30078125  -4.9019999504089355  6.8979997634887695  27.5201
55213.19921875  -13.741999626159668  7.047999858856201  27.5201
55222.19921875  7.77400016784668  12.628000259399414  27.5201
55414.6015625  -6.206999778747559  8.508999824523926  27.5201
55417.6015625  3.4200000762939453  6.559000015258789  27.5201
55423.6015625  0.996999979019165  6.88100004196167  27.5201
55426.6015625  -8.315999984741211  8.086999893188477  27.5201
55435.5  8.331000328063965  9.54699993133545  27.5201
55441.6015625  -0.1340000033378601  7.034999847412109  27.5201
55444.6015625  -0.14300000667572021  7.306000232696533  27.5201
55447.6015625  -1.9359999895095825  6.63700008392334  27.5201
55453.6015625  17.599000930786133  8.901000022888184  27.5201
55456.6015625  2.078000068664551  7.081999778747559  27.5201
55468.6015625  7.001999855041504  13.88700008392334  27.5201
55477.5  1.159999966621399  7.382999897003174  27.5201
55480.6015625  -26.104000091552734  17.13599967956543  27.5201
55483.6015625  15.854999542236328  19.854999542236328  27.5201
55498.5  -0.7210000157356262  10.020000457763672  27.5201
55501.3984375  21.138999938964844  19.527999877929688  27.5201
55507.3984375  -0.5419999957084656  7.5920000076293945  27.5201
55510.3984375  -0.9869999885559082  7.300000190734863  27.5201
55516.3984375  4.019999980926514  9.199000358581543  27.5201
55534.3984375  -14.430000305175781  16.32200050354004  27.5201
55555.3984375  -17.874000549316406  21.891000747680664  27.5201
55561.30078125  15.163000106811523  10.258999824523926  27.5201
55570.30078125  195.031005859375  23.493999481201172  27.5201
55588.30078125  445.7539978027344  10.470999717712402  27.5201
55594.30078125  345.3840026855469  7.835999965667725  27.5201
55597.30078125  272.8580017089844  10.229999542236328  27.5201
55777.6015625  0.4749999940395355  10.487000465393066  27.5201
55810.6015625  8.760000228881836  5.53000020980835  27.5201
55813.5  -5.270999908447266  9.446999549865723  27.5201
55822.6015625  -0.4000000059604645  6.188000202178955  27.5201
55825.6015625  -7.827000141143799  10.677000045776367  27.5201
55829.6015625  -10.567999839782715  8.840999603271484  27.5201
55831.6015625  -7.979000091552734  7.577000141143799  27.5201
55834.5  2.315999984741211  10.355999946594238  27.5201
55837.6015625  3.5160000324249268  5.458000183105469  27.5201
55850.6015625  23.802000045776367  10.625  27.5201
55853.5  -0.20900000631809235  6.0879998207092285  27.5201
55859.5  8.574999809265137  7.329999923706055  27.5201
55871.5  -29.04199981689453  16.655000686645508  27.5201
55879.3984375  -0.0560000017285347  16.05900001525879  27.5201
55885.30078125  13.545999526977539  10.557000160217285  27.5201
55888.5  14.956999778747559  22.73699951171875  27.5201
55890.3984375  -3.7190001010894775  7.59499979019165  27.5201
55893.30078125  -13.904000282287598  14.359000205993652  27.5201
55896.30078125  -6.0269999504089355  7.645999908447266  27.5201
55912.30078125  5.129000186920166  9.345000267028809  27.5201
55915.30078125  20.783000946044922  24.954999923706055  27.5201
55918.19921875  -9.612000465393066  9.329000473022461  27.5201
56156.6015625  -4.197999954223633  8.531999588012695  27.5201
56166.6015625  -4.03000020980835  8.34000015258789  27.5201
56207.6015625  5.63700008392334  8.444000244140625  27.5201
56210.5  2.5799999237060547  6.808000087738037  27.5201
56213.3984375  13.17300033569336  9.937999725341797  27.5201
56215.5  2.8959999084472656  8.527999877929688  27.5201
56218.5  7.572000026702881  6.589000225067139  27.5201
56221.5  7.763999938964844  10.144000053405762  27.5201
56225.5  -0.5979999899864197  28.399999618530273  27.5201
56233.5  2.313999891281128  9.293999671936035  27.5201
56236.3984375  -10.220999717712402  6.968999862670898  27.5201
56239.5  7.820000171661377  9.79699993133545  27.5201
56242.3984375  8.583000183105469  11.003999710083008  27.5201
56272.3984375  -41.638999938964844  38.86899948120117  27.5201
56293.30078125  38.65700149536133  27.097999572753906  27.5201
56299.30078125  -9.611000061035156  13.289999961853027  27.5201
56302.30078125  16.768999099731445  9.003000259399414  27.5201
56314.30078125  -14.319000244140625  22.069000244140625  27.5201
56499.6015625  8.043000221252441  17.549999237060547  27.5201
56513.6015625  -0.2540000081062317  4.875  27.5201
56516.6015625  -0.5479999780654907  7.563000202178955  27.5201
56520.6015625  15.102999687194824  8.159000396728516  27.5201
56532.6015625  -4.2769999504089355  7.88100004196167  27.5201
56543.6015625  -0.8939999938011169  8.871999740600586  27.5201
56550.6015625  -10.37399959564209  13.62399959564209  27.5201
56564.6015625  25.415000915527344  12.175000190734863  27.5201
56567.5  9.836000442504883  12.79800033569336  27.5201
56569.6015625  0.7020000219345093  10.652999877929688  27.5201
56588.5  -7.38700008392334  14.005999565124512  27.5201
56594.5  3.7880001068115234  16.711000442504883  27.5201
56597.5  -11.913000106811523  7.333000183105469  27.5201
56599.5  6.939000129699707  15.093000411987305  27.5201
56620.3984375  -8.54800033569336  8.302000045776367  27.5201
56623.30078125  -5.410999774932861  6.539999961853027  27.5201
56626.30078125  -19.198999404907227  13.435999870300293  27.5201
56631.30078125  -9.649999618530273  7.617000102996826  27.5201
56656.30078125  -4.785999774932861  7.416999816894531  27.5201
56661.30078125  20.049999237060547  11.336000442504883  27.5201
56677.30078125  13.588000297546387  10.586000442504883  27.5201
