57654.58006208502    24.56302423052843     11.384851767871373    25    
57655.08006208502    29.266966201517068    11.475810898377686    25    
57655.58006208502    34.361200798752904    12.015591455271533    25    
57656.08006208502    39.838245123442064    14.184992344121389    25    
57656.58006208502    45.69660943143814     16.55374677947618     25    
57657.08006208502    51.92646086453201     17.41831990253131     25    
57657.58006208502    58.52814234366565     17.464959399916705    25    
57658.08006208502    65.49050563986852     17.58880225611916     25    
57658.58006208502    72.81469175051714     17.72365705014126     25    
57659.08006208502    80.48927166453302     17.788798691681066    25    
57659.58006208502    88.51514986707396     17.783247009165876    25    
57660.08006208502    96.88165115360722     17.714746578588382    25    
57660.58006208502    105.58840890841766    17.57143574639009     25    
57661.08006208502    114.62673149400815    17.402848317120498    25    
57661.58006208502    124.0105518225337     17.131161733999534    25    
57662.08006208502    133.68691915248257    17.04240880236585     25    
57662.58006208502    143.71738478274835    17.543029646012872    25    
57663.08006208502    153.86508996738985    18.248302012939803    25    
57663.58006208502    163.79163130686754    18.713490145536525    25    
57664.08006208502    173.4240147402311     19.06792029063351     25    
57664.58006208502    182.1390867169603     19.349983562506225    25    
57665.08006208502    189.99195998584588    19.550696908499322    25    
57665.58006208502    196.35562616252872    19.51729046114732     25    
57666.08006208502    201.24028324944354    19.2149531285321      25    
57666.58006208502    204.72874202453386    19.133547086685397    25    
57667.08006208502    206.76176518286982    19.359378684389956    25    
57667.58006208502    207.66486740696544    19.744510220402464    25    
57668.08006208502    207.47487632285956    20.399090010057222    25    
57668.58006208502    206.40776209340237    20.838127487582504    25    
57669.08006208502    204.58551339437165    20.811527672475442    25    
57669.58006208502    202.11810866763162    20.274054795178603    25    
57670.08006208502    199.19242077057592    18.541705732910728    25    
57670.58006208502    195.844677150837      16.20550148919425     25    
57671.08006208502    192.30975481410275    15.61015423945426     25    
57671.58006208502    188.57804222707296    16.22898307235113     25    
57672.08006208502    184.91781544992486    16.347140661232068    25    
57672.58006208502    181.30306809438977    16.126197014279697    25    
57673.08006208502    177.75523129824145    15.809035679405582    25    
57673.58006208502    174.29053400475482    15.342126592010144    25    
57674.08006208502    170.79520828511195    15.153085535152302    25    
57674.58006208502    167.26577676521634    15.473769244985187    25    
57675.08006208502    163.62635021400922    15.7352379939458      25    
57675.58006208502    159.82902845829037    15.729878094998893    25    
57676.08006208502    155.89900321214552    15.494278871103681    25    
57676.58006208502    151.82188261281402    14.766793490113711    25    
57677.08006208502    147.63561391167397    13.931535736823319    25    
57677.58006208502    143.3921429514408     13.84528739068884     25    
57678.08006208502    139.09724091467052    14.142704172542462    25    
57678.58006208502    134.8132840849298     14.129937611568378    25    
57679.08006208502    130.54055753006747    13.927893620577565    25    
57679.58006208502    126.40453655752044    13.706681483243973    25    
57680.08006208502    122.38963971979197    13.439454720929119    25    
57680.58006208502    118.66273348123683    13.479800611899915    25    
57681.08006208502    115.21736660168814    13.971854709310252    25    
57681.58006208502    112.19378516593535    14.27513807702737     25    
57682.08006208502    109.64737173036498    14.06698261911915     25    
57682.58006208502    107.54956768994705    13.948862014752606    25    
57683.08006208502    105.93598217763652    14.306876619873362    25    
57683.58006208502    104.71966015815451    14.84513302345648     25    
57684.08006208502    103.82381852961615    15.485072806110589    25    
57684.58006208502    103.22690805032522    16.082459719751647    25    
57685.08006208502    102.81307401714993    16.216011365266798    25    
57685.58006208502    102.59629829280661    16.01660075227834     25    
57686.08006208502    102.50736662762489    15.544009118462183    25    
57686.58006208502    102.55381974228436    14.772582200659228    25    
57687.08006208502    102.72912763889879    14.575041760204229    25    
57687.58006208502    103.03402891172634    15.07896735683263     25    
57688.08006208502    103.46067333957551    15.5461973706732      25    
57688.58006208502    104.01317940330075    15.899023876921886    25    
57689.08006208502    104.66660836927646    16.036782159916502    25    
57689.58006208502    105.42094803336572    15.83811722933327     25    
57690.08006208502    106.24509525117723    15.435292769367855    25    
57690.58006208502    107.11799994477431    14.781988446598401    25    
57691.08006208502    108.02499849681476    14.098416306448101    25    
57691.58006208502    108.93496297806671    13.978983030336906    25    
57692.08006208502    109.83881136866775    14.116216319723387    25    
57692.58006208502    110.68120228014791    13.794934436026013    25    
57693.08006208502    111.46355000385573    13.16682935859817     25    
57693.58006208502    112.10176442216076    12.94757023318349     25    
57694.08006208502    112.60445702556754    13.1495912599404      25    
57694.58006208502    112.88592694360743    13.28245085076066     25    
57695.08006208502    112.938237219365      13.335267750131434    25    
57695.58006208502    112.75695478960127    13.147444064128287    25    
57696.08006208502    112.31727669460211    12.476702464268508    25    
57696.58006208502    111.69254043007129    11.905058012341193    25    
57697.08006208502    110.9051313345651     11.937525965735746    25    
57697.58006208502    109.99387554857195    12.16088789718946     25    
57698.08006208502    109.02098849419171    12.314995632309744    25    
57698.58006208502    107.97372047152878    12.421588863616169    25    
57699.08006208502    106.88463027688807    12.237482953907296    25    
57699.58006208502    105.7325743231128     11.89959713501285     25    
57700.08006208502    104.44851318118488    11.970947498207142    25    
57700.58006208502    103.03857180627408    12.375303327587584    25    
57701.08006208502    101.42045296225321    12.704908705296651    25    
57701.58006208502    99.59311645101474     12.989386829662067    25    
57702.08006208502    97.5529965650524      12.972311353618629    25    
57702.58006208502    95.2742579219883      12.590294397862616    25    
57703.08006208502    92.8644014114114      11.856644706469492    25    
57703.58006208502    90.33905841940168     10.38109649382149     25    
57704.08006208502    87.77133179388471     8.977848282918847     25    
57704.58006208502    85.22368141140424     9.027476957956768     25    
57705.08006208502    82.70832615528172     9.56523699763954      25    
57705.58006208502    80.29352616904644     9.505781393190112     25    
57706.08006208502    77.95709134615653     9.271337208069474     25    
57706.58006208502    75.69158561286903     9.285631685941155     25    
57707.08006208502    73.49619384109633     9.461866816629161     25    
57707.58006208502    71.35227673618898     9.676785055108732     25    
57708.08006208502    69.26125063992282     9.949530331014756     25    
57708.58006208502    67.21500405076198     9.867503491575922     25    
57709.08006208502    65.21050364872636     9.317468167053468     25    
57709.58006208502    63.26177550059203     8.685477041181832     25    
57710.08006208502    61.36896986512381     8.075840138544775     25    
57710.58006208502    59.543560113117756    7.442469542172287     25    
57711.08006208502    57.79156612196905     6.706101180948148     25    
57711.58006208502    56.11541882486276     6.105665268699983     25    
57712.08006208502    54.52344403563912     6.137806465907532     25    
57712.58006208502    53.00985464320146     6.44623456150105      25    
57713.08006208502    51.569133650642996    6.488978858235573     25    
57713.58006208502    50.20059603677126     6.403967273802177     25    
57714.08006208502    48.8950764439489      6.211377233654777     25    
57714.58006208502    47.65340328666993     5.902498914758418     25    
57715.08006208502    46.46594010092135     5.558626593397692     25    
57715.58006208502    45.333614319869554    5.16401240714258      25    
57716.08006208502    44.247125846729226    4.796799319261625     25    
57716.58006208502    43.20663036153907     4.433172644623094     25    
57717.08006208502    42.20403490654162     4.310436532830781     25    
57717.58006208502    41.23785263684752     4.499954521116581     25    
57718.08006208502    40.302065631973605    5.057302393238052     25    
57718.58006208502    39.39268237096389     5.767869392848362     25    
57719.08006208502    38.50635728026065     6.973546064707101     25    
57719.58006208502    37.63652078905716     8.733306167941516     25    