@INSTRUMENT DECam
@BAND DECam_i
@MAGSYS AB
#Date : MJD
#Flux : 
#Fluxerr : 
#ZP : 
#end
57001.199  18.087  2.6426  27.50049715930016
57008.04  94.495  2.6738  27.50049715930016
57012.219  144.1  3.5646  27.50049715930016
57018.21  200.89  3.7905  27.50049715930016
57025.157  219.81  4.1697  27.50049715930016
57032.121  177.94  3.093  27.50049715930016
57039.089  133.94  2.796  27.50049715930016
57044.146  118.49  3.0618  27.50049715930016
57051.12  106.35  3.1666  27.50049715930016
57061.073  73.834  4.8847  27.50049715930016
