55111.465420309374    480.98333700016576    163.30550528027658    25    
55111.965420309374    604.4876624593561     134.36035159689888    25    
55112.465420309374    745.9649538466269     173.11959041003166    25    
55112.965420309374    906.5715029882177     340.91937990086984    25    
55113.465420309374    1087.2435687692705    455.28642309262324    25    
55113.965420309374    1289.243841446307     472.5579698875813     25    
55114.465420309374    1513.4050759063896    462.3296677388623     25    
55114.965420309374    1761.09057197192      463.6675272161505     25    
55115.465420309374    2033.0353693962822    464.5735347108762     25    
55115.965420309374    2330.6975887033477    464.7303756122639     25    
55116.465420309374    2654.720343377239     464.19646202140336    25    
55116.965420309374    3006.650785778886     462.8868324035867     25    
55117.465420309374    3387.0458919875527    460.9969609957412     25    
55117.965420309374    3798.267010143945     461.02281655780183    25    
55118.465420309374    4239.130841883581     458.0373788922665     25    
55118.965420309374    4713.322882145009     436.61734936215726    25    
55119.465420309374    5210.298819551307     408.1097948171932     25    
55119.965420309374    5710.965901480191     402.0974601698264     25    
55120.465420309374    6207.576430055914     408.0519817245271     25    
55120.965420309374    6669.299409446456     410.7786063425398     25    
55121.465420309374    7093.2770617957985    413.0086687491108     25    
55121.965420309374    7446.638694642745     413.23635644874315    25    
55122.465420309374    7736.951104571916     412.4291413693856     25    
55122.965420309374    7965.459323239022     413.1197909799098     25    
55123.465420309374    8136.769733797994     414.7980033302063     25    
55123.965420309374    8269.499474194714     417.71096838498346    25    
55124.465420309374    8364.277336764619     421.1038998036305     25    
55124.965420309374    8440.006997667364     425.49178656051976    25    
55125.465420309374    8494.090355963548     425.9150539738487     25    
55125.965420309374    8528.255190855281     379.7796973371707     25    
55126.465420309374    8541.128864665003     285.3376609354432     25    
55126.965420309374    8525.044556937382     242.20289151810812    25    
55127.465420309374    8480.078232080055     256.991052185339      25    
55127.965420309374    8398.737155641165     260.5629994929012     25    
55128.465420309374    8282.074474936502     258.8289627684845     25    
55128.965420309374    8134.6373865524865    256.32209275215064    25    
55129.465420309374    7956.777474405651     253.1215294708638     25    
55129.965420309374    7760.106195580762     252.8280464790961     25    
55130.465420309374    7544.427880861952     255.2095856717026     25    
55130.965420309374    7321.008234478649     255.96745053824515    25    
55131.465420309374    7089.637091222465     255.18974028351337    25    
55131.965420309374    6854.899148980432     245.87457088173014    25    
55132.465420309374    6616.813822410581     226.47991747925187    25    
55132.965420309374    6375.757972625934     217.05459631631135    25    
55133.465420309374    6131.7202343367735    220.13287278603445    25    
55133.965420309374    5885.389040580819     221.24672601753218    25    
55134.465420309374    5636.684938769466     219.65680707383572    25    
55134.965420309374    5387.312206884318     216.6514546689482     25    
55135.465420309374    5137.19756538356      211.84268649223566    25    
55135.965420309374    4888.718042580483     209.3120995616808     25    
55136.465420309374    4641.8907093473745    209.99114538678378    25    
55136.965420309374    4399.004229823806     210.65870621250542    25    
55137.465420309374    4160.061543798313     212.73261693013407    25    
55137.965420309374    3927.6972116589714    200.14602606027233    25    
55138.465420309374    3701.9687416814368    160.12384579917128    25    
55138.965420309374    3485.7509552054926    128.57007980125582    25    
55139.465420309374    3279.242649351687     129.4922850994903     25    
55139.965420309374    3085.1657162136466    133.10364852763456    25    
55140.465420309374    2904.323413368597     133.13525651824253    25    
55140.965420309374    2736.349120836936     132.1048243504842     25    
55141.465420309374    2581.827265182844     128.94238116344386    25    
55141.965420309374    2437.9835815870497    127.08777988247483    25    
55142.465420309374    2304.4836770387506    128.2286546093648     25    
55142.965420309374    2179.0220648853688    129.3919292784187     25    
55143.465420309374    2060.850199081609     129.94952190191088    25    
55143.965420309374    1949.0820195666563    129.23315631526958    25    
55144.465420309374    1843.105136084954     128.44246717364135    25    
55144.965420309374    1743.2075634211028    120.40333039501013    25    
55145.465420309374    1649.3766038102306    92.61250867369746     25    
55145.965420309374    1561.6767549567255    61.838581382904735    25    
55146.465420309374    1480.1971677218696    59.38421224457493     25    
55146.965420309374    1404.734956537031     63.714362433076126    25    
55147.465420309374    1335.312370030833     61.39766192513866     25    
55147.965420309374    1271.5056123163365    59.65826178003673     25    
55148.465420309374    1213.137022211156     60.67686698521818     25    
55148.965420309374    1159.856195053834     62.12239570486097     25    
55149.465420309374    1111.5407961107308    62.95326715997835     25    
55149.965420309374    1067.569452339985     62.91775680640598     25    
55150.465420309374    1027.6574830213376    60.867656436468486    25    
55150.965420309374    990.9377207355293     58.40376255804253     25    
55151.465420309374    956.7090327532964     56.99808213961341     25    
55151.965420309374    924.2873077480009     56.29244523355244     25    
55152.465420309374    892.6766217551809     57.050201938302386    25    
55152.965420309374    861.8451856052116     57.473175523338206    25    
55153.465420309374    831.1368739979877     54.66523892710987     25    
55153.965420309374    801.1303006714535     51.05313197640848     25    
55154.465420309374    772.2279744432603     49.738629608538325    25    
55154.965420309374    744.7048233358786     49.59822441322252     25    
55155.465420309374    719.1716162584981     50.4192920900696      25    
55155.965420309374    695.617812041455      51.37545171294751     25    
55156.465420309374    674.4386880120129     50.955044143529484    25    
55156.965420309374    655.3668487459423     49.27305814252668     25    
55157.465420309374    638.1412641477326     44.54431971483962     25    
55157.965420309374    622.6567169466035     38.517716481973046    25    
55158.465420309374    608.5680034869285     37.9283439847096      25    
55158.965420309374    595.8238131762183     39.84268637329632     25    
55159.465420309374    584.1035940877105     38.92440348640613     25    
55159.965420309374    573.3933230597761     36.96669275891961     25    
55160.465420309374    563.4687947574121     36.2912972149065      25    
55160.965420309374    554.3031898642425     36.384190755636396    25    
55161.465420309374    545.6648508530035     37.07589569428175     25    
55161.965420309374    537.5502828721262     37.981254146509784    25    
55162.465420309374    529.7708245869397     37.29568774930745     25    
55162.965420309374    522.3499350704494     35.68061500760796     25    
55163.465420309374    515.2456964245276     34.94861023480777     25    
55163.965420309374    508.4597732976433     35.05554876959661     25    
55164.465420309374    501.9641871330518     37.3474667497743      25    
55164.965420309374    495.7584965242904     40.87867674985765     25    
55165.465420309374    489.8156254115118     42.716399918454       25    
55165.965420309374    484.13608820876993    43.412443405850496    25    
55166.465420309374    478.69943249865634    43.20568649663808     25    
55166.965420309374    473.5056888488434     42.1412274028455      25    
55167.465420309374    468.534903031887      40.80982682152471     25    
55167.965420309374    463.7871961085889     39.17201976389697     25    
55168.465420309374    459.2423880190031     37.80710000371607     25    
55168.965420309374    454.90074206191906    36.70955412798188     25    
55169.465420309374    450.7419628831631     36.06532691830771     25    
55169.965420309374    446.7664021319927     35.86648006236861     25    
55170.465420309374    442.95370304752475    34.3732197198443      25    
55170.965420309374    439.30425174196654    31.40398609381677     25    
55171.465420309374    435.7976839352462     30.313594564700708    25    
55171.965420309374    432.4343663149997     31.274157298943923    25    
55172.465420309374    429.1939809694857     35.47469610509739     25    