54002.93358900666    2.5533054094386936     0.8510383930609239     25    
54003.43358900666    2.939377884022914      0.8629901291378375     25    
54003.93358900666    3.3510571984681463     0.8767905269347299     25    
54004.43358900666    3.787362264163271      0.9006986160589726     25    
54004.93358900666    4.248578586553838      0.9396174843330665     25    
54005.43358900666    4.734153823641729      0.9788218042632842     25    
54005.93358900666    5.24332559352558       1.003698541676003      25    
54006.43358900666    5.776470265308142      1.0178149585602365     25    
54006.93358900666    6.332725926624335      1.028996989930759      25    
54007.43358900666    6.911694706755739      1.0414947987332843     25    
54007.93358900666    7.513552229515936      1.0530990689195385     25    
54008.43358900666    8.137283167814296      1.0634183064187186     25    
54008.93358900666    8.782968913083828      1.0722023423172553     25    
54009.43358900666    9.450323788407307      1.0799564544758569     25    
54009.93358900666    10.138431997157811     1.0872200670720966     25    
54010.43358900666    10.847647521739953     1.0933526525807349     25    
54010.93358900666    11.577284251212337     1.1002274471339855     25    
54011.43358900666    12.327550632352859     1.1123867620673735     25    
54011.93358900666    13.099029190519751     1.1298812178224933     25    
54012.43358900666    13.885391417422358     1.1358827516751182     25    
54012.93358900666    14.695322076437389     1.1105732753620976     25    
54013.43358900666    15.517838708179472     1.0704939299348544     25    
54013.93358900666    16.309353131974657     1.0610179546978484     25    
54014.43358900666    17.084456924511095     1.0992715220765106     25    
54014.93358900666    17.81316587545172      1.151349048395094      25    
54015.43358900666    18.445762120562176     1.1870333094646104     25    
54015.93358900666    19.002742613759736     1.2129414497085738     25    
54016.43358900666    19.44564821539063      1.2323720368237536     25    
54016.93358900666    19.734852749133722     1.2411780801571257     25    
54017.43358900666    19.88827587197187      1.2409976650318526     25    
54017.93358900666    19.93308398955436      1.2525394912462233     25    
54018.43358900666    19.858927380897782     1.2866301615107727     25    
54018.93358900666    19.685872012280893     1.3299186332952557     25    
54019.43358900666    19.47228672990972      1.3697202525803311     25    
54019.93358900666    19.200731300057615     1.4154240651261858     25    
54020.43358900666    18.903621707608902     1.446507203488369      25    
54020.93358900666    18.627268775770048     1.4362076363606482     25    
54021.43358900666    18.35686471533119      1.3882718607282332     25    
54021.93358900666    18.095435064036597     1.329291425288337      25    
54022.43358900666    17.8516436111146       1.2674476466191649     25    
54022.93358900666    17.61928390392595      1.198725630338811      25    
54023.43358900666    17.379328109853148     1.1601628392420482     25    
54023.93358900666    17.133731878735766     1.1776591204141427     25    
54024.43358900666    16.87699631143596      1.2142654539286681     25    
54024.93358900666    16.592768830057473     1.2255786319570543     25    
54025.43358900666    16.282674021610536     1.215322070478662      25    
54025.93358900666    15.950159864599414     1.1972540665649734     25    
54026.43358900666    15.594232178615327     1.1749855275192638     25    
54026.93358900666    15.21435946936667      1.1451139996523172     25    
54027.43358900666    14.823021640947797     1.1290973591319227     25    
54027.93358900666    14.422330542294693     1.1479175602588378     25    
54028.43358900666    14.012577686989903     1.1807277932212537     25    
54028.93358900666    13.605911979302142     1.1907698567111569     25    
54029.43358900666    13.201871426217538     1.1748718671954912     25    
54029.93358900666    12.800871257170552     1.1426568261469465     25    
54030.43358900666    12.406617630417223     1.0931643077998585     25    
54030.93358900666    12.018546981302315     1.015911296372836      25    
54031.43358900666    11.63497087232619      0.9452618772791587     25    
54031.93358900666    11.255219768034758     0.919884473581687      25    
54032.43358900666    10.879615384911856     0.9245526854064454     25    
54032.93358900666    10.506821299381018     0.9265799092683822     25    
54033.43358900666    10.13584476676172      0.917091905159743      25    
54033.93358900666    9.76797146127923       0.9041826787674455     25    
54034.43358900666    9.404815518832484      0.8862506936965748     25    
54034.93358900666    9.045067756919163      0.8565904928329074     25    
54035.43358900666    8.691836091657315      0.8329219735100801     25    
54035.93358900666    8.348031581619631      0.8391490085897353     25    
54036.43358900666    8.012178793565733      0.8705259527555457     25    
54036.93358900666    7.687981050786492      0.896437705458252      25    
54037.43358900666    7.377673411556743      0.9061886676977761     25    
54037.93358900666    7.079858426175531      0.9061802587501461     25    
54038.43358900666    6.794337583937079      0.8824223741781688     25    
54038.93358900666    6.522355713060549      0.8142163777283512     25    
54039.43358900666    6.261550789454726      0.7291081029537985     25    
54039.93358900666    6.008633591483582      0.6821324819858243     25    
54040.43358900666    5.76503224361708       0.6791938221053999     25    
54040.93358900666    5.527870910214798      0.6861307152808716     25    
54041.43358900666    5.2944084199861114     0.6805927804538464     25    
54041.93358900666    5.065834692221513      0.6725487145306303     25    
54042.43358900666    4.842191787052395      0.6548377463635512     25    
54042.93358900666    4.622412652277551      0.6158560467177615     25    
54043.43358900666    4.407901756261546      0.5651051003395603     25    
54043.93358900666    4.201992124840485      0.5293957475865091     25    
54044.43358900666    4.003699863148421      0.5163850531598523     25    
54044.93358900666    3.8149249653483954     0.5134482583784855     25    
54045.43358900666    3.638656636752128      0.5109153501139698     25    
54045.93358900666    3.474112674728474      0.5126126565819427     25    
54046.43358900666    3.320972877686788      0.5129135753799143     25    
54046.93358900666    3.180058422850077      0.5064523350190686     25    
54047.43358900666    3.05077694284307       0.4961169843768068     25    
54047.93358900666    2.929307838011359      0.4865160920530954     25    
54048.43358900666    2.816019678317671      0.47733465273421394    25    
54048.93358900666    2.7097533188684584     0.4698821125881703     25    
54049.43358900666    2.6069102620066826     0.4699208629818057     25    
54049.93358900666    2.5084769090440884     0.4822279288753791     25    
54050.43358900666    2.4129771990585165     0.48983052132190685    25    
54050.93358900666    2.3185993857057565     0.47435126599553434    25    
54051.43358900666    2.226080642976602      0.4385742337861738     25    
54051.93358900666    2.1348045053973546     0.4044834336647301     25    
54052.43358900666    2.0445723833909644     0.3882107423938571     25    
54052.93358900666    1.9554409330147722     0.38071967032173226    25    
54053.43358900666    1.8667723311882642     0.3741643641639664     25    
54053.93358900666    1.7781007544039356     0.36937042153905153    25    
54054.43358900666    1.6903667435162781     0.3647372654531207     25    
54054.93358900666    1.6043476663838834     0.3541902087248055     25    
54055.43358900666    1.5190989193524493     0.33532692425795096    25    
54055.93358900666    1.43777429403414       0.32118416395067356    25    
54056.43358900666    1.3621482149094264     0.32475952014255527    25    
54056.93358900666    1.2913296477631986     0.34017412081717585    25    
54057.43358900666    1.2290398561735136     0.35731239701906087    25    
54057.93358900666    1.1765518485901336     0.3770506126895714     25    
54058.43358900666    1.1327975187408752     0.39595449266677496    25    
54058.93358900666    1.0979994390638184     0.4024537578493292     25    
54059.43358900666    1.0738405742457195     0.39150342365867047    25    
54059.93358900666    1.056005638834355      0.3796406795040842     25    
54060.43358900666    1.0405390485444943     0.38589470647726504    25    
54060.93358900666    1.0295237710640908     0.4059778804478519     25    
54061.43358900666    1.017577619370635      0.4253287836108089     25    
54061.93358900666    1.0018292956573913     0.4401360871096367     25    
54062.43358900666    0.9837700674108711     0.4522875214198538     25    
54062.93358900666    0.960921690731817      0.4505418394363315     25    
54063.43358900666    0.931611143369288      0.4272773442523518     25    
54063.93358900666    0.8985434538686435     0.3920307645844884     25    
54064.43358900666    0.8648516576900395     0.3587995361038778     25    
54064.93358900666    0.8290753920281341     0.32348260709515725    25    
54065.43358900666    0.794312601890923      0.2910496149701864     25    
54065.93358900666    0.7633693992150191     0.2713965090861002     25    
54066.43358900666    0.7349753627899627     0.2639618294073537     25    
54066.93358900666    0.7110044400626223     0.2661584765717358     25    
54067.43358900666    0.6929166401400653     0.27161022881148783    25    
54067.93358900666    0.6793767356712546     0.28674463104981435    25    
54068.43358900666    0.6684555243538302     0.3254311689861952     25    
54068.93358900666    0.6608009571353716     0.3895326485614244     25    
54069.43358900666    0.655104387269408      0.4515675788889534     25    
54069.93358900666    0.6493831412306874     0.4968767215541496     25    
54070.43358900666    0.6443913973612472     0.5369026399449145     25    
54070.93358900666    0.6389622061245427     0.5577848690506153     25    
54071.43358900666    0.6320259577203997     0.5454056034030338     25    
54071.93358900666    0.6241286872100442     0.5067575705859719     25    
54072.43358900666    0.615722297572658      0.4607491075699578     25    
54072.93358900666    0.6067117962244976     0.40652119014114946    25    
54073.43358900666    0.5973185358692288     0.34294741903700565    25    
54073.93358900666    0.588167604879228      0.29139337385015335    25    
54074.43358900666    0.579091313358032      0.2604988815037917     25    
54074.93358900666    0.5703616773245208     0.2441324533304867     25    
54075.43358900666    0.5623597117118944     0.23762537750290527    25    
54075.93358900666    0.554958236809278      0.24582114154379875    25    
54076.43358900666    0.548126227872701      0.2564054449622748     25    
54076.93358900666    0.5418803754902662     0.26309164171664584    25    
54077.43358900666    0.5362030199344415     0.26980633216431854    25    
54077.93358900666    0.5310194350004348     0.2759129910572489     25    
54078.43358900666    0.5263432387185264     0.2816902929913995     25    
54078.93358900666    0.5221443036133522     0.28667816600476276    25    
54079.43358900666    0.5183598782330979     0.2902423399194157     25    
54079.93358900666    0.5150176938016177     0.29322122392997924    25    
54080.43358900666    0.5120611799918512     0.29324661915830297    25    
54080.93358900666    0.5094506162228181     0.28750772994285095    25    
54081.43358900666    0.5072064444865237     0.27677074053174905    25    
54081.93358900666    0.5052563573122874     0.2648173035644271     25    
54082.43358900666    0.5035943527165784     0.24474481231338457    25    
54082.93358900666    0.5022121945202287     0.2256218944941395     25    
54083.43358900666    0.5010381911173499     0.23557998944400133    25    
54083.93358900666    0.5000937914613635     0.24560491791657935    25    
54084.43358900666    0.4993376476497158     0.3085791838765215     25    
54084.93358900666    0.49871443007566235    0.4325687972071389     25    