54002.93358900666    4.032842628107329     1.1998117633212613     25    
54003.43358900666    4.601131128607217     1.199199518768727      25    
54003.93358900666    5.199045231443948     1.2001834314410567     25    
54004.43358900666    5.821814029123032     1.217324940269429      25    
54004.93358900666    6.47082589783647      1.258792072424707      25    
54005.43358900666    7.143394869621226     1.301215661685184      25    
54005.93358900666    7.835813579530211     1.3210231789918363     25    
54006.43358900666    8.549912262011848     1.3232478248305515     25    
54006.93358900666    9.28149954829927      1.3215971299727216     25    
54007.43358900666    10.028640644357743    1.323765550329584      25    
54007.93358900666    10.792189586162205    1.3256360233987265     25    
54008.43358900666    11.567208968904183    1.326848151320244      25    
54008.93358900666    12.35409458863445     1.3273266433690596     25    
54009.43358900666    13.151457235316393    1.3271744853252654     25    
54009.93358900666    13.954843507961295    1.3264450778844714     25    
54010.43358900666    14.765974777389198    1.3249676253480964     25    
54010.93358900666    15.581514574503224    1.3232283639324984     25    
54011.43358900666    16.398705816836173    1.3273719561437984     25    
54011.93358900666    17.219283800684504    1.3388038862676108     25    
54012.43358900666    18.036358038515175    1.3218418623232444     25    
54012.93358900666    18.85267421642293     1.2346223654847461     25    
54013.43358900666    19.663619707617684    1.1021690189279385     25    
54013.93358900666    20.445990074063744    1.013170086004632      25    
54014.43358900666    21.20702504974234     1.0086078194683132     25    
54014.93358900666    21.93182552019267     1.0361944730957038     25    
54015.43358900666    22.595289565153006    1.047786053947412      25    
54015.93358900666    23.207798619796836    1.0531508870391784     25    
54016.43358900666    23.7498027904648      1.0565750821843352     25    
54016.93358900666    24.20143492452035     1.056000856699525      25    
54017.43358900666    24.571701163949964    1.0522441222865362     25    
54017.93358900666    24.873071626256618    1.051922097381547      25    
54018.43358900666    25.100443397503362    1.0580180224693796     25    
54018.93358900666    25.263518016416022    1.0675270410805926     25    
54019.43358900666    25.390096324242226    1.0784087919889809     25    
54019.93358900666    25.47184727735317     1.0934696530955992     25    
54020.43358900666    25.52427163892458     1.1058606678830025     25    
54020.93358900666    25.569398445948583    1.1085261041752756     25    
54021.43358900666    25.60006933676042     1.1044472690864136     25    
54021.93358900666    25.618437652002886    1.089230519216702      25    
54022.43358900666    25.62879737279204     1.0514056508065464     25    
54022.93358900666    25.628169977506147    0.9973918609645326     25    
54023.43358900666    25.60861729254067     0.9620903634970386     25    
54023.93358900666    25.57096660309684     0.9631091411705307     25    
54024.43358900666    25.512904822539014    0.9778739352126381     25    
54024.93358900666    25.42760447489376     0.9826562624690818     25    
54025.43358900666    25.315824932799064    0.9795039458088104     25    
54025.93358900666    25.178740646496742    0.9747591841768126     25    
54026.43358900666    25.015779546142557    0.9704790811858062     25    
54026.93358900666    24.82681821460674     0.9654616893171932     25    
54027.43358900666    24.61659160771047     0.9647085375198974     25    
54027.93358900666    24.385847660111715    0.9737218619019155     25    
54028.43358900666    24.13475968184972     0.9868084191113017     25    
54028.93358900666    23.868049208924354    0.9928788864929631     25    
54029.43358900666    23.584799388636753    0.9929407219020254     25    
54029.93358900666    23.286769579255232    0.9856218514469153     25    
54030.43358900666    22.977060234761513    0.9634596758675215     25    
54030.93358900666    22.654321943152542    0.9218027452102426     25    
54031.43358900666    22.321182228693228    0.8846971227120521     25    
54031.93358900666    21.979124522519115    0.8757636137833399     25    
54032.43358900666    21.627437020371982    0.8844507528396406     25    
54032.93358900666    21.269167831706394    0.8913633466915862     25    
54033.43358900666    20.905117431793762    0.8911701922629518     25    
54033.93358900666    20.534605331818284    0.8888939780085795     25    
54034.43358900666    20.15799635710351     0.8843604574543085     25    
54034.93358900666    19.775789549062385    0.8754972027340036     25    
54035.43358900666    19.386511873541714    0.8678732595118486     25    
54035.93358900666    18.98891275927249     0.8685857408622556     25    
54036.43358900666    18.583600706811144    0.8763170387501591     25    
54036.93358900666    18.169178728414067    0.8827425031632347     25    
54037.43358900666    17.743888201301594    0.8901523434313237     25    
54037.93358900666    17.309157310186304    0.8947454067118591     25    
54038.43358900666    16.868592172725137    0.8697267242964366     25    
54038.93358900666    16.420098574389854    0.7872218094107598     25    
54039.43358900666    15.967854264884847    0.6808827117015738     25    
54039.93358900666    15.518659153939321    0.6212543777741398     25    
54040.43358900666    15.069549993347932    0.618844654199025      25    
54040.93358900666    14.626511530210372    0.6318432346759167     25    
54041.43358900666    14.194697805898905    0.631576989280967      25    
54041.93358900666    13.77173748860445     0.6305782241002946     25    
54042.43358900666    13.360524711251426    0.6272779989494424     25    
54042.93358900666    12.962695451094907    0.6186399419997334     25    
54043.43358900666    12.576762686215316    0.6078819416205897     25    
54043.93358900666    12.201393504085619    0.6015278299795296     25    
54044.43358900666    11.837029640081985    0.6010832613897653     25    
54044.93358900666    11.48279831200223     0.6025665303182516     25    
54045.43358900666    11.13747288264884     0.6028087136285404     25    
54045.93358900666    10.801528070014266    0.6029324543533008     25    
54046.43358900666    10.474273856973161    0.601700515339995      25    
54046.93358900666    10.155214248116367    0.6020485193619843     25    
54047.43358900666    9.844609968062795     0.6016995213801374     25    
54047.93358900666    9.542306265663527     0.5824110883878018     25    
54048.43358900666    9.248301912293707     0.5222627591025933     25    
54048.93358900666    8.962575098486315     0.441249665347898      25    
54049.43358900666    8.684996807653333     0.3924349043365972     25    
54049.93358900666    8.415500417168738     0.3922860174530264     25    
54050.43358900666    8.154338699828273     0.405435658303404      25    
54050.93358900666    7.901618201588641     0.4032038330608984     25    
54051.43358900666    7.657224736151585     0.3954335432729638     25    
54051.93358900666    7.421896561664157     0.3900327733416769     25    
54052.43358900666    7.195802710234704     0.3916627580832883     25    
54052.93358900666    6.978923538353934     0.39667237831629965    25    
54053.43358900666    6.772040995627358     0.3999777902306998     25    
54053.93358900666    6.5756377188535335    0.4017821786100551     25    
54054.43358900666    6.388740132083893     0.40173868924667894    25    
54054.93358900666    6.210584651880227     0.398138530871117      25    
54055.43358900666    6.042156469427906     0.3917309189744869     25    
54055.93358900666    5.880123006735817     0.3804582834395987     25    
54056.43358900666    5.7226164581501555    0.35879318599097204    25    
54056.93358900666    5.570575168720248     0.32701138111802786    25    
54057.43358900666    5.420056013896952     0.30284292589189676    25    
54057.93358900666    5.269959952680384     0.30053880291080237    25    
54058.43358900666    5.121058860533977     0.30784476406706307    25    
54058.93358900666    4.972412484501487     0.3080321328585352     25    
54059.43358900666    4.822840467722217     0.2991396011803244     25    
54059.93358900666    4.675530779634652     0.2892644583244255     25    
54060.43358900666    4.533278559096309     0.2852627449467941     25    
54060.93358900666    4.394602480984172     0.2856323443490897     25    
54061.43358900666    4.263365796600164     0.2878691245962399     25    
54061.93358900666    4.141825293776821     0.2919152661196805     25    
54062.43358900666    4.028740777977523     0.2973787713377434     25    
54062.93358900666    3.9250774295461106    0.2995270774150841     25    
54063.43358900666    3.8325983637279832    0.2992894978518812     25    
54063.93358900666    3.748280526709173     0.29462365489165576    25    
54064.43358900666    3.667980347035776     0.27857907947993177    25    
54064.93358900666    3.5935681930226924    0.24419357955356996    25    
54065.43358900666    3.521148731486391     0.20677901179965574    25    
54065.93358900666    3.447105998106121     0.1912258602272477     25    
54066.43358900666    3.3730465320518945    0.19413624199938836    25    
54066.93358900666    3.296983828591159     0.1973940556426947     25    
54067.43358900666    3.2169185404449077    0.19187058387356162    25    
54067.93358900666    3.1348154887186825    0.18470559842742335    25    
54068.43358900666    3.054210526769667     0.18198088069879698    25    
54068.93358900666    2.973973180086905     0.18516971525841958    25    
54069.43358900666    2.896377131519589     0.19098874275062203    25    
54069.93358900666    2.824968595815741     0.1975136625800564     25    
54070.43358900666    2.7585176319907037    0.20617850758257664    25    
54070.93358900666    2.6985553283682044    0.2118604255912013     25    
54071.43358900666    2.646972855901182     0.21025981202388966    25    
54071.93358900666    2.6027806655128347    0.2036645739622824     25    
54072.43358900666    2.5633881435299317    0.1963451656587773     25    
54072.93358900666    2.5290775207281486    0.18917973144000286    25    
54073.43358900666    2.4989667160779665    0.18150556266986875    25    
54073.93358900666    2.4701419946816197    0.17445012445207525    25    
54074.43358900666    2.4433829229159905    0.16754708865022236    25    
54074.93358900666    2.4174273220314406    0.1619855212082881     25    
54075.43358900666    2.3905016672684587    0.1599024756430452     25    
54075.93358900666    2.3631950170039797    0.16124368280431017    25    
54076.43358900666    2.335674793438672     0.16215943671660135    25    
54076.93358900666    2.307869013975518     0.160354120481245      25    
54077.43358900666    2.2798589898222543    0.15731420270235896    25    
54077.93358900666    2.252019572223735     0.15410056190666524    25    
54078.43358900666    2.2242824315494625    0.15052981412452657    25    
54078.93358900666    2.1967987349812774    0.14697792506346852    25    
54079.43358900666    2.169883343290368     0.14445273822763446    25    
54079.93358900666    2.1433971126915954    0.142880237130247      25    
54080.43358900666    2.1176238896345603    0.14202761246429818    25    
54080.93358900666    2.0927629755282138    0.141026679420559      25    
54081.43358900666    2.0687118009310135    0.1400898537898712     25    
54081.93358900666    2.045833174755335     0.14336353194913487    25    
54082.43358900666    2.024157212466369     0.15428481473671274    25    
54082.93358900666    2.003725239796819     0.1676675646858265     25    
54083.43358900666    1.984896975504832     0.17632561507343145    25    
54083.93358900666    1.967564797633937     0.17760740694422908    25    
54084.43358900666    1.9519361728181073    0.18055961942068832    25    
54084.93358900666    1.9382887220867635    0.19167378301870874    25    