#mB  c  mBmB x1x1 cc mBx1 mBc x1c
21.077966933945515  -0.3  0.0013374822723362168  0.2858682306961764  0.0007194673436501401  0.013646883456937448  0.00019925208797205192  0.0036701900492598282
21.079374570504385  0.3  0.001249154051565604  0.19284114150370504  0.001001998088805732  0.00950159789863797  0.0006383566132476598  0.001934434584778876
21.583828237941486  0.0  0.0027222629521637945  0.6225478681024446  0.001594485566616042  0.03070574798851839  0.0007291322914295554  0.008543827293804025
22.08382823794149  0.0  0.006189943995895273  1.4975159296004452  0.0032964330122019977  0.07383925456396512  0.0014802858867376594  0.021956814919325485
22.583828237941486  0.0  0.014884714867032762  3.689950103979892  0.007530957405054522  0.18194464927094076  0.0033693499456006856  0.05580843414141656
22.082168148434796  -0.15  0.006376679243478572  1.6123198776255065  0.0026493408624792283  0.078133496792989  0.0009037615113521776  0.024107309287334677
22.08290897372411  0.15  0.005893130946669314  1.29062090806493  0.003923089258125072  0.06388501864970814  0.0020791613653200355  0.01745981844525191
23.07796693394552  -0.3  0.03579884504769304  8.809638765884165  0.010005096972866851  0.4151343231005756  0.0009054218918592141  0.13343257926742685
23.079374570504385  0.3  0.03328023665737414  6.590076115544605  0.02570798226126075  0.3217852493207719  0.015387555371551861  0.0790378408726599
