53838.81392430047    64.16938811305727     31.276745355941458    25    
53839.31392430047    81.84015359138546     28.982759868776515    25    
53839.81392430047    102.21327536670682    31.419013620791745    25    
53840.31392430047    125.48586209694672    47.18169845710035     25    
53840.81392430047    151.77613749983783    60.212091314270694    25    
53841.31392430047    181.31755504561448    62.61929056224025     25    
53841.81392430047    214.19447176592777    61.34353140183877     25    
53842.31392430047    250.6717296908657     61.37258801230445     25    
53842.81392430047    290.80477541845374    61.431568032080364    25    
53843.31392430047    334.8848832861781     61.41916003527103     25    
53843.81392430047    382.9435457108929     61.34128207708293     25    
53844.31392430047    435.2935130850286     61.18597321684007     25    
53844.81392430047    491.9472798967223     60.96619485500986     25    
53845.31392430047    553.3129925041229     60.71915271728871     25    
53845.81392430047    619.3056720175472     60.45627173228791     25    
53846.31392430047    690.1421713141988     60.29107323369667     25    
53846.81392430047    765.5567478738354     60.224074636781076    25    
53847.31392430047    841.3894650590689     60.40890052406014     25    
53847.81392430047    917.811919902035      60.83872916886183     25    
53848.31392430047    988.9429507621804     61.22653518805376     25    
53848.81392430047    1054.9594942530757    61.57413271463878     25    
53849.31392430047    1110.708166064245     61.71023134899851     25    
53849.81392430047    1155.5652724162142    61.57093777320073     25    
53850.31392430047    1191.445830444813     61.62669059665388     25    
53850.81392430047    1217.8730198572594    61.95588732285027     25    
53851.31392430047    1239.2221224921325    62.42099619096715     25    
53851.81392430047    1255.7951770385266    63.10721324230267     25    
53852.31392430047    1270.979496986011     63.52988829703366     25    
53852.81392430047    1286.0677565564636    64.35494594223589     25    
53853.31392430047    1300.5416859420002    61.935605837679134    25    
53853.81392430047    1314.9302369594939    51.43007593053577     25    
53854.31392430047    1327.5388959993888    40.901221080031696    25    
53854.81392430047    1337.860988968637     40.61159635184288     25    
53855.31392430047    1344.849398648865     42.70754792486835     25    
53855.81392430047    1347.5746524376696    42.583603413025784    25    
53856.31392430047    1346.0382443505107    42.21615727117822     25    
53856.81392430047    1339.8118323947974    41.711817435373284    25    
53857.31392430047    1329.138864791074     41.33337235132694     25    
53857.81392430047    1314.1003598407272    41.71352534053588     25    
53858.31392430047    1294.7831055505721    42.23732506234428     25    
53858.81392430047    1271.1965114795328    42.09196202349373     25    
53859.31392430047    1243.7212054780296    41.63726271395356     25    
53859.81392430047    1213.0043621743916    41.10560613435055     25    
53860.31392430047    1179.3495463512543    40.58369804668742     25    
53860.81392430047    1143.967422711312     40.64470248377035     25    
53861.31392430047    1106.958407066023     41.00882926554489     25    
53861.81392430047    1069.6183407906308    40.94822700163311     25    
53862.31392430047    1031.9655875085264    40.605620969970666    25    
53862.81392430047    995.2987486848295     40.08129512610165     25    
53863.31392430047    959.5929594310205     39.41940021157938     25    
53863.81392430047    926.1479726676286     39.35929969818993     25    
53864.31392430047    894.9130295919366     39.823775784177826    25    
53864.81392430047    867.2387321281889     40.0039419164328      25    
53865.31392430047    843.0989749755389     39.92996390049799     25    
53865.81392430047    822.4302265827868     38.8178747632135      25    
53866.31392430047    805.3214963265158     36.361165355452016    25    
53866.81392430047    790.57785916722       35.13744093320522     25    
53867.31392430047    778.2174083675226     35.750162845750474    25    
53867.81392430047    767.1628212261568     36.216001741746176    25    
53868.31392430047    757.3226747415463     36.25061802649016     25    
53868.81392430047    748.0777346791109     36.03227843328266     25    
53869.31392430047    739.2991084317936     35.39857648814395     25    
53869.81392430047    730.7291083093385     35.08167701367021     25    
53870.31392430047    722.3119513189209     35.500540058972554    25    
53870.81392430047    713.7757589278707     35.91856965381088     25    
53871.31392430047    704.9839317902636     36.06386580513441     25    
53871.81392430047    695.9109648601253     36.038470970117146    25    
53872.31392430047    686.4564357064338     35.60465783282563     25    
53872.81392430047    676.7672036934064     35.46287974473451     25    
53873.31392430047    666.9025970801528     36.472634498975545    25    
53873.81392430047    656.9368598787785     37.54316515591818     25    
53874.31392430047    647.0162481992489     37.77855553578311     25    
53874.81392430047    637.0209555848359     37.62255130523995     25    
53875.31392430047    626.9440109269129     37.0790836207067      25    
53875.81392430047    616.5749599688695     36.508678296704915    25    
53876.31392430047    605.5819725862331     36.82627434704801     25    
53876.81392430047    593.8769790408013     37.50445389730724     25    
53877.31392430047    581.0082454472522     37.859051512917745    25    
53877.81392430047    567.0644383493573     37.98869107038502     25    
53878.31392430047    551.9129524822571     37.505015284718375    25    
53878.81392430047    535.6895000286745     36.71303004507964     25    
53879.31392430047    518.8523113450133     36.985853288574866    25    
53879.81392430047    501.4107597590205     37.953197398448346    25    
53880.31392430047    483.8869264464276     38.42025739409814     25    
53880.81392430047    466.250064816736      38.51284605829517     25    
53881.31392430047    448.8319779124218     38.09548459777489     25    
53881.81392430047    431.6132958609586     37.17830843036224     25    
53882.31392430047    414.59527082197883    36.905646734423016    25    
53882.81392430047    397.7778452770783     37.31184087848811     25    
53883.31392430047    381.1481680497922     37.77031072996808     25    
53883.81392430047    364.6882178226241     38.311498331237466    25    
53884.31392430047    348.57844537436875    38.3470479453711      25    
53884.81392430047    332.7729207707362     38.105142903667044    25    
53885.31392430047    317.76179245523446    34.94474006376181     25    
53885.81392430047    303.55724452120705    25.580953341305765    25    
53886.31392430047    290.6214470527913     16.476015850798834    25    
53886.81392430047    279.0747747674024     16.437325379806875    25    
53887.31392430047    269.00929545840194    17.69865876643704     25    
53887.81392430047    260.60798951721824    17.19542607835853     25    
53888.31392430047    253.40248382155212    16.761667934878467    25    
53888.81392430047    247.30096645141714    16.62867934800927     25    
53889.31392430047    241.9392087036725     16.689207231452595    25    
53889.81392430047    237.09762892633518    17.059234658619097    25    
53890.31392430047    232.61140819881408    17.33508367828718     25    
53890.81392430047    228.23120539191024    17.087402924794322    25    
53891.31392430047    224.03738509528984    16.67730338116949     25    
53891.81392430047    220.01074065754338    16.509045446987262    25    
53892.31392430047    216.17249505297045    16.1794746117406      25    
53892.81392430047    212.54599663866318    14.908304492811883    25    
53893.31392430047    209.128298382321      13.33186390534547     25    
53893.81392430047    205.9353879320295     13.05664897094849     25    
53894.31392430047    202.9495858681687     13.411240900362884    25    
53894.81392430047    200.13986344152437    13.296384591685415    25    
53895.31392430047    197.50063174535907    12.988445298149456    25    
53895.81392430047    194.99164502585487    12.653983334650338    25    
53896.31392430047    192.61130513346694    12.290600567607004    25    
53896.81392430047    190.31742324755274    12.0502959204189      25    
53897.31392430047    188.1101994590541     11.917137153312574    25    
53897.81392430047    185.9459642078426     11.83716672149618     25    
53898.31392430047    183.8260808233446     11.83522971664298     25    
53898.81392430047    181.70603400794835    12.350840017997529    25    
53899.31392430047    179.5877153275628     13.311554013498776    25    
53899.81392430047    177.42639874909432    13.806406956145022    25    
53900.31392430047    175.2238690729332     13.808471255759446    25    
53900.81392430047    172.9358245325046     14.41703096030596     25    