#Date  :
#Flux  :
#Fluxerr  :
#ZP  :
#end  :
@INSTRUMENT  PS
@BAND  PS_g
@MAGSYS  AB
55161.6015625  4.442999839782715  15.388999938964844  27.5002
55176.6015625  -7.598999977111816  7.269999980926514  27.5002
55179.6015625  -10.11299991607666  5.474999904632568  27.5002
55188.6015625  6.627999782562256  8.885000228881836  27.5002
55191.5  0.9110000133514404  5.739999771118164  27.5002
55206.6015625  -0.07000000029802322  3.1670000553131104  27.5002
55212.5  -5.88700008392334  4.49399995803833  27.5002
55215.6015625  8.46399974822998  4.223999977111816  27.5002
55217.5  -2.5169999599456787  2.635999917984009  27.5002
55221.5  -1.1890000104904175  9.539999961853027  27.5002
55230.3984375  22.951000213623047  42.33599853515625  27.5002
55233.5  -7.942999839782715  12.668000221252441  27.5002
55236.5  6.934999942779541  7.966000080108643  27.5002
55239.5  -5.7829999923706055  10.473999977111816  27.5002
55242.3984375  5.144000053405762  7.179999828338623  27.5002
55248.3984375  -2.63700008392334  8.753999710083008  27.5002
55275.3984375  450.093994140625  9.001999855041504  27.5002
55302.3984375  61.07600021362305  27.586999893188477  27.5002
55305.30078125  36.722999572753906  17.5939998626709  27.5002
55320.30078125  14.166999816894531  7.546999931335449  27.5002
55545.5  -2.934000015258789  7.574999809265137  27.5002
55560.6015625  -6.761000156402588  8.25  27.5002
55563.6015625  2.7880001068115234  16.131000518798828  27.5002
55566.6015625  -6.263000011444092  11.95199966430664  27.5002
55572.5  6.807000160217285  9.637999534606934  27.5002
55587.6015625  -12.869999885559082  9.920000076293945  27.5002
55590.5  -2.490000009536743  4.479000091552734  27.5002
55593.5  2.114000082015991  5.35699987411499  27.5002
55596.3984375  0.5429999828338623  5.51200008392334  27.5002
55602.3984375  16.73200035095215  33.03099822998047  27.5002
55614.30078125  17.7450008392334  54.20899963378906  27.5002
55629.30078125  4.656000137329102  5.004000186920166  27.5002
55632.30078125  -20.04199981689453  9.942000389099121  27.5002
55635.30078125  2.4760000705718994  13.468000411987305  27.5002
55644.3984375  -22.298999786376953  32.61000061035156  27.5002
55650.3984375  6.836999893188477  7.973999977111816  27.5002
55653.3984375  0.24799999594688416  8.6899995803833  27.5002
55662.30078125  5.755000114440918  12.986000061035156  27.5002
55674.30078125  -1.2389999628067017  4.2870001792907715  27.5002
55677.30078125  -3.0460000038146973  7.659999847412109  27.5002
55680.30078125  -5.76200008392334  7.553999900817871  27.5002
55947.6015625  9.277999877929688  7.211999893188477  27.5002
55949.6015625  -0.19499999284744263  14.76200008392334  27.5002
55952.6015625  0.2939999997615814  2.9140000343322754  27.5002
55955.6015625  -26.283000946044922  10.463000297546387  27.5002
55970.5  1.4160000085830688  9.934000015258789  27.5002
55973.5  0.07000000029802322  7.710000038146973  27.5002
55984.30078125  -2.7909998893737793  8.70199966430664  27.5002
56000.5  6.735000133514404  9.3149995803833  27.5002
56006.3984375  -0.6740000247955322  7.7820000648498535  27.5002
56014.30078125  6.691999912261963  7.48799991607666  27.5002
56029.3984375  4.3979997634887695  7.9029998779296875  27.5002
56032.3984375  -0.5849999785423279  6.5229997634887695  27.5002
56040.30078125  -4.184000015258789  5.39900016784668  27.5002
56043.30078125  6.758999824523926  5.418000221252441  27.5002
56325.5  3.8510000705718994  16.163999557495117  27.5002
56328.5  -1.781999945640564  8.932000160217285  27.5002
56331.6015625  13.819000244140625  10.526000022888184  27.5002
56333.3984375  -0.5979999899864197  4.385000228881836  27.5002
56336.5  -0.8450000286102295  6.1620001792907715  27.5002
56354.3984375  -10.82699966430664  11.597999572753906  27.5002
56357.3984375  15.538000106811523  7.5229997634887695  27.5002
56360.30078125  -3.759999990463257  9.906999588012695  27.5002
56384.30078125  12.253000259399414  12.267000198364258  27.5002
56387.3984375  7.014999866485596  5.28000020980835  27.5002
56395.30078125  2.6679999828338623  10.142999649047852  27.5002
56416.30078125  7.822000026702881  5.164999961853027  27.5002
56625.6015625  -16.33300018310547  9.527999877929688  27.5002
56630.6015625  9.5  8.630999565124512  27.5002
56636.6015625  -15.227999687194824  10.762999534606934  27.5002
56657.6015625  -3.940999984741211  8.062999725341797  27.5002
56666.6015625  9.282999992370605  12.0600004196167  27.5002
56682.5  -16.538999557495117  9.279999732971191  27.5002
56709.30078125  16.097000122070312  20.649999618530273  27.5002
