56588.35500072679    25.621802253112314    5.52447209930399      25    
56588.85500072679    30.187136232181402    5.480329769104119     25    
56589.35500072679    35.06921586030996     5.541053525848242     25    
56589.85500072679    40.24475359653957     6.072985912805732     25    
56590.35500072679    45.7145295066672      6.7912562203141285    25    
56590.85500072679    51.447624857348735    7.105504703430053     25    
56591.35500072679    57.44892881797349     7.102910031574922     25    
56591.85500072679    63.686935640398566    7.095850863507505     25    
56592.35500072679    70.16359942001834     7.1268868875520255    25    
56592.85500072679    76.85387157147832     7.154539466990391     25    
56593.35500072679    83.74972693859146     7.177885277964219     25    
56593.85500072679    90.83839532888007     7.198326962071889     25    
56594.35500072679    98.0984969994821      7.215916905957185     25    
56594.85500072679    105.52944231499728    7.232218083299351     25    
56595.35500072679    113.10626180573513    7.261837680026299     25    
56595.85500072679    120.83437763763347    7.3051784268410165    25    
56596.35500072679    128.64575394059884    7.273669576991184     25    
56596.85500072679    136.61511657936305    7.120035581557819     25    
56597.35500072679    144.3697625266794     7.0232690621207965    25    
56597.85500072679    151.87441064029545    7.098864704302007     25    
56598.35500072679    158.85269073168132    7.2205475729398465    25    
56598.85500072679    164.96975034218397    7.295790566382046     25    
56599.35500072679    170.22215790900972    7.352496411018532     25    
56599.85500072679    174.1290852977453     7.373215089312427     25    
56600.35500072679    176.7686902323673     7.360850205433412     25    
56600.85500072679    178.46522486563148    7.372865508811887     25    
56601.35500072679    179.11918948808184    7.414556617120232     25    
56601.85500072679    179.33519776002115    7.468778658678308     25    
56602.35500072679    179.20867911001372    7.548810261315115     25    
56602.85500072679    179.03526064551932    7.608880697882141     25    
56603.35500072679    179.25564715098628    7.594843457469053     25    
56603.85500072679    179.70530783006757    7.537467580216553     25    
56604.35500072679    180.41541302025385    7.460228179237688     25    
56604.85500072679    181.36381319272778    7.361827696994871     25    
56605.35500072679    182.21342913565775    7.3342671684135885    25    
56605.85500072679    183.00401818255636    7.395386087176751     25    
56606.35500072679    183.46224851002265    7.438599707348309     25    
56606.85500072679    183.50441166361094    7.4265371534733875    25    
56607.35500072679    183.13695323704206    7.397804252216687     25    
56607.85500072679    182.29440421678476    7.360193559580268     25    
56608.35500072679    181.0276840964957     7.324695227414119     25    
56608.85500072679    179.39385973933122    7.340069004767109     25    
56609.35500072679    177.386595172387      7.3893623251099685    25    
56609.85500072679    175.07520664201405    7.415088418984228     25    
56610.35500072679    172.45418509077723    7.45418380762907      25    
56610.85500072679    169.55219747442123    7.209174492499911     25    
56611.35500072679    166.3758046835749     6.368190537172597     25    
56611.85500072679    162.9285039902909     5.495174732550822     25    
56612.35500072679    159.21294308371415    5.3145319198015875    25    
56612.85500072679    155.2363519857618     5.432587382743864     25    
56613.35500072679    150.99353849613536    5.408883418774902     25    
56613.85500072679    146.5050634624276     5.35362999367425      25    
56614.35500072679    141.90831911180294    5.279796189306413     25    
56614.85500072679    137.17246932037733    5.181208875082338     25    
56615.35500072679    132.53558199498306    5.1194912757315825    25    
56615.85500072679    127.99361655770794    5.123391093280618     25    
56616.35500072679    123.71261571870579    5.130864116539918     25    
56616.85500072679    119.80844831233206    5.12206180849703      25    
56617.35500072679    116.26358171244283    5.08037969495672      25    
56617.85500072679    113.15553941794937    4.924036214826931     25    
56618.35500072679    110.45221774680557    4.69732578359149      25    
56618.85500072679    108.0943914341579     4.606234068149504     25    
56619.35500072679    106.09123789668408    4.648086144611954     25    
56619.85500072679    104.38071067504552    4.675106243345976     25    
56620.35500072679    102.96824065244155    4.667233409662205     25    
56620.85500072679    101.79824709795352    4.641604986346879     25    
56621.35500072679    100.85502544992679    4.580594320534544     25    
56621.85500072679    100.10668330048885    4.521538026324558     25    
56622.35500072679    99.50231204719793     4.52502555223932      25    
56622.85500072679    99.04078571312021     4.561544287963924     25    
56623.35500072679    98.64807298247274     4.5780255627022255    25    
56623.85500072679    98.3346814016986      4.581180216874157     25    
56624.35500072679    98.0574500544722      4.571061395120523     25    
56624.85500072679    97.81340234888958     4.569566023692648     25    
56625.35500072679    97.59781505383629     4.471494640260625     25    
56625.85500072679    97.40823398039348     4.135017599254873     25    
56626.35500072679    97.23993472652758     3.764179034557911     25    
56626.85500072679    97.08960553084896     3.6777027940969673    25    
56627.35500072679    96.95148315373966     3.7394966751469685    25    
56627.85500072679    96.80454030657971     3.7301710774227383    25    
56628.35500072679    96.65168486841864     3.6836420978193996    25    
56628.85500072679    96.44896342959154     3.6867070245192926    25    
56629.35500072679    96.20140429581045     3.7574435736609386    25    
56629.85500072679    95.87109791180144     3.81371424274946      25    
56630.35500072679    95.44505438772482     3.8302996116348758    25    
56630.85500072679    94.92107411825101     3.818252138991429     25    
56631.35500072679    94.28254494413652     3.719736388764611     25    
56631.85500072679    93.54230238738236     3.627946895350411     25    
56632.35500072679    92.71869812835457     3.8359043735712746    25    
56632.85500072679    91.80945616561087     4.237854481465603     25    
56633.35500072679    90.83898926319611     4.449108009555084     25    
56633.85500072679    89.80642634099144     4.4746421562983       25    
56634.35500072679    88.71882746173763     4.444477285612094     25    
56634.85500072679    87.5825599285492      4.36341070561234      25    
56635.35500072679    86.38636256623322     4.2812543114343935    25    
56635.85500072679    85.12524262005014     4.267446333849071     25    
56636.35500072679    83.79641253534932     4.284755817189049     25    
56636.85500072679    82.38706611856533     4.312440696841285     25    
56637.35500072679    80.9000728416674      4.349361391211483     25    
56637.85500072679    79.33500069836029     4.347508372782038     25    
56638.35500072679    77.68877349953807     4.336618735704759     25    
56638.85500072679    75.98597344413103     4.0699336307003735    25    
56639.35500072679    74.22644955230274     3.212050735139398     25    
56639.85500072679    72.42774159403304     2.165982455260043     25    
56640.35500072679    70.59975077822187     1.8822866051147256    25    
56640.85500072679    68.74956676407002     2.0375372096282907    25    
56641.35500072679    66.89782939510798     2.003005274893338     25    
56641.85500072679    65.04331847842859     1.9398508205918397    25    
56642.35500072679    63.214915717389225    1.9021665250107376    25    
56642.85500072679    61.40812922377323     1.8905925877333343    25    
56643.35500072679    59.651721763687526    1.8939512754181507    25    
56643.85500072679    57.947695879266966    1.9212076525391315    25    
56644.35500072679    56.307760983458195    1.9337814022453326    25    
56644.85500072679    54.74401827985593     1.8985459601872918    25    
56645.35500072679    53.24916216347067     1.842413243181559     25    
56645.85500072679    51.8208279907211      1.7796664925631323    25    
56646.35500072679    50.45844427677758     1.7167298869726015    25    
56646.85500072679    49.15523798159723     1.7368913411549773    25    
56647.35500072679    47.91223359614945     1.8371273330029227    25    
56647.85500072679    46.72313077776893     1.8955572065753863    25    
56648.35500072679    45.588045306580526    1.8913683384099877    25    
56648.85500072679    44.50306857017411     1.87241987237418      25    
56649.35500072679    43.46683901362158     1.8535692447319778    25    
56649.85500072679    42.47737561874219     1.8314952657355834    25    
56650.35500072679    41.53128990767581     1.8118166180650321    25    
56650.85500072679    40.62848842904131     1.7941320953249618    25    
56651.35500072679    39.76419491735565     1.7849950328592101    25    
56651.85500072679    38.93915324561342     1.7837651280950269    25    
56652.35500072679    38.148308040206494    1.7868533395378587    25    
56652.85500072679    37.392124066004016    1.7895040761135206    25    
56653.35500072679    36.666383273773654    1.8124329012082927    25    
56653.85500072679    35.97015488775839     1.8742841208381336    25    
56654.35500072679    35.30105056754701     1.942206982695011     25    
56654.85500072679    34.65599970842202     1.9722784630352208    25    
56655.35500072679    34.03466076289092     2.000978790779269     25    
56655.85500072679    33.43241252554038     2.0874653153591693    25    