#Date  :
#Flux  :
#Fluxerr  :
#ZP  :
#end  :
@INSTRUMENT  CNIa02
@BAND  SDSS_i
@MAGSYS  AB
57625.07429999998  6327.0315486650115  256.4061020705991  25.0
57625.07429999998  6367.955209079162  263.92965726884717  25.0
57625.39309999999  6403.24324468947  412.8323483736156  25.0
57626.0737999999  6911.940643980495  388.33408836472324  25.0
57626.75339999981  7177.942912713623  396.66778437695854  25.0
57627.053199999966  7131.813866797394  275.88301936540927  25.0
57627.75689999992  7311.39083483418  343.43603072214574  25.0
57628.753800000064  6848.571591258563  460.467030542758  25.0
57629.38230000017  7046.930689671467  395.9182443972795  25.0
57634.35999999987  5717.418729175542  284.36061173966647  25.0
57635.361699999776  5306.40019194775  244.36875958677135  25.0
57636.10039999988  5248.074602497733  372.191461073185  25.0
57637.32929999987  4528.975799036213  304.5078831101154  25.0
57638.01679999987  4333.112852118386  143.673999256313  25.0
57638.98859999981  4032.7379297611305  230.28591157538247  25.0
57640.332700000145  4010.513660865755  251.1797320025526  25.0
57641.33509999979  3951.8458892843696  229.30642814689818  25.0
57642.3180999998  3587.566830392618  201.56054085061214  25.0
57643.0307  3930.067413418534  195.4651962353256  25.0
57644.16270000022  4077.5566175021268  217.8229691307495  25.0
57647.33619999979  4066.305463404283  314.59728194218803  25.0
57648.77389999991  3988.4118690905316  128.5712080017738  25.0
57651.02369999979  3801.8939632056126  210.10042475397327  25.0
57652.31440000003  3548.1338923357566  173.20146041747955  25.0
57653.30849999981  3410.3582265334962  172.7580803106551  25.0
57654.305900000036  3448.2599655262393  273.13297257031826  25.0
57655.05849999981  3156.4578912990746  130.82423196795392  25.0
57664.2751000002  1693.5577086915173  67.07244462696694  25.0
57667.26109999977  1367.7288255958495  85.66128653733841  25.0
57670.83639999991  1155.5799554021294  75.56732148501028  25.0
