57614.74048730032    123.16303503600649    123.1630350360069     25    
57615.24048730032    199.2031952008811     95.67734491980734     25    
57615.74048730032    296.6752043641087     187.68040375067213    25    
57616.24048730032    418.2242403266597     418.2242403266598     25    
57616.74048730032    566.0450820464652     566.0450820464653     25    
57617.24048730032    743.0015535903813     657.6281411776075     25    
57617.74048730032    951.0750301749362     643.4423225302849     25    
57618.24048730032    1193.3374970839047    645.8554616264731     25    
57618.74048730032    1471.567410841382     647.2602726601674     25    
57619.24048730032    1789.0344328990884    647.1294105211318     25    
57619.74048730032    2147.3245861376568    645.5690456617992     25    
57620.24048730032    2549.89472312779      642.3880742285407     25    
57620.74048730032    2998.1489181556226    637.9862663748471     25    
57621.24048730032    3496.837689155738     637.0141547013369     25    
57621.74048730032    4044.56160353462      629.9985854962764     25    
57622.24048730032    4648.444557059135     588.5500187145843     25    
57622.74048730032    5291.865054300747     534.0877982889527     25    
57623.24048730032    5949.054272040922     522.8464459116217     25    
57623.74048730032    6607.06677358479      533.9030414200059     25    
57624.24048730032    7223.046374236865     538.5260542220116     25    
57624.74048730032    7791.459391367973     542.2347655504864     25    
57625.24048730032    8265.938605874466     541.8368230074169     25    
57625.74048730032    8657.635686297854     539.7186892407157     25    
57626.24048730032    8966.238756306799     541.5453124589224     25    
57626.74048730032    9199.251913358503     545.9021890482614     25    
57627.24048730032    9380.24838223874      552.9791401325502     25    
57627.74048730032    9510.716280049626     560.700375399591      25    
57628.24048730032    9615.086658682283     567.000002172396      25    
57628.74048730032    9689.369037742243     563.7908524088153     25    
57629.24048730032    9735.785755504525     490.1563252078092     25    
57629.74048730032    9751.869205176572     344.43003369310316    25    
57630.24048730032    9727.33671100406      282.11318405558234    25    
57630.74048730032    9662.123557688159     310.72359613436333    25    
57631.24048730032    9545.746952242556     315.7685555395204     25    
57631.74048730032    9380.492757653332     311.71020241227507    25    
57632.24048730032    9172.705413151105     306.4438133805475     25    
57632.74048730032    8923.616401001225     300.38001609875073    25    
57633.24048730032    8649.813059984943     302.8592010584074     25    
57633.74048730032    8351.212668240278     311.9639827290012     25    
57634.24048730032    8044.280154213387     311.7154210456571     25    
57634.74048730032    7728.264840020368     304.3429070803791     25    
57635.24048730032    7409.630347944559     316.6824590196658     25    
57635.74048730032    7088.043937427946     344.803732774461      25    
57636.24048730032    6763.401804283706     359.0668955422574     25    
57636.74048730032    6435.698849104889     361.82247316949866    25    
57637.24048730032    6105.158899950742     362.18605483580126    25    
57637.74048730032    5771.736296723868     360.13112700239185    25    
57638.24048730032    5439.090048528467     355.14040660522323    25    
57638.74048730032    5107.079982600807     346.83377855255577    25    
57639.24048730032    4781.807912653556     344.054479250236      25    
57639.74048730032    4463.208396462732     347.69509052393335    25    
57640.24048730032    4157.196799206032     350.5730045494317     25    
57640.74048730032    3863.945479467398     353.9889770318531     25    
57641.24048730032    3586.495675244209     329.384484147245      25    
57641.74048730032    3325.073716512515     259.33633518158024    25    
57642.24048730032    3080.498100059593     209.9697825542753     25    
57642.74048730032    2852.8030108442836    213.88978528113006    25    
57643.24048730032    2642.9771001543068    219.3079791432054     25    
57643.74048730032    2451.378757628718     220.15178838166665    25    
57644.24048730032    2276.4051512649357    218.37706933127149    25    
57644.74048730032    2118.3622708065623    212.3311011247848     25    
57645.24048730032    1973.4689600426113    209.49860816296356    25    
57645.74048730032    1841.5351947324248    212.23151826764212    25    
57646.24048730032    1719.0879644984982    214.62858063218292    25    
57646.74048730032    1605.4960196237857    215.98400185698532    25    
57647.24048730032    1499.4318325625406    214.8917881781647     25    
57647.74048730032    1400.3156076788762    212.89375500495186    25    
57648.24048730032    1308.7634588289025    197.13927093653786    25    
57648.74048730032    1224.7943279682413    149.53247386414043    25    
57649.24048730032    1148.762618024152     104.1217563445536     25    
57649.74048730032    1080.9253225887305    104.52448258068961    25    
57650.24048730032    1020.697076132654     110.19772905440777    25    
57650.74048730032    968.2460770897369     105.40883215208844    25    
57651.24048730032    922.0837309226957     102.81322383862997    25    
57651.74048730032    881.919114665151      106.31756339499263    25    
57652.24048730032    846.4574230605072     109.90332922667969    25    
57652.74048730032    815.2831680538018     111.96597579282215    25    
57653.24048730032    787.3513668474162     111.56258304909896    25    
57653.74048730032    762.2251503458795     107.18894718900152    25    
57654.24048730032    739.1105136187778     100.38525457059444    25    
57654.74048730032    717.6542279940805     89.70028125496876     25    
57655.24048730032    697.0742704717986     80.92302224398905     25    
57655.74048730032    676.8167802544228     82.69311501149743     25    
57656.24048730032    656.7163936868983     84.136306868855       25    
57656.74048730032    636.3324549072338     76.44295133967692     25    
57657.24048730032    616.1988777471599     67.81301217860256     25    
57657.74048730032    596.4986087331872     65.18858220578949     25    
57658.24048730032    577.5740979906009     65.50003127395279     25    
57658.74048730032    559.7201700922714     68.63217663001649     25    
57659.24048730032    543.1332120769302     71.23495702472957     25    
57659.74048730032    528.0900791043042     69.17286893216415     25    
57660.24048730032    514.6389719541565     65.76873064853925     25    
57660.74048730032    502.90673401197523    63.20939850903565     25    
57661.24048730032    492.9712066280806     61.72288521758468     25    
57661.74048730032    485.0456389914739     63.7907243992381      25    
57662.24048730032    478.942367401127      65.80248165131977     25    
57662.74048730032    474.7079731051874     62.52525164292778     25    
57663.24048730032    471.8030998225472     58.11404802421272     25    
57663.74048730032    469.59282679880255    58.17906170292473     25    
57664.24048730032    467.73032439524144    60.29188847952488     25    
57664.74048730032    465.3648245897565     63.58889812369379     25    
57665.24048730032    462.46385078898413    66.24198611075442     25    
57665.74048730032    458.3863275842244     63.59731229326358     25    
57666.24048730032    453.49747069865805    58.653638795430915    25    
57666.74048730032    448.1186471508541     55.721079349634486    25    
57667.24048730032    442.39927002339266    54.9994986656045      25    
57667.74048730032    436.83133138928406    60.29178411388254     25    
57668.24048730032    431.4409329126834     67.5462669933106      25    
57668.74048730032    426.63094827358606    71.19499336762047     25    
57669.24048730032    422.2972844793746     72.81608231605334     25    
57669.74048730032    418.4155772429539     72.02645229623161     25    
57670.24048730032    414.9602642595701     69.31088203641583     25    
57670.74048730032    411.8470727682284     65.79075084159938     25    
57671.24048730032    409.0665957704419     61.45392305545928     25    
57671.74048730032    406.53400734166945    57.75745787404934     25    
57672.24048730032    404.24188646074225    54.58225499601762     25    
57672.74048730032    402.1035199379167     52.619934112741575    25    
57673.24048730032    400.11327530510994    51.454656327798965    25    
57673.74048730032    398.1827495316089     48.050291317339415    25    
57674.24048730032    396.3079012781853     43.388196567211466    25    
57674.74048730032    394.3988350973859     42.40876935509259     25    
57675.24048730032    392.4529033546064     45.841834745927194    25    
57675.74048730032    390.37891560988555    56.613668577856984    25    