57614.74048730032    329.05584098284567    266.71019491149247    25    
57615.24048730032    445.608895961893      241.44973221502283    25    
57615.74048730032    584.9332956908571     271.50590719220037    25    
57616.24048730032    749.0582995938868     437.7032978346293     25    
57616.74048730032    939.667641703028      561.4962476647738     25    
57617.24048730032    1158.9583168572062    579.3905685386432     25    
57617.74048730032    1408.4503454986925    567.0965969728885     25    
57618.24048730032    1690.5004142311845    567.8964677229834     25    
57618.74048730032    2006.4728735571841    568.3013950799195     25    
57619.24048730032    2358.876058195153     567.9651643788807     25    
57619.74048730032    2748.9266923578307    566.9321293012513     25    
57620.24048730032    3179.2767152284423    565.0446028731502     25    
57620.74048730032    3651.0032683799673    562.5798792736041     25    
57621.24048730032    4168.002820511084     559.2173995788002     25    
57621.74048730032    4728.607760194047     556.6749374721164     25    
57622.24048730032    5339.033440367729     559.2892212791104     25    
57622.74048730032    5982.535415121852     564.4084754828114     25    
57623.24048730032    6632.636480645904     568.3140723932487     25    
57623.74048730032    7276.275916824561     571.8846960533463     25    
57624.24048730032    7869.766518040575     575.3412832436077     25    
57624.74048730032    8407.872602061962     578.1271678653496     25    
57625.24048730032    8842.967523536174     577.9570649915491     25    
57625.74048730032    9189.209828500681     576.6194930497912     25    
57626.24048730032    9453.290918447261     578.8045162399328     25    
57626.74048730032    9644.890580464253     583.2154480665142     25    
57627.24048730032    9799.072847700507     589.5390114668875     25    
57627.74048730032    9918.064306563345     596.2294817323832     25    
57628.24048730032    10038.349776919125    602.9623740175716     25    
57628.74048730032    10154.059783651466    601.2686801982167     25    
57629.24048730032    10268.869961814557    531.0226396511231     25    
57629.74048730032    10379.153871253817    395.5262777023368     25    
57630.24048730032    10470.332977600212    342.0785712403177     25    
57630.74048730032    10542.043126042363    368.6366279608799     25    
57631.24048730032    10579.847060979711    373.8130958357144     25    
57631.74048730032    10584.637769220559    370.2751094097914     25    
57632.24048730032    10549.806016267668    365.67086936942303    25    
57632.74048730032    10475.857400153604    360.2766550000203     25    
57633.24048730032    10360.762282623235    361.96150799921776    25    
57633.74048730032    10204.618688736851    369.16927407171687    25    
57634.24048730032    10004.971589138815    369.41538949825417    25    
57634.74048730032    9762.600515197439     364.0915229214609     25    
57635.24048730032    9487.56454224819      365.57695355644245    25    
57635.74048730032    9180.035041257437     373.0556914968126     25    
57636.24048730032    8858.303601282476     378.39796475108096    25    
57636.74048730032    8522.082586510023     381.86427685826686    25    
57637.24048730032    8189.298614861349     382.35791155627345    25    
57637.74048730032    7859.7141519171955    379.88254819485036    25    
57638.24048730032    7545.956791424956     375.5462085301442     25    
57638.74048730032    7247.959336688529     369.0808701061127     25    
57639.24048730032    6974.605290208513     368.12874925060646    25    
57639.74048730032    6725.825502535016     373.4670738844725     25    
57640.24048730032    6510.757238349982     375.9011637873015     25    
57640.74048730032    6330.216668876719     375.27298781105776    25    
57641.24048730032    6181.559878808936     366.0697715803565     25    
57641.74048730032    6065.709370832032     345.13639802579956    25    
57642.24048730032    5970.899138930197     335.1062931234655     25    
57642.74048730032    5897.023012192003     341.22032961017885    25    
57643.24048730032    5833.225179171287     345.4622828746091     25    
57643.74048730032    5778.6864943823275    345.77720352909495    25    
57644.24048730032    5727.112785373617     343.32433683963507    25    
57644.74048730032    5677.642959539974     336.8375864329182     25    
57645.24048730032    5627.803927797388     334.5644522793416     25    
57645.74048730032    5577.386678955673     339.31118433431334    25    
57646.24048730032    5523.598902414147     343.0160669593034     25    
57646.74048730032    5465.819049653005     344.1554680723784     25    
57647.24048730032    5403.57108587547      343.23058758852954    25    
57647.74048730032    5336.312523357937     338.00509283837096    25    
57648.24048730032    5265.697028160238     340.26677285063494    25    
57648.74048730032    5191.879775644705     356.55367640287875    25    
57649.24048730032    5116.181631399697     368.09456584128156    25    
57649.74048730032    5039.381155724129     369.0925930487912     25    
57650.24048730032    4960.17827260617      366.5298752758378     25    
57650.74048730032    4879.112953469405     360.0732382941754     25    
57651.24048730032    4792.335059210416     357.1517057889791     25    
57651.74048730032    4699.087558861275     363.2335417063917     25    
57652.24048730032    4596.094583579763     369.1832857807296     25    
57652.74048730032    4481.50705295255      372.06735506128734    25    
57653.24048730032    4355.710282622843     371.49629526374247    25    
57653.74048730032    4217.330394093113     364.24399286580535    25    
57654.24048730032    4070.5796703082133    358.5439838223877     25    
57654.74048730032    3916.663600935385     360.59280274201154    25    
57655.24048730032    3758.870188563237     363.85053639461375    25    
57655.74048730032    3599.1624126385004    366.2733277262932     25    
57656.24048730032    3439.2099454950503    365.83699836390105    25    
57656.74048730032    3280.785891344895     357.579770328524      25    
57657.24048730032    3123.826467921913     350.56348752273345    25    
57657.74048730032    2968.707720875452     353.1612607437399     25    
57658.24048730032    2815.748087436995     358.54917444947654    25    
57658.74048730032    2664.829759049786     364.7549809717217     25    
57659.24048730032    2517.4989115758876    367.6255634421452     25    
57659.74048730032    2374.1954739351304    366.61003688052676    25    
57660.24048730032    2237.8986250629773    349.62040811396946    25    
57660.74048730032    2111.2061995496724    279.26033766461546    25    
57661.24048730032    1996.3543730776696    181.50679604849353    25    
57661.74048730032    1897.2011948207744    160.71312426448034    25    
57662.24048730032    1813.3687952569899    177.28633716483458    25    
57662.74048730032    1747.3722784829008    172.96864719998854    25    
57663.24048730032    1695.5758345160418    167.84767461951705    25    
57663.74048730032    1654.5749248572647    166.37903621297207    25    
57664.24048730032    1622.30907792013      167.16550694574775    25    
57664.74048730032    1594.0729193302245    170.9086487228961     25    
57665.24048730032    1569.2567406675323    174.72767101561135    25    
57665.74048730032    1543.949694446079     172.7615922518072     25    
57666.24048730032    1519.2210284043815    168.15031873200218    25    
57666.74048730032    1495.0213323829832    166.00297067839182    25    
57667.24048730032    1471.5974993262241    162.34781523267745    25    
57667.74048730032    1449.447969970634     146.3433903313138     25    
57668.24048730032    1428.5702980189153    124.05616321019151    25    
57668.74048730032    1409.331682162101     119.02148090092864    25    
57669.24048730032    1391.559387233451     123.59181335895474    25    
57669.74048730032    1375.0368382442327    122.40769947216864    25    
57670.24048730032    1359.7029965355157    119.11195014832647    25    
57670.74048730032    1345.255014447503     115.54291685329078    25    
57671.24048730032    1331.6586963023856    111.76574238470744    25    
57671.74048730032    1318.6056886982126    109.46486276550915    25    
57672.24048730032    1306.0690152461527    108.37160323814565    25    
57672.74048730032    1293.733462086811     107.42018388801287    25    
57673.24048730032    1281.578554457264     107.97150918794594    25    
57673.74048730032    1269.282935703746     117.50809197570763    25    
57674.24048730032    1256.8319150261718    131.32872798440144    25    
57674.74048730032    1243.8987106394688    136.019591622382      25    
57675.24048730032    1230.4736980433229    136.1830973572428     25    
57675.74048730032    1216.2253879844238    143.43765321843284    25    