#mB  c  mBmB x1x1 cc mBx1 mBc x1c
20.661354730778246  -0.3  0.0004063174834844807  0.018769817533795682  0.0003229987482060122  0.0013994508955046604  0.0002513482477034272  0.0005614871006820672
20.661375623765593  0.3  0.00042066642316918794  0.013168214387530441  0.00029085839187897454  0.0009859199410491046  0.00028082997848806343  0.00038785489612756384
21.166437385729807  0.0  0.0005331489561730719  0.028404752402011648  0.0003961246674665898  0.0019045154468910763  0.0003374788996587661  0.0007431999693073971
21.666437385729807  0.0  0.0007976308960362  0.05664608697248904  0.0006059355872718811  0.0034525301064886878  0.0004815719808877144  0.0012810679460992082
22.166437385729807  0.0  0.0014242656089106219  0.12463442903812869  0.0010992432997528406  0.007101969591261437  0.0008126538582226276  0.0025197473915663272
21.66514560236625  -0.15  0.0007861059167732972  0.06248564187568087  0.0006457803208384022  0.003761655268687742  0.00043887791409371875  0.0013005793334102916
21.665192497992244  0.15  0.0008044624010670744  0.04996510003053152  0.0005706970347170512  0.003100336041121019  0.0005090730948224903  0.0012150830210654808
22.661354730778243  -0.3  0.0027752067069050828  0.34158518018650635  0.002575193188408825  0.01819855066461627  0.0008928844292543062  0.004787726481127205
22.661375623765597  0.3  0.003070846124930607  0.21528987670715863  0.0020046601129866154  0.012629582767433865  0.001950250192747619  0.005287613508728271
