57265.43837823972    0.9047507922588177    0.1534648941088828      25    
57265.93837823972    1.0241643245316765    0.15356851452322726     25    
57266.43837823972    1.1506956108030781    0.15365986582307614     25    
57266.93837823972    1.2841646853346573    0.15521243982018743     25    
57267.43837823972    1.424534320424392     0.15973847646167252     25    
57267.93837823972    1.5718540122872207    0.16610200535174321     25    
57268.43837823972    1.7259468597527707    0.17138864490763858     25    
57268.93837823972    1.8867368700125133    0.17367737865245209     25    
57269.43837823972    2.054303110683933     0.17411466889217658     25    
57269.93837823972    2.2284778743006113    0.17405660786951044     25    
57270.43837823972    2.4091525320835054    0.17449885941240456     25    
57270.93837823972    2.5964234647806657    0.17498516937418646     25    
57271.43837823972    2.790138287765633     0.1754125134266365      25    
57271.93837823972    2.990161865424811     0.17576444138881916     25    
57272.43837823972    3.196595633364878     0.17604322216701068     25    
57272.93837823972    3.4093086589352914    0.1762689865166204      25    
57273.43837823972    3.628145428823888     0.1764559973333904      25    
57273.93837823972    3.8532001752240213    0.17657339227710767     25    
57274.43837823972    4.084369546597038     0.17668158190003083     25    
57274.93837823972    4.321507166754366     0.17683011817808125     25    
57275.43837823972    4.565045693755215     0.17652404159810542     25    
57275.93837823972    4.814364318847551     0.17651057966069553     25    
57276.43837823972    5.068438046727905     0.17802793560743266     25    
57276.93837823972    5.329918382597432     0.18205334187386799     25    
57277.43837823972    5.595818026161543     0.1871478596044406      25    
57277.93837823972    5.859002958913304     0.19125420826156223     25    
57278.43837823972    6.120312273445997     0.19353857914270498     25    
57278.93837823972    6.379674400445698     0.1949540645610381      25    
57279.43837823972    6.627435071601277     0.19614383018540513     25    
57279.93837823972    6.860840063178762     0.19747107244789344     25    
57280.43837823972    7.082997236369576     0.19866762916541267     25    
57280.93837823972    7.285800027864245     0.19958068032222095     25    
57281.43837823972    7.463245970498088     0.19998903737677784     25    
57281.93837823972    7.618455882474763     0.19990802466902866     25    
57282.43837823972    7.753871953048392     0.19989595104529229     25    
57282.93837823972    7.87016617975494      0.2004235718366047      25    
57283.43837823972    7.965115106087719     0.20131124498993136     25    
57283.93837823972    8.04505334307852      0.20239150030079853     25    
57284.43837823972    8.11560823041224      0.20362230520041594     25    
57284.93837823972    8.172928264382842     0.20526660860029447     25    
57285.43837823972    8.221558714289316     0.2067025009789334      25    
57285.93837823972    8.267602695970089     0.20737169793143698     25    
57286.43837823972    8.309923922785172     0.20839091004065746     25    
57286.93837823972    8.347819411208233     0.20795234890946127     25    
57287.43837823972    8.381988262235373     0.2032272004474845      25    
57287.93837823972    8.413438268274286     0.19077692979508673     25    
57288.43837823972    8.440540679910658     0.1747707100709582      25    
57288.93837823972    8.460838395503442     0.1633515644369374      25    
57289.43837823972    8.474729749308024     0.16130209257588457     25    
57289.93837823972    8.482020663509646     0.16404107149615102     25    
57290.43837823972    8.480493290804791     0.1663646404532644      25    
57290.93837823972    8.469052846028676     0.16629072440978612     25    
57291.43837823972    8.44872057439543      0.16580409794367074     25    
57291.93837823972    8.420266703617624     0.16520302895129804     25    
57292.43837823972    8.383443375088806     0.16451822816871264     25    
57292.93837823972    8.338102400624033     0.16366052040074403     25    
57293.43837823972    8.286742156552206     0.16312170641714469     25    
57293.93837823972    8.230633806420727     0.16343156430144093     25    
57294.43837823972    8.168560761859391     0.16447456023586057     25    
57294.93837823972    8.102730600968526     0.1653742092236316      25    
57295.43837823972    8.034980539282392     0.16529369727765422     25    
57295.93837823972    7.964324043721882     0.16431724429207858     25    
57296.43837823972    7.891279368138497     0.16335506839248196     25    
57296.93837823972    7.816584660366515     0.16330750761292953     25    
57297.43837823972    7.740141300522557     0.16415796001954355     25    
57297.93837823972    7.661608458606492     0.1652476788853607      25    
57298.43837823972    7.580727147926293     0.16597563727728754     25    
57298.93837823972    7.497636062630501     0.16646293330344764     25    
57299.43837823972    7.412194133918129     0.16675112226862274     25    
57299.93837823972    7.324125270584057     0.16672541138334154     25    
57300.43837823972    7.233355062834361     0.1663382263468956      25    
57300.93837823972    7.140042073570479     0.1656787202413942      25    
57301.43837823972    7.044339543718067     0.1648508627495361      25    
57301.93837823972    6.946098045676697     0.16364285393872166     25    
57302.43837823972    6.845460920129129     0.16226000115276337     25    
57302.93837823972    6.742908631352135     0.1613204457795188      25    
57303.43837823972    6.638481372542304     0.16131200782158214     25    
57303.93837823972    6.532098791854126     0.1618492274111689      25    
57304.43837823972    6.424252887661563     0.16222836162787269     25    
57304.93837823972    6.315078620197014     0.16269095134750053     25    
57305.43837823972    6.2043966103995665    0.16342990064695867     25    
57305.93837823972    6.092780566785601     0.1619609167116308      25    
57306.43837823972    5.980525247812657     0.15522286866878138     25    
57306.93837823972    5.867323794327577     0.14280696744172328     25    
57307.43837823972    5.753787141850468     0.13013943484186924     25    
57307.93837823972    5.640382394840414     0.12401560238866353     25    
57308.43837823972    5.526730265547367     0.1239877228609529      25    
57308.93837823972    5.41336334317667      0.12593968532596403     25    
57309.43837823972    5.300844590940452     0.1262770577187342      25    
57309.93837823972    5.188851951030187     0.12591291274482863     25    
57310.43837823972    5.077705718709152     0.1253397199816228      25    
57310.93837823972    4.967889356818188     0.1244389526791446      25    
57311.43837823972    4.85920907233734      0.12293484430734991     25    
57311.93837823972    4.751819445542814     0.12131629108295616     25    
57312.43837823972    4.646091698486837     0.12030360630341994     25    
57312.93837823972    4.541906660421044     0.12019202075135949     25    
57313.43837823972    4.439359435177128     0.12048633093548963     25    
57313.93837823972    4.338813423640726     0.12062205452858371     25    
57314.43837823972    4.240345646290694     0.1204995145334939      25    
57314.93837823972    4.143849824867499     0.12026367913745858     25    
57315.43837823972    4.049367049558902     0.11979817249303878     25    
57315.93837823972    3.957007491381682     0.11936680919893256     25    
57316.43837823972    3.8667014920149896    0.1188293746884372      25    
57316.93837823972    3.778149818506534     0.11713796834760601     25    
57317.43837823972    3.691245850995224     0.11288113837258144     25    
57317.93837823972    3.606108896546368     0.10623999324883114     25    
57318.43837823972    3.522445491036814     0.10007123402744954     25    
57318.93837823972    3.4400382843844435    0.09739986909700779     25    
57319.43837823972    3.3590082056650057    0.09753969696419909     25    
57319.93837823972    3.279331500869444     0.09833137448066874     25    
57320.43837823972    3.2009392577512563    0.09791090869708018     25    
57320.93837823972    3.123774236607065     0.09671540425503888     25    
57321.43837823972    3.048074504773104     0.09560842330535797     25    
57321.93837823972    2.9740643271603275    0.09535279241112965     25    
57322.43837823972    2.9015930860226273    0.09605002367253736     25    
57322.93837823972    2.8308383253564795    0.0970169864607469      25    
57323.43837823972    2.762069372305479     0.09758449609093937     25    
57323.93837823972    2.695261302226783     0.09790667018920025     25    
57324.43837823972    2.630367671035278     0.09795937475693885     25    
57324.93837823972    2.5674119073951562    0.09747932251124042     25    
57325.43837823972    2.506527566513225     0.09641742504498801     25    
57325.93837823972    2.447541131493534     0.0948476259843422      25    
57326.43837823972    2.3901254274594996    0.09277859251627087     25    
57326.93837823972    2.3343122196822725    0.08964277273146307     25    
57327.43837823972    2.280098070645395     0.08583803754399483     25    
57327.93837823972    2.2271358397085024    0.0829104524212372      25    
57328.43837823972    2.175297447353832     0.08219505078941537     25    
57328.93837823972    2.1247026962686744    0.08288262066990461     25    
57329.43837823972    2.075232812434022     0.08342266397938522     25    
57329.93837823972    2.026762752664127     0.0826747390967344      25    
57330.43837823972    1.9793365779398873    0.08121676922445474     25    
57330.93837823972    1.9331650155330469    0.07987340866897237     25    
57331.43837823972    1.8883689101815186    0.0793336241956676      25    
57331.93837823972    1.844831212287674     0.07935167825134748     25    
57332.43837823972    1.8027586207158004    0.07962388552965402     25    
57332.93837823972    1.7623504060490192    0.07997654201764776     25    
57333.43837823972    1.7235315720656874    0.08062965106034485     25    
57333.93837823972    1.6862973335656037    0.08116757563877068     25    
57334.43837823972    1.6506919898901287    0.08120879767146626     25    
57334.93837823972    1.6168309261072367    0.08132055741117598     25    
57335.43837823972    1.584456979753403     0.08057770030907613     25    
57335.93837823972    1.5532583747091562    0.07751014428505537     25    
57336.43837823972    1.5233927848112294    0.07018348137670395     25    
57336.93837823972    1.494701689933195     0.06062559666069148     25    
57337.43837823972    1.4668224142755746    0.05343047968820743     25    
57337.93837823972    1.4397848384363565    0.05179969512906329     25    
57338.43837823972    1.4135992519227534    0.053086748368063714    25    
57338.93837823972    1.3880674985220234    0.053953591164937385    25    
57339.43837823972    1.363083527435632     0.05315953732323548     25    
57339.93837823972    1.3387546054998725    0.05203757241536373     25    
57340.43837823972    1.3152009749537126    0.051214499023213046    25    
57340.93837823972    1.292439191618085     0.05108460807710377     25    
57341.43837823972    1.2704389467682846    0.05137422673432138     25    
57341.93837823972    1.2493524084654353    0.05188252229688056     25    
57342.43837823972    1.2292741106752862    0.05262162725244265     25    
57342.93837823972    1.2101412808496037    0.05368604136584314     25    
57343.43837823972    1.1919752489663127    0.05446540080988332     25    
57343.93837823972    1.1748350774045664    0.0544330344258595      25    
57344.43837823972    1.1587566304039576    0.053735751428097535    25    
57344.93837823972    1.143516614351703     0.052761472489558175    25    
57345.43837823972    1.1289344116392352    0.05191358133121507     25    
57345.93837823972    1.1151570533206       0.051273188910223276    25    
57346.43837823972    1.101980677306198     0.05026195171091427     25    
57346.93837823972    1.0891595124248932    0.048131260427105374    25    
57347.43837823972    1.0768079585804666    0.04410289654828766     25    
57347.93837823972    1.0648288376640629    0.03940101724756623     25    
57348.43837823972    1.0530313241138431    0.036226076892937324    25    
57348.93837823972    1.041417481568883     0.03561306439452244     25    
57349.43837823972    1.0300320275835122    0.03621550473889901     25    
57349.93837823972    1.0188725386936042    0.036498371203922714    25    
57350.43837823972    1.0079283048149714    0.03617267126555262     25    
57350.93837823972    0.9972119545507492    0.03574381968673934     25    
57351.43837823972    0.9867497365649842    0.03532472870226253     25    
57351.93837823972    0.9765420969267774    0.034926569214417294    25    
57352.43837823972    0.9665863761963798    0.03453092692553368     25    
57352.93837823972    0.9569088000223165    0.034231648342656025    25    
57353.43837823972    0.9475161596097786    0.034092408493216375    25    
57353.93837823972    0.938400100215514     0.034073732980549325    25    
57354.43837823972    0.929586197655456     0.034133830755460004    25    
57354.93837823972    0.9210866943138953    0.03410367167142836     25    
57355.43837823972    0.9128893280580705    0.0339473804282132      25    
57355.93837823972    0.9050181309143259    0.03432129002922288     25    
57356.43837823972    0.8974899024890498    0.03590514798086876     25    
57356.93837823972    0.8902902611739703    0.03858002380235524     25    
57357.43837823972    0.883440801248846     0.04115342547021105     25    
57357.93837823972    0.8769619855851625    0.04262415029549201     25    
57358.43837823972    0.8708391010131366    0.0429088090943818      25    
57358.93837823972    0.8650904101089374    0.043359589280437295    25    
57359.43837823972    0.8597391450521568    0.045175884888905525    25    