#mB  c  mBmB x1x1 cc mBx1 mBc x1c
20.14109576246531  -0.3  0.001986495373447402  0.06308483199459824  0.0006179378931892788  0.008707220771711606  0.0008654400640486054  0.0026808285562403516
20.142390265047588  0.3  0.0013550809161925702  0.03244704531373133  0.0005111560445645462  0.004198598475484428  0.0006678987745056696  0.0010512306776234567
20.646893558681157  0.0  0.002381412648965099  0.06443851870894197  0.0007966525929907227  0.008637480512997939  0.0011251656320747632  0.0026711618729213776
21.146893558681157  0.0  0.004286783077322296  0.11502039714301421  0.0013825847916803143  0.015284254597111318  0.0020364169503943085  0.004983550047012813
21.646893558681157  0.0  0.008933148856602636  0.23721284462752273  0.0028074185345132734  0.031238224258371684  0.004253147522101604  0.010450748157343134
21.145263513987725  -0.15  0.0052565346640673655  0.16029997767468598  0.0015731325794379582  0.021866036315530923  0.0023620039323647766  0.00730113167236708
21.145947723716077  0.15  0.003617297503764406  0.0856120101230922  0.0012431383379512885  0.011012030819940555  0.0018018922972189658  0.003465016855946535
22.141095762465312  -0.3  0.03559479358018698  1.263161454767482  0.009260820467193736  0.17546738388758448  0.014786134061096632  0.06075980723339982
22.142390265047585  0.3  0.013221675405178103  0.24424149624792846  0.004598318325112599  0.028530591010464384  0.0069890445157039845  0.009159749293233488
