#mB  c  mBmB x1x1 cc mBx1 mBc x1c
25.27340529965972  -0.3  0.0015359276281752526  0.3984114278961976  0.000869749084402835  0.015454158154327255  0.0006288609160283602  0.000678914426424297
25.274637283733988  0.3  0.001406260462749455  0.21155048959625272  0.000993572826367137  0.00790714826291504  0.0008904949283889686  -9.765623185044809e-05
25.779167999853488  0.0  0.002402571430314838  0.601517592104296  0.0012540382507633182  0.023385721160559127  0.0010229624538073301  0.001066465574099191
26.279167999853485  0.0  0.004686810264180142  1.3779840850547027  0.0018681139017180293  0.05462491491907907  0.001496065613831681  0.0037654863903581076
26.779167999853488  0.0  0.010227551400985245  3.3182786044714576  0.003149775710118524  0.133573215499452  0.002460450551594008  0.011256250093638412
26.27755455829432  -0.15  0.005098488847378411  1.6720989291797976  0.0015662488654942526  0.06726351032235937  0.0011354059305967346  0.005865058343324303
26.278207482159974  0.15  0.004595397021295329  1.1084097604580656  0.002335437794023508  0.04292217509882979  0.0020427310690262846  0.0017871553457136826
27.273405299659718  -0.3  0.03151074972194953  11.546214276366824  0.0030410678759237347  0.4873627055429737  0.0016392622871762453  0.062306773016488876
27.27463728373399  0.3  0.025669304296100526  5.055307003536352  0.014405351631804425  0.1906041669125401  0.013771438453422706  0.0028052617338375713
