57254.16911710553    1.1205305278857827    0.6473042880702805     25    
57254.66911710553    1.3314090976419688    0.6191433051682613     25    
57255.16911710553    1.563476245082599     0.6094982803173609     25    
57255.66911710553    1.8186834541170391    0.747264786433242      25    
57256.16911710553    2.0963889096826693    0.9992099774229297     25    
57256.66911710553    2.3982229538305777    1.181043737061571      25    
57257.16911710553    2.7250965623065366    1.2292102747757594     25    
57257.66911710553    3.0767926037364823    1.2150183598730724     25    
57258.16911710553    3.4554272435747397    1.206037643051341      25    
57258.66911710553    3.860567280509831     1.208323130454219      25    
57259.16911710553    4.293417607858965     1.2098641635433922     25    
57259.66911710553    4.755375024771165     1.2103508537721657     25    
57260.16911710553    5.245893036782476     1.2099146888521695     25    
57260.66911710553    5.767043877141024     1.2085150653933048     25    
57261.16911710553    6.3188115720376254    1.2059309870894088     25    
57261.66911710553    6.901871259180028     1.2025963527086345     25    
57262.16911710553    7.51858817269375      1.1991990584015833     25    
57262.66911710553    8.169172734520545     1.1956543131919186     25    
57263.16911710553    8.84976541141611      1.1918817603047074     25    
57263.66911710553    9.569815877161588     1.186562761782857      25    
57264.16911710553    10.315465346206695    1.1814590452884575     25    
57264.66911710553    11.044539772985958    1.1820624834533817     25    
57265.16911710553    11.773541221128378    1.1897002203292162     25    
57265.66911710553    12.457591142517819    1.1988567437430302     25    
57266.16911710553    13.062175097795695    1.205896408188119      25    
57266.66911710553    13.599493441212259    1.2121707236640231     25    
57267.16911710553    14.016671533292907    1.215203379151751      25    
57267.66911710553    14.297477805582986    1.2126404698834565     25    
57268.16911710553    14.468451831076704    1.2090801152234234     25    
57268.66911710553    14.541971257594154    1.2099583232746678     25    
57269.16911710553    14.509163113470132    1.2138820396563943     25    
57269.66911710553    14.426811578389346    1.2196046002687826     25    
57270.16911710553    14.302290799556719    1.229157828785482      25    
57270.66911710553    14.145088824071946    1.2388821457757027     25    
57271.16911710553    14.006768921387351    1.2442519492806527     25    
57271.66911710553    13.87887601478788     1.254767313019172      25    
57272.16911710553    13.766986315199796    1.232226116118345      25    
57272.66911710553    13.681119620040196    1.1197303551335154     25    
57273.16911710553    13.615095102703037    0.9365225186644681     25    
57273.66911710553    13.559896473895373    0.8126968666234787     25    
57274.16911710553    13.517758149214004    0.8127737415558551     25    
57274.66911710553    13.482716555989638    0.8492791648993947     25    
57275.16911710553    13.44966838002857     0.8531071725370626     25    
57275.66911710553    13.420702648919294    0.8488732080463264     25    
57276.16911710553    13.380453033839338    0.843383970482198      25    
57276.66911710553    13.330674368691765    0.8354856502321218     25    
57277.16911710553    13.263775502121264    0.8283397885208469     25    
57277.66911710553    13.164265703698264    0.829496109529851      25    
57278.16911710553    13.037761337491867    0.839008699232092      25    
57278.66911710553    12.869552928347401    0.8457295007713849     25    
57279.16911710553    12.649110748284668    0.8443901017176048     25    
57279.66911710553    12.384478920023655    0.8382300114563026     25    
57280.16911710553    12.082375292545224    0.8263549963337044     25    
57280.66911710553    11.736448733910368    0.8049273607479335     25    
57281.16911710553    11.366785256891735    0.7863550842237971     25    
57281.66911710553    10.985678042077652    0.7844585052910186     25    
57282.16911710553    10.589293378196636    0.7926535208744105     25    
57282.66911710553    10.202170647501113    0.7962448104833366     25    
57283.16911710553    9.823437133528026     0.7927100357423329     25    
57283.66911710553    9.45831615533137      0.786162010129381      25    
57284.16911710553    9.1180127937979       0.7770603212042002     25    
57284.66911710553    8.798759266634208     0.7644904958649202     25    
57285.16911710553    8.50656584906354      0.7569445942916663     25    
57285.66911710553    8.242029286649277     0.760583209988785      25    
57286.16911710553    8.006471671583858     0.7681808876850994     25    
57286.66911710553    7.805881497027425     0.7713102871945097     25    
57287.16911710553    7.639729214917956     0.772825608327917      25    
57287.66911710553    7.505968652988447     0.7656647138157016     25    
57288.16911710553    7.405621570116489     0.737255031464838      25    
57288.66911710553    7.336950765172073     0.6966646456444866     25    
57289.16911710553    7.292104930243598     0.6762555359241178     25    
57289.66911710553    7.273080586149602     0.6849034252798772     25    
57290.16911710553    7.274695518788466     0.6997637482974154     25    
57290.66911710553    7.291972829433859     0.704356356652748      25    
57291.16911710553    7.3267622023026355    0.7050361509253278     25    
57291.66911710553    7.372066643926977     0.7022375413275371     25    
57292.16911710553    7.428145463424257     0.6927633796619662     25    
57292.66911710553    7.492776394975155     0.6828038111846804     25    
57293.16911710553    7.561161491706816     0.6825796556468272     25    
57293.66911710553    7.635156888148759     0.6908915881133505     25    
57294.16911710553    7.709365814210265     0.6986368885908029     25    
57294.66911710553    7.782147690427658     0.702182283388341      25    
57295.16911710553    7.853598536068221     0.7037754556843071     25    
57295.66911710553    7.919858907417907     0.7022809752365649     25    
57296.16911710553    7.98163970424669      0.6954985901039982     25    
57296.66911710553    8.03777445846876      0.6919843029889482     25    
57297.16911710553    8.087363680342289     0.7009148012814419     25    
57297.66911710553    8.130667378095378     0.7167041667572457     25    
57298.16911710553    8.165881360129761     0.7267227662676738     25    
57298.66911710553    8.193073965191013     0.729605653759336      25    
57299.16911710553    8.211929596550343     0.7284065882689991     25    
57299.66911710553    8.22168258668705      0.7223022106650223     25    
57300.16911710553    8.222564749284272     0.7108134691653055     25    
57300.66911710553    8.214786215091348     0.705209969254373      25    
57301.16911710553    8.198341613708243     0.712286303571159      25    
57301.66911710553    8.17329381707884      0.723707984436289      25    
57302.16911710553    8.139935095465209     0.7306100609302496     25    
57302.66911710553    8.098426179124793     0.7350474132664866     25    
57303.16911710553    8.047634682197092     0.7352002568436858     25    
57303.66911710553    7.987661238189939     0.7252749953183936     25    
57304.16911710553    7.917925839933075     0.7111054995863471     25    
57304.66911710553    7.835494523865199     0.7107287032567037     25    
57305.16911710553    7.741176828430316     0.7288080880161254     25    
57305.66911710553    7.632903694326402     0.7478963155510564     25    
57306.16911710553    7.508349890185438     0.7555327431195118     25    
57306.66911710553    7.368450804241647     0.757086716970522      25    
57307.16911710553    7.213433773652962     0.7534735327980046     25    
57307.66911710553    7.0417532996203835    0.740880715830254      25    
57308.16911710553    6.856730681475462     0.727121745625942      25    
57308.66911710553    6.662187930843859     0.7243253654683663     25    
57309.16911710553    6.456564479227385     0.7303360421838667     25    
57309.66911710553    6.244985723973983     0.7375989224282268     25    
57310.16911710553    6.028089561449393     0.7459003084938601     25    
57310.66911710553    5.806964002406673     0.7530422643912053     25    
57311.16911710553    5.586936123745551     0.7522269197704264     25    
57311.66911710553    5.3660782446108435    0.7499964562986258     25    
57312.16911710553    5.149531674971638     0.7227287124017477     25    
57312.66911710553    4.940002070459336     0.6273581133955349     25    
57313.16911710553    4.736898460648467     0.4628568120260512     25    
57313.66911710553    4.546841576110268     0.32563552995525763    25    
57314.16911710553    4.369482532285461     0.3113344129421599     25    
57314.66911710553    4.2059195678962285    0.34303611404118695    25    
57315.16911710553    4.059164602842146     0.3407697259195368     25    
57315.66911710553    3.928322287789111     0.3313018622558736     25    
57316.16911710553    3.8095079928130984    0.32411210022313275    25    
57316.66911710553    3.703024187295072     0.3211499588327762     25    
57317.16911710553    3.607220813672767     0.3209139441893944     25    
57317.66911710553    3.5183388292910966    0.3238416065681741     25    
57318.16911710553    3.4376457403022957    0.33088006237680406    25    
57318.66911710553    3.3621245163067286    0.3352429795337262     25    
57319.16911710553    3.2903692063432866    0.3322457683153802     25    
57319.66911710553    3.22286028558747      0.32547519733481567    25    
57320.16911710553    3.1579433260618375    0.31970990709571145    25    
57320.66911710553    3.0960342238488567    0.3160176478687228     25    
57321.16911710553    3.0361334746896467    0.3099548292472229     25    
57321.66911710553    2.977373700201597     0.295577318972391      25    
57322.16911710553    2.9200747852448043    0.274900481420847      25    
57322.66911710553    2.86325746318513      0.26155048529948494    25    
57323.16911710553    2.8066844179248913    0.2623853658959357     25    
57323.66911710553    2.750729506301956     0.2672725532627345     25    
57324.16911710553    2.6955522907911904    0.2666574912739074     25    
57324.66911710553    2.641070523702534     0.26301155180085717    25    
57325.16911710553    2.58770146075795      0.25862036109496694    25    
57325.66911710553    2.5354838712049452    0.2536465190258111     25    
57326.16911710553    2.4845097352821743    0.24837511850285       25    
57326.66911710553    2.435163373350457     0.2444493076057093     25    
57327.16911710553    2.387310969313116     0.24173050672665716    25    
57327.66911710553    2.341298942363223     0.24007625905471183    25    
57328.16911710553    2.29728891992528      0.2388644259668907     25    
57328.66911710553    2.2552561792105914    0.2388055302539171     25    
57329.16911710553    2.215626880064482     0.24295918541034328    25    
57329.66911710553    2.1783006945773122    0.253044988404098      25    
57330.16911710553    2.143542094992264     0.26325712383170646    25    
57330.66911710553    2.1116157814091974    0.267150133426569      25    
57331.16911710553    2.0824212914014435    0.2672397578587361     25    
57331.66911710553    2.05638473265205      0.274528623894004      25    