54337.83513064023    28.894871617124466    6.707005258467842     25    
54338.33513064023    34.09422195438079     6.655946742867358     25    
54338.83513064023    39.622866832120316    6.73425906446494      25    
54339.33513064023    45.445430980633176    7.3380468872392       25    
54339.83513064023    51.55556587812757     8.072828240818273     25    
54340.33513064023    57.906654301580616    8.327440184343287     25    
54340.83513064023    64.50097254599667     8.300141877450983     25    
54341.33513064023    71.28589570807345     8.315079961586905     25    
54341.83513064023    78.26709062657797     8.352150722609691     25    
54342.33513064023    85.39115899096221     8.387085484759611     25    
54342.83513064023    92.66192391072191     8.419723560849674     25    
54343.33513064023    100.0304479410971     8.451745089123039     25    
54343.83513064023    107.49347618927888    8.482079314938336     25    
54344.33513064023    115.01181493607208    8.51646803557563      25    
54344.83513064023    122.5824761388083     8.57122732378563      25    
54345.33513064023    130.14736402176524    8.61098469130649      25    
54345.83513064023    137.71939908114695    8.571965236589188     25    
54346.33513064023    145.13509281481953    8.519408440594995     25    
54346.83513064023    152.07397384037614    8.584486313287869     25    
54347.33513064023    158.50870119486848    8.717319235319657     25    
54347.83513064023    163.896456268854      8.809362992266202     25    
54348.33513064023    168.29296256988178    8.871800753196911     25    
54348.83513064023    171.20662018872923    8.895674973953795     25    
54349.33513064023    172.56596289974473    8.87138366898977      25    
54349.83513064023    172.83037926530707    8.871395795321718     25    
54350.33513064023    171.911645410254      8.915619234016106     25    
54350.83513064023    170.50029016834787    8.976443983124058     25    
54351.33513064023    168.78257227093528    9.068157452037607     25    
54351.83513064023    167.1293423312231     9.130018990047745     25    
54352.33513064023    166.0596241078459     9.086756625589853     25    
54352.83513064023    165.38573691599098    8.99438792513155      25    
54353.33513064023    165.1814560737832     8.902069109022232     25    
54353.83513064023    165.34000055438966    8.81222610292894      25    
54354.33513064023    165.5148723166688     8.807015009598043     25    
54354.83513064023    165.7367343689882     8.869197703406575     25    
54355.33513064023    165.64563422955342    8.888216133851039     25    
54355.83513064023    165.25252216618728    8.862107778899993     25    
54356.33513064023    164.5003461812908     8.836843755545319     25    
54356.83513064023    163.35845811367037    8.810611866343631     25    
54357.33513064023    161.91471259189666    8.817871044506441     25    
54357.83513064023    160.1807381552768     8.901788458199196     25    
54358.33513064023    158.19989077294537    8.967251939285092     25    
54358.83513064023    156.0196621393978     9.03521912951552      25    
54359.33513064023    153.61958766332938    8.923457044380205     25    
54359.83513064023    151.0074437242044     8.112816937267723     25    
54360.33513064023    148.16531919438495    6.871803193008324     25    
54360.83513064023    145.0445509777404     6.393860296688938     25    
54361.33513064023    141.6494437851067     6.544012211894787     25    
54361.83513064023    137.92350840192682    6.573222593264321     25    
54362.33513064023    133.8631984760387     6.520101478684116     25    
54362.83513064023    129.60188182400552    6.43695923138673      25    
54363.33513064023    125.10880621543194    6.307232057003377     25    
54363.83513064023    120.62731437407456    6.221322681701039     25    
54364.33513064023    116.17909403220801    6.231328267955729     25    
54364.83513064023    111.93723750379185    6.248700460865918     25    
54365.33513064023    108.01560604562792    6.23433107565963      25    
54365.83513064023    104.4329013521969     6.187511977211733     25    
54366.33513064023    101.28503305531001    6.053820747517057     25    
54366.83513064023    98.54407981772097     5.893054987884606     25    
54367.33513064023    96.2183481248849      5.856285117447116     25    
54367.83513064023    94.30624182602486     5.8976027465748215    25    
54368.33513064023    92.81826748407266     5.906330947178561     25    
54368.83513064023    91.75402122104225     5.892339554067129     25    
54369.33513064023    91.03821143593505     5.847327879389531     25    
54369.83513064023    90.68784990169384     5.759123758997126     25    
54370.33513064023    90.5572942726753      5.707635990780718     25    
54370.83513064023    90.64201405967887     5.726405358461471     25    
54371.33513064023    90.8300729972296      5.752715185385918     25    
54371.83513064023    91.05997572204865     5.762455595502745     25    
54372.33513064023    91.33006667962948     5.761379415594434     25    
54372.83513064023    91.59100596625936     5.778378206427236     25    
54373.33513064023    91.88364565461856     5.7396043696442       25    
54373.83513064023    92.25123219599196     5.424565826493092     25    
54374.33513064023    92.69557132683913     4.933879229649434     25    
54374.83513064023    93.2819542781923      4.746046039367919     25    
54375.33513064023    94.0003992092516      4.821654562486346     25    
54375.83513064023    94.82243227939003     4.844043663451932     25    
54376.33513064023    95.76261653070424     4.80327570425181      25    
54376.83513064023    96.67877420567133     4.812738073957013     25    
54377.33513064023    97.57368120180392     4.9069105982802546    25    
54377.83513064023    98.33062711442722     4.98398806309964      25    
54378.33513064023    98.89911180781874     5.009671631108623     25    
54378.83513064023    99.27749417039628     4.996190322817337     25    
54379.33513064023    99.41530197876182     4.88067827673137      25    
54379.83513064023    99.37680468214494     4.793580818339358     25    
54380.33513064023    99.22710703620538     5.003903157189387     25    
54380.83513064023    98.97557668772392     5.333992685230506     25    
54381.33513064023    98.72443864990665     5.472105927094014     25    
54381.83513064023    98.45815830480387     5.488290670885423     25    
54382.33513064023    98.2047086773885      5.459540808697407     25    
54382.83513064023    97.96955015208452     5.375994085425458     25    
54383.33513064023    97.6468657427084      5.34523680480673      25    
54383.83513064023    97.2431713368891      5.392855546513851     25    
54384.33513064023    96.66396498235055     5.450035367525091     25    
54384.83513064023    95.88177687466028     5.5174572964349125    25    
54385.33513064023    94.88062958470603     5.5402947366109006    25    
54385.83513064023    93.6179139791875      5.539203189615055     25    
54386.33513064023    92.14516864892585     5.366928259424162     25    
54386.83513064023    90.50017804681774     4.591942000325991     25    
54387.33513064023    88.69516446202951     3.362915746016505     25    
54387.83513064023    86.79423554508874     2.807702287426239     25    
54388.33513064023    84.79242609123968     2.9210384722955447    25    
54388.83513064023    82.74838137338921     2.9055254076542045    25    
54389.33513064023    80.65654072517859     2.8208131266979066    25    
54389.83513064023    78.54573271032584     2.769871169053277     25    
54390.33513064023    76.41406891358054     2.7611625021061763    25    
54390.83513064023    74.28694160137874     2.771359333976781     25    
54391.33513064023    72.16620380254076     2.8103582193846917    25    
54391.83513064023    70.07089520371701     2.823241308770083     25    
54392.33513064023    68.00920526202219     2.7657609637002993    25    
54392.83513064023    65.99068216335836     2.6794736653521163    25    
54393.33513064023    64.02769287856542     2.5887777815148465    25    
54393.83513064023    62.12434861456595     2.4954269485238547    25    
54394.33513064023    60.29906997456736     2.4315564330962793    25    
54394.83513064023    58.55008002778194     2.3895370701103245    25    
54395.33513064023    56.89208605280159     2.360155966374545     25    
54395.83513064023    55.32317928167248     2.344501152869835     25    
54396.33513064023    53.8366245479413      2.32120210596805      25    
54396.83513064023    52.43330621456514     2.2882441411220906    25    
54397.33513064023    51.10487214126308     2.2571814703079025    25    
54397.83513064023    49.851311102775014    2.228529047946287     25    
54398.33513064023    48.665821261562385    2.2077140288735198    25    
54398.83513064023    47.54675966594443     2.199222711695928     25    
54399.33513064023    46.489342807833566    2.1986407053439394    25    
54399.83513064023    45.48954657150032     2.1807516028790324    25    
54400.33513064023    44.54503412840799     2.1974783152441506    25    
54400.83513064023    43.649566486869716    2.362857513721535     25    
54401.33513064023    42.80270060677797     2.5837214082973503    25    
54401.83513064023    41.996714079479545    2.6731297271791505    25    
54402.33513064023    41.2322369103704      2.6825875817829195    25    
54402.83513064023    40.50088401675677     2.7760007260290105    25    