53993.8821822832    0.4851071427574804    0.39919095761055007    25    
53994.3821822832    0.599630963653511     0.39596901951375746    25    
53994.8821822832    0.7299922590476549    0.4015510008271756     25    
53995.3821822832    0.8794641469843439    0.49620872328435717    25    
53995.8821822832    1.0471919531726823    0.6821139802620254     25    
53996.3821822832    1.234713921791889     0.8416139381255626     25    
53996.8821822832    1.4448123375916282    0.9150452737978467     25    
53997.3821822832    1.6761723169880798    0.9268500936804089     25    
53997.8821822832    1.931283146748153     0.9218494508485753     25    
53998.3821822832    2.2121090561302283    0.9287105845451614     25    
53998.8821822832    2.517529396650593     0.9359337301109888     25    
53999.3821822832    2.850657275467338     0.9413318833560131     25    
53999.8821822832    3.212311644151034     0.9446404955428891     25    
54000.3821822832    3.602220533711119     0.9461857965654816     25    
54000.8821822832    4.023736001708528     0.9461290120379146     25    
54001.3821822832    4.476377443204939     0.944106069994716      25    
54001.8821822832    4.961203069720549     0.9409633801851388     25    
54002.3821822832    5.481533650611179     0.9384765103929135     25    
54002.8821822832    6.037749093340726     0.9384144984388875     25    
54003.3821822832    6.6276135446137       0.9358980856533935     25    
54003.8821822832    7.254478219488505     0.9233817313494138     25    
54004.3821822832    7.9238274380204645    0.899752714308603      25    
54004.8821822832    8.598477634377144     0.884263259657774      25    
54005.3821822832    9.266129840516045     0.8938599894171957     25    
54005.8821822832    9.933072446114222     0.9190636416237916     25    
54006.3821822832    10.543796283783436    0.9424402896594616     25    
54006.8821822832    11.095684505513645    0.9603049442111211     25    
54007.3821822832    11.583601805601841    0.9752475008299624     25    
54007.8821822832    11.96001161915805     0.9825916013070679     25    
54008.3821822832    12.218473992453742    0.9789604217720154     25    
54008.8821822832    12.379368630512355    0.9720306556883712     25    
54009.3821822832    12.452723775560981    0.9705469337793726     25    
54009.8821822832    12.426033389294892    0.9724513796203645     25    
54010.3821822832    12.3386645958211      0.9766296572944156     25    
54010.8821822832    12.215925954670494    0.9852077964326587     25    
54011.3821822832    12.043749201702235    0.9978166810338246     25    
54011.8821822832    11.86230211942056     1.0027424854320193     25    
54012.3821822832    11.689572681823485    0.9986165108727494     25    
54012.8821822832    11.513166931239274    0.9851515109984341     25    
54013.3821822832    11.337139890005018    0.9475702594855537     25    
54013.8821822832    11.167585376293447    0.8617576598602933     25    
54014.3821822832    10.993547009373144    0.756095954509994      25    
54014.8821822832    10.800476953606227    0.694315628330709      25    
54015.3821822832    10.594123337089764    0.6910116037997935     25    
54015.8821822832    10.364722971049972    0.7038108529584015     25    
54016.3821822832    10.099499524852133    0.6986769380393079     25    
54016.8821822832    9.801870435042913     0.6876257436135285     25    
54017.3821822832    9.480635311564978     0.6736076989225558     25    
54017.8821822832    9.135241875995648     0.6547727304024701     25    
54018.3821822832    8.766909536096836     0.6322688786769353     25    
54018.8821822832    8.397834308283128     0.6153772756291173     25    
54019.3821822832    8.026906536137238     0.6097253443854022     25    
54019.8821822832    7.658592435129294     0.6087864996387038     25    
54020.3821822832    7.313023672114155     0.6044610544470171     25    
54020.8821822832    6.988976450877208     0.5981603192865127     25    
54021.3821822832    6.684795360002845     0.5881265292057357     25    
54021.8821822832    6.403701090807255     0.5685017001754228     25    
54022.3821822832    6.146764500031553     0.5362268563245741     25    
54022.8821822832    5.904894395045892     0.5074747797036665     25    
54023.3821822832    5.673428912669521     0.4997731542421725     25    
54023.8821822832    5.454958205487525     0.5063865937229483     25    
54024.3821822832    5.240292298243136     0.5103961679154159     25    
54024.8821822832    5.026134109663998     0.5043777220130907     25    
54025.3821822832    4.814883673175733     0.4946160599473732     25    
54025.8821822832    4.605108753795354     0.484822306580488      25    
54026.3821822832    4.3951122785425065    0.4726188863301148     25    
54026.8821822832    4.188302173875402     0.4624681399813338     25    
54027.3821822832    3.9886827009541856    0.46341056083052323    25    
54027.8821822832    3.794413094518684     0.477442109621822      25    
54028.3821822832    3.6089086844262575    0.490999078278367      25    
54028.8821822832    3.435682629508166     0.4951694544841691     25    
54029.3821822832    3.273324389149282     0.4946113991361398     25    
54029.8821822832    3.121761876700894     0.48192302222697436    25    
54030.3821822832    2.982021107833829     0.4434589498837257     25    
54030.8821822832    2.853173912019794     0.3835944047125666     25    
54031.3821822832    2.731525663886796     0.334565308350856      25    
54031.8821822832    2.6175668690353557    0.3176847185423512     25    
54032.3821822832    2.510179720795122     0.3165777113342728     25    
54032.8821822832    2.4059046418991654    0.3125580784860826     25    
54033.3821822832    2.3053493403233585    0.3079358618520626     25    
54033.8821822832    2.2080951358242795    0.30304977484159223    25    
54034.3821822832    2.1129712461921737    0.29337647112679244    25    
54034.8821822832    2.0201594237429137    0.2778425217107755     25    
54035.3821822832    1.9307213178116778    0.26716935720271145    25    
54035.8821822832    1.8450709420101157    0.27219608816636465    25    
54036.3821822832    1.7629880354091658    0.28735069440194555    25    
54036.8821822832    1.6855610885521741    0.30119099802418126    25    
54037.3821822832    1.6131139736546842    0.3125985855559932     25    
54037.8821822832    1.545382905006038     0.3219133056102314     25    
54038.3821822832    1.482514924334806     0.3231386057681343     25    
54038.8821822832    1.4248089378151227    0.31478471691538606    25    
54039.3821822832    1.3716039689096298    0.29976111854017234    25    
54039.8821822832    1.3221750227514069    0.27929075220121397    25    
54040.3821822832    1.2768931948363373    0.24803599062137544    25    
54040.8821822832    1.2350080788873252    0.21588705888675724    25    
54041.3821822832    1.1959787154422312    0.19892702900045953    25    
54041.8821822832    1.1601014072307996    0.19529194290356866    25    
54042.3821822832    1.1265963843484903    0.19241795867506054    25    
54042.8821822832    1.0952691549303835    0.18174730777431602    25    
54043.3821822832    1.06618668270888      0.16930217000990816    25    
54043.8821822832    1.0386825224564935    0.16387465930884074    25    
54044.3821822832    1.0128763712132247    0.1709236334686407     25    
54044.8821822832    0.9885321374388603    0.1819297697113231     25    
54045.3821822832    0.9650483549820948    0.18801634813104726    25    
54045.8821822832    0.9425267366980242    0.1910777817828678     25    
54046.3821822832    0.9209599244062934    0.19088263456719295    25    
54046.8821822832    0.9001706676045974    0.18404971086697008    25    
54047.3821822832    0.8801386948537072    0.16904029491073408    25    
54047.8821822832    0.8614310754385102    0.15764614295924947    25    
54048.3821822832    0.8442403233423713    0.16160059210553038    25    
54048.8821822832    0.8284758472908917    0.1742692632055206     25    
54049.3821822832    0.8147627422251613    0.18575948330485215    25    
54049.8821822832    0.8033474010306171    0.1968568811408134     25    
54050.3821822832    0.7939458543169293    0.20571634944199207    25    
54050.8821822832    0.7863851063624692    0.20437725678725788    25    
54051.3821822832    0.7811401776519739    0.18885626308052833    25    
54051.8821822832    0.7771269395062681    0.1674428076335684     25    
54052.3821822832    0.7732013570587912    0.15134481596382932    25    
54052.8821822832    0.7699795116554607    0.13846987389933352    25    
54053.3821822832    0.7661362034102018    0.12952644483136083    25    
54053.8821822832    0.7606634219664499    0.12791911086655028    25    
54054.3821822832    0.7540644766602365    0.13306815247495188    25    
54054.8821822832    0.7459526477925218    0.13715418319912837    25    
54055.3821822832    0.7356951776280446    0.13657063124377652    25    
54055.8821822832    0.7239824234633847    0.13452034275934852    25    
54056.3821822832    0.7123353526380629    0.13357741572272017    25    
54056.8821822832    0.7003227679023838    0.13315018698548628    25    
54057.3821822832    0.688739278194288     0.1344365893689689     25    
54057.8821822832    0.6791271956339363    0.13987892093183824    25    
54058.3821822832    0.6710775329476577    0.14883274420925244    25    
54058.8821822832    0.6649202597005271    0.1600870772837999     25    
54059.3821822832    0.6613687563308113    0.1725584188791202     25    
54059.8821822832    0.6602998238814131    0.18597853549108373    25    
54060.3821822832    0.6602964395012211    0.2016264213761899     25    
54060.8821822832    0.6610295816288894    0.2230273512077517     25    
54061.3821822832    0.6625958695189138    0.24558069031626215    25    
54061.8821822832    0.663326763157305     0.2581741627882501     25    
54062.3821822832    0.6631579075085791    0.25989723850012614    25    
54062.8821822832    0.6620394785648694    0.2539913954255167     25    
54063.3821822832    0.6591035518769853    0.23910507245372217    25    
54063.8821822832    0.6541545023647922    0.2053919105820636     25    
54064.3821822832    0.6479800830422255    0.16753858216637024    25    
54064.8821822832    0.6411555259669445    0.15577794477611043    25    
54065.3821822832    0.6333254351300862    0.16774287303472057    25    
54065.8821822832    0.625411159531185     0.197264267637114      25    
54066.3821822832    0.617930291681039     0.2432231866110878     25    
54066.8821822832    0.610606492448691     0.2963955531477451     25    
54067.3821822832    0.6041400055344258    0.3367234435050437     25    
54067.8821822832    0.5988103747923095    0.3640676250192764     25    
54068.3821822832    0.5943610077193233    0.38384813149608166    25    
54068.8821822832    0.5906839692815117    0.3931363667239052     25    
54069.3821822832    0.5878515461922814    0.3910055244857664     25    
54069.8821822832    0.5857216091900229    0.3809532443607063     25    
54070.3821822832    0.5841027522946445    0.3658802979667295     25    
54070.8821822832    0.5830890231291432    0.343058884422848      25    
54071.3821822832    0.5824972108078257    0.31568876265901447    25    
54071.8821822832    0.582196773023987     0.2866771317462621     25    
54072.3821822832    0.5822622736554217    0.25311737750234203    25    
54072.8821822832    0.582469121888253     0.21812140311763417    25    
54073.3821822832    0.5827708424565902    0.18231297747271435    25    
54073.8821822832    0.5831761087581695    0.14459815213023577    25    
54074.3821822832    0.5834481117494781    0.11285704196878882    25    
54074.8821822832    0.583629771579506     0.08103204186758005    25    
54075.3821822832    0.5836353394244392    0.07907457169791848    25    
54075.8821822832    0.5832553048904108    0.13239368476307112    25    
54076.3821822832    0.5825783713797872    0.18513690926717033    25    
54076.8821822832    0.5814447766412812    0.26753211447430675    25    
54077.3821822832    0.5796964438225534    0.37326345980804393    25    