@INSTRUMENT DECam
@BAND DECam_g
@MAGSYS AB
#Date : MJD
#Flux : 
#Fluxerr : 
#ZP : 
#end
56992.123  -16.58  10.931  27.487295499697606
57001.288  -24.194  22.075  27.487295499697606
57004.037  34.23  6.7593  27.487295499697606
57011.085  143.59  3.982  27.487295499697606
57017.238  205.7  6.1932  27.487295499697606
57025.072  152.3  16.65  27.487295499697606
57032.145  88.043  7.8438  27.487295499697606
57039.112  53.685  4.0816  27.487295499697606
57044.169  31.822  4.8706  27.487295499697606
57051.144  31.471  11.733  27.487295499697606
57061.058  23.311  17.046  27.487295499697606
57066.043  4.851  6.6608  27.487295499697606
57067.096  3.3923  4.4203  27.487295499697606
