#Date  :
#Flux  :
#Fluxerr  :
#ZP  :
#end  :
@INSTRUMENT  CNIa02
@BAND  SDSS_r
@MAGSYS  AB
57844.850699999835  15.602708686930626  2.2274469948185955  25.0
57844.8544999999  12.427964384409158  2.014597765140558  25.0
57690.32970000012  1723.4552051091644  73.0186016519794  25.0
57692.23499999987  1933.7485452952571  56.99354334667457  25.0
57694.142500000075  2208.004733018899  65.07672042838479  25.0
57710.20830000006  1390.592875465446  53.79290154745881  25.0
57712.373399999924  1290.6247820605395  42.79353672667257  25.0
57714.35419999994  1204.4811285731782  45.48409277932579  25.0
57716.343700000085  1042.3174293933057  35.52036371102191  25.0
57720.26709999982  795.7927898970919  32.98285107205253  25.0
57728.135799999814  495.67840659411786  23.28337088263762  25.0
57696.1762000001  2387.8112829131783  107.76351783151854  25.0
57697.279999999795  2339.914561055096  107.75704774241208  25.0
57698.21760000009  2361.5655239177186  117.4544403434633  25.0
57699.28619999997  2429.964897703228  132.04674241773378  25.0
57700.25600000005  2394.4181728633826  110.26703182367322  25.0
57701.21700000018  2314.195261511257  104.44117762322837  25.0
57702.1773000001  2102.809837037738  108.45852828438397  25.0
57703.16529999999  2032.3570109362208  102.95284905366935  25.0
57704.22269999981  1870.6821403658016  98.20882967029964  25.0
57706.17299999995  1712.3794212449282  85.16662550371576  25.0
57708.24310000008  1454.7889712157114  73.69505876800613  25.0
57711.12270000018  1345.240705148633  64.42864883807913  25.0
57711.375200000126  1475.0271017597609  70.64460865791979  25.0
57715.200999999885  1154.5161169214298  56.35747792896053  25.0
57716.27320000017  1067.5789450994962  56.04676311196973  25.0
57716.49310000008  987.1883010683977  63.64638184798345  25.0
57717.2677000002  1030.8607400626279  53.169638435230986  25.0
57722.23909999989  696.9473963563211  37.23091190215705  25.0
57727.182200000156  520.9547473285564  30.70829146402027  25.0
57728.179099999834  489.77881936844716  28.87058965331665  25.0
