57348.908073767074    251.7751415379972     224.1210152186036     25    
57349.408073767074    304.1227222983977     226.12335913043114    25    
57349.908073767074    361.34724922940103    242.7428642744866     25    
57350.408073767074    423.4321869705351     302.11031843491776    25    
57350.908073767074    490.36511341738213    354.4922025201964     25    
57351.408073767074    562.1275280087171     367.5227504425642     25    
57351.908073767074    638.7089006990544     367.58329498968516    25    
57352.408073767074    720.0889120100568     371.34073905363215    25    
57352.908073767074    806.258777671531      373.6741646060099     25    
57353.408073767074    897.1965055716665     373.9535908933544     25    
57353.908073767074    992.8949109319274     372.29961095356765    25    
57354.408073767074    1093.3304752906613    368.4072469063941     25    
57354.908073767074    1198.4974670773538    362.644492823715      25    
57355.408073767074    1308.4957148606486    357.3208504656767     25    
57355.908073767074    1423.0712003769852    349.3446699035643     25    
57356.408073767074    1542.424402143615     325.8406446197104     25    
57356.908073767074    1665.0215195127055    293.999922354096      25    
57357.408073767074    1786.495498269921     285.8252111386187     25    
57357.908073767074    1905.956767316737     293.3814411339357     25    
57358.408073767074    2016.8026252564218    297.76293093814996    25    
57358.908073767074    2118.887981280357     301.18937887077715    25    
57359.408073767074    2205.4939111441854    299.1442231167617     25    
57359.908073767074    2277.5399921274725    293.43657253464534    25    
57360.408073767074    2334.6447068051634    292.9573454661042     25    
57360.908073767074    2377.173359063801     296.6902965050148     25    
57361.408073767074    2407.7077773615974    304.79212066733874    25    
57361.908073767074    2426.2267969262944    316.05772464851094    25    
57362.408073767074    2435.2083229904974    319.4496531190077     25    
57362.908073767074    2434.624307787653     315.36855059832277    25    
57363.408073767074    2427.5840798914437    284.64454142147815    25    
57363.908073767074    2414.011668703258     216.93623445255926    25    
57364.408073767074    2397.355879664381     177.27084672120452    25    
57364.908073767074    2377.545721049029     186.79869127063083    25    
57365.408073767074    2357.8596040426455    192.03766849757062    25    
57365.908073767074    2338.5044475390814    191.3769659000499     25    
57366.408073767074    2318.3970664834683    188.6305732293084     25    
57366.908073767074    2297.7793934343995    183.0484954797203     25    
57367.408073767074    2273.3067266388166    182.27927311213196    25    
57367.908073767074    2244.9187984846744    188.25519542300776    25    
57368.408073767074    2209.7767065629555    190.81225494878723    25    
57368.908073767074    2167.0888960992256    187.81906365919872    25    
57369.408073767074    2119.056452310028     186.41153998316818    25    
57369.908073767074    2065.205170310271     188.01036620796765    25    
57370.408073767074    2010.4135860995898    191.12862021774293    25    
57370.908073767074    1955.0844648017808    196.40318444920334    25    
57371.408073767074    1903.379902419528     199.17129041738622    25    
57371.908073767074    1856.4800382103115    197.64679586285706    25    
57372.408073767074    1815.3279795454312    194.56669498267837    25    
57372.908073767074    1780.7090006713831    189.2874613119868     25    
57373.408073767074    1751.7668115741633    187.3009478635971     25    
57373.908073767074    1728.4141979970357    193.26965288588326    25    
57374.408073767074    1710.187322233558     197.98795167297533    25    
57374.908073767074    1696.9768609473826    198.13075123999036    25    
57375.408073767074    1688.239376660881     193.6772211990471     25    
57375.908073767074    1683.7906758159163    179.54871411962202    25    
57376.408073767074    1683.0574369119038    167.62602026647295    25    
57376.908073767074    1685.7474173617602    171.23839967981687    25    
57377.408073767074    1691.3567391406657    176.7595901888488     25    
57377.908073767074    1699.5545254774524    176.13504241304656    25    
57378.408073767074    1709.8386949608769    172.53382458225002    25    
57378.908073767074    1721.7865729662597    163.59692057700028    25    
57379.408073767074    1734.9278365276086    155.69865200917047    25    
57379.908073767074    1748.7268252437125    158.9388026197083     25    
57380.408073767074    1762.7903659463934    165.72044469935028    25    
57380.908073767074    1776.5378933859638    170.69406681841687    25    
57381.408073767074    1789.5793899550551    173.78264907700122    25    
57381.908073767074    1801.2105400815628    172.00082770127074    25    
57382.408073767074    1811.0720187128961    166.3662281998939     25    
57382.908073767074    1818.298578467964     154.8885082785773     25    
57383.408073767074    1822.6279211967878    141.28511248023938    25    
57383.908073767074    1823.0093339062516    138.23323182292236    25    
57384.408073767074    1819.5414288836905    139.92165393919453    25    
57384.908073767074    1811.7073999485337    135.62161183835283    25    
57385.408073767074    1799.7668496752847    129.5639726726958     25    
57385.908073767074    1784.0812296761792    129.87367637455236    25    
57386.408073767074    1764.7117498664998    133.2789973322013     25    
57386.908073767074    1742.0174621070205    133.2080183346974     25    
57387.408073767074    1716.1362805654962    130.80497635823488    25    
57387.908073767074    1687.7973633854374    122.08219379062422    25    
57388.408073767074    1657.1505270572834    111.77025071945603    25    
57388.908073767074    1625.5239991470175    135.19966160096317    25    
57389.408073767074    1592.9462030201246    172.09553231563342    25    
57389.908073767074    1560.920010335974     185.2690641466821     25    
57390.408073767074    1529.3016116544047    184.60880269147836    25    
57390.908073767074    1498.464799432874     182.40009707300456    25    
57391.408073767074    1468.2669553939566    178.2230726097099     25    
57391.908073767074    1437.1289123684587    180.14117151553666    25    
57392.408073767074    1405.0774912305387    187.34344147461272    25    
57392.908073767074    1370.368990963114     192.27922614244608    25    
57393.408073767074    1333.0423314362902    195.25974832177874    25    
57393.908073767074    1292.7566597273799    194.60886432899588    25    
57394.408073767074    1249.4320150241094    189.9324616469801     25    
57394.908073767074    1205.2457402863379    192.14466651400423    25    
57395.408073767074    1160.14631493669      201.9367329989884     25    
57395.908073767074    1116.3728918955944    210.79047839294083    25    
57396.408073767074    1074.0103843734853    218.60432909242027    25    
57396.908073767074    1034.2247735295252    221.91488620086795    25    
57397.408073767074    997.2718707901803     219.11032500756363    25    
57397.908073767074    962.3342614362049     222.24876367602607    25    
57398.408073767074    929.4279707787857     233.9971870025004     25    
57398.908073767074    897.7577095534597     244.97934584208582    25    
57399.408073767074    867.2249273009305     255.56902136975754    25    
57399.908073767074    837.401358107632      256.2221422375816     25    
57400.408073767074    808.1121091522442     241.952593571257      25    
57400.908073767074    779.5904425909243     224.32215853192943    25    
57401.408073767074    751.8343722243262     206.8964404798657     25    
57401.908073767074    725.0496769687205     186.14094182623123    25    
57402.408073767074    699.2916086586854     156.1240864037717     25    
57402.908073767074    674.6583219096601     133.31454813916332    25    
57403.408073767074    651.2288627318361     136.9623403386401     25    
57403.908073767074    628.9136268019702     144.43629830831762    25    
57404.408073767074    607.7045629154061     145.99354605136227    25    
57404.908073767074    587.5292550140887     145.72280909004118    25    
57405.408073767074    568.3594739896693     143.36433574271877    25    
57405.908073767074    550.1344939063604     139.24343509296395    25    
57406.408073767074    532.8206284008829     133.2538135220976     25    
57406.908073767074    516.3628324969521     125.74900269846583    25    
57407.408073767074    500.72151516721334    115.28190670794434    25    
57407.908073767074    485.8477520508674     106.6828491964922     25    
57408.408073767074    471.69562330682527    98.96749116597101     25    
57408.908073767074    458.22258634349373    111.12622345252451    25    
57409.408073767074    445.37644183788615    142.74635076808386    25    
57409.908073767074    433.1207636843647     203.89368251657916    25    
57410.408073767074    421.39745977856126    285.52314096838023    25    