53612.36860367517    0.18064102295657933    0.10946258649473845    25    
53612.86860367517    0.21075069241971886    0.10544599478944647    25    
53613.36860367517    0.243671378466897      0.10113793760910206    25    
53613.86860367517    0.27976786695127276    0.13057472574945206    25    
53614.36860367517    0.3190832564400759     0.19913073122232186    25    
53614.86860367517    0.36155887508018475    0.26766738427805514    25    
53615.36860367517    0.4075575722896992     0.311909354480106      25    
53615.86860367517    0.45717042719343315    0.3262641980630002     25    
53616.36860367517    0.5102965966858595     0.32593233941403454    25    
53616.86860367517    0.5672931208798986     0.32303257857570256    25    
53617.36860367517    0.6282951865878309     0.3246686958835335     25    
53617.86860367517    0.6931675251919605     0.32628017989796154    25    
53618.36860367517    0.7622574946299109     0.32748458387076096    25    
53618.86860367517    0.835740516531309      0.3281993246363643     25    
53619.36860367517    0.9134546425065284     0.3285014304304311     25    
53619.86860367517    0.9957336754477766     0.3284655208455516     25    
53620.36860367517    1.0827893989319075     0.3280901319690051     25    
53620.86860367517    1.174440930537603      0.32732690524141067    25    
53621.36860367517    1.271004645241535      0.3265491618204417     25    
53621.86860367517    1.372838590684206      0.32677739471405165    25    
53622.36860367517    1.4799301529350164     0.3289878195485467     25    
53622.86860367517    1.5918214834735653     0.3286681422356727     25    
53623.36860367517    1.708760392828275      0.32019206794636146    25    
53623.86860367517    1.8325617401846648     0.3008828518009367     25    
53624.36860367517    1.9579928682314742     0.2812364243424586     25    
53624.86860367517    2.0801624304924857     0.2749122098921871     25    
53625.36860367517    2.203098148914304      0.2826581191709679     25    
53625.86860367517    2.3207775233900017     0.29503837524137       25    
53626.36860367517    2.4256004955103063     0.3041266762786085     25    
53626.86860367517    2.521340501242157      0.3116965876508879     25    
53627.36860367517    2.6040419921047606     0.31813420499440764    25    
53627.86860367517    2.666596100589843      0.3221021512539877     25    
53628.36860367517    2.708330487997261      0.32286099029227283    25    
53628.86860367517    2.732662508512954      0.3221522789350318     25    
53629.36860367517    2.742234694409442      0.32211693021921095    25    
53629.86860367517    2.7341331588860815     0.3228092135010424     25    
53630.36860367517    2.7122427411163454     0.32372224665035526    25    
53630.86860367517    2.6840891780478358     0.3249128900418652     25    
53631.36860367517    2.647901412406238      0.32747490824026937    25    
53631.86860367517    2.605147694379189      0.32999158075716356    25    
53632.36860367517    2.5628149445218593     0.3297245946374701     25    
53632.86860367517    2.522195102181115      0.3271839941173142     25    
53633.36860367517    2.4814277537136373     0.32187783590171676    25    
53633.86860367517    2.4412938533087414     0.3103700162821806     25    
53634.36860367517    2.4029134589906715     0.2857443648158397     25    
53634.86860367517    2.365234596661366      0.25073635227925006    25    
53635.36860367517    2.3257374343244575     0.22004545232514813    25    
53635.86860367517    2.2840040272962128     0.20862759036735115    25    
53636.36860367517    2.2405295511329206     0.20978040583893176    25    
53636.86860367517    2.1930800919572113     0.21186291816553468    25    
53637.36860367517    2.140222498571902      0.20838851117107554    25    
53637.86860367517    2.0829290976251724     0.2040109198029354     25    
53638.36860367517    2.0221162173412597     0.19972441325508428    25    
53638.86860367517    1.957696238757994      0.1957410049441735     25    
53639.36860367517    1.889345125401739      0.19175303041022396    25    
53639.86860367517    1.819748190831556      0.18940714313658225    25    
53640.36860367517    1.7503040401120218     0.19086793582794287    25    
53640.86860367517    1.6797686126107105     0.1958027166111474     25    
53641.36860367517    1.6105408129683387     0.19961052048429975    25    
53641.86860367517    1.5445144434326594     0.1987093140396739     25    
53642.36860367517    1.4806789292601485     0.19445685650236524    25    
53642.86860367517    1.4194209261847883     0.18809285627251035    25    
53643.36860367517    1.3613239654924214     0.17987618535459182    25    
53643.86860367517    1.306375283656048      0.16801189318034226    25    
53644.36860367517    1.2538336130966028     0.15611714530476103    25    
53644.86860367517    1.203108189511477      0.14929221991158376    25    
53645.36860367517    1.1546119409078202     0.14787388729766401    25    
53645.86860367517    1.1077884408751248     0.1483398903018061     25    
53646.36860367517    1.0619639994303667     0.1473568505109024     25    
53646.86860367517    1.0173428899519958     0.14567814650422584    25    
53647.36860367517    0.9739027576191154     0.14369552952523656    25    
53647.86860367517    0.9314748537550229     0.1410892460342106     25    
53648.36860367517    0.8899775215489822     0.13674941002062924    25    
53648.86860367517    0.8496487377734414     0.1328263838616623     25    
53649.36860367517    0.8107530215213966     0.13252540032714252    25    
53649.86860367517    0.7731702694270532     0.13708181181607013    25    
53650.36860367517    0.7370265121860684     0.14323403513134667    25    
53650.86860367517    0.7025951279463124     0.14761455935716322    25    
53651.36860367517    0.6699003957652567     0.15029069463264982    25    
53651.86860367517    0.6388551477208213     0.15202700193856108    25    
53652.36860367517    0.6094286755954994     0.15266979163001124    25    
53652.86860367517    0.5817316109649607     0.15060579511819885    25    
53653.36860367517    0.5556248639113543     0.14787579742920448    25    
53653.86860367517    0.5308126953840425     0.14869448770264018    25    
53654.36860367517    0.5073344992627287     0.15640587236561426    25    
53654.86860367517    0.4851641563787215     0.16643490765841784    25    
53655.36860367517    0.46400456419629404    0.17254821400721296    25    
53655.86860367517    0.4437982550230181     0.17311255863579242    25    
53656.36860367517    0.4246103790270221     0.17033827644943836    25    
53656.86860367517    0.40630694120136296    0.16411599250322018    25    
53657.36860367517    0.3888219325081486     0.15224810098548092    25    
53657.86860367517    0.3722101070065719     0.13457161514654314    25    
53658.36860367517    0.35649190844829926    0.1165256167719764     25    
53658.86860367517    0.34167282823167194    0.10326849299820713    25    
53659.36860367517    0.32774689986005157    0.09277973827343163    25    
53659.86860367517    0.3147338349484219     0.08410773609175905    25    
53660.36860367517    0.30267521091929245    0.07720392504919289    25    
53660.86860367517    0.29156313712685333    0.07338300177617006    25    
53661.36860367517    0.2812729467392166     0.07032989356687395    25    
53661.86860367517    0.2717702462435174     0.06531097884202665    25    
53662.36860367517    0.26312674789145174    0.05883214417303645    25    
53662.86860367517    0.2550779409644716     0.05458167531335227    25    
53663.36860367517    0.24745303572841149    0.057035870105371      25    
53663.86860367517    0.2403961447566574     0.06494507641911902    25    
53664.36860367517    0.2336611841270764     0.07285614333275194    25    
53664.86860367517    0.22703082053353382    0.07805190706130612    25    
53665.36860367517    0.22062307630057712    0.08260741983545955    25    
53665.86860367517    0.21434404136805835    0.08518724771969449    25    
53666.36860367517    0.2080725323066378     0.08379557463171511    25    
53666.86860367517    0.20182973265431248    0.07734463108155505    25    
53667.36860367517    0.19566952074715557    0.06962422498589514    25    
53667.86860367517    0.18962906145039155    0.06594487215457502    25    
53668.36860367517    0.1836811230103285     0.06629480807337663    25    
53668.86860367517    0.17786342714485665    0.06866504517257138    25    
53669.36860367517    0.17222549029440487    0.07160914064002749    25    
53669.86860367517    0.16673746365570075    0.07537739142914772    25    
53670.36860367517    0.16143573477943177    0.07973421401076831    25    
53670.86860367517    0.1563793366672157     0.08413651591015725    25    
53671.36860367517    0.15153747843854595    0.08813183477431394    25    
53671.86860367517    0.14694516025241172    0.09260272046331375    25    
53672.36860367517    0.1426734978435686     0.09860797084081852    25    
53672.86860367517    0.13869777267932326    0.10759152155240673    25    
53673.36860367517    0.1350416959191607     0.11641180375177237    25    
53673.86860367517    0.131777513812718      0.12147167764592467    25    
53674.36860367517    0.1289304589591045     0.12279364473123355    25    
53674.86860367517    0.1264615186745802     0.12150272104176166    25    
53675.36860367517    0.12433322941941324    0.11735805792002697    25    
53675.86860367517    0.12261038539119583    0.10770777111083342    25    
53676.36860367517    0.12122577719294118    0.09379522803336669    25    
53676.86860367517    0.11997720810024746    0.08201043658992015    25    
53677.36860367517    0.11886359037334776    0.07738984251496538    25    
53677.86860367517    0.11789615394717913    0.07743002529258482    25    
53678.36860367517    0.11686116904788886    0.07989042166601466    25    
53678.86860367517    0.11568491447122015    0.08497897104390748    25    
53679.36860367517    0.11443421945446226    0.09220755643087272    25    
53679.86860367517    0.11302809773755806    0.0970893119346783     25    
53680.36860367517    0.11138563982327346    0.09687857369528578    25    
53680.86860367517    0.10955039110810352    0.09355217445010698    25    
53681.36860367517    0.10765929389684542    0.09047375065097935    25    
53681.86860367517    0.10576418971255908    0.09045085978234534    25    
53682.36860367517    0.1038100530747873     0.09211938738434236    25    
53682.86860367517    0.10194625989781882    0.09333797073324691    25    
53683.36860367517    0.10027028721581055    0.09247094050819174    25    
53683.86860367517    0.09871671654540731    0.09013330826934488    25    
53684.36860367517    0.09734763145254041    0.08758579940253698    25    
53684.86860367517    0.09623265905961782    0.08530526518564051    25    
53685.36860367517    0.09536145902939643    0.08221571061031527    25    
53685.86860367517    0.09464958733985962    0.08159470509134738    25    
53686.36860367517    0.09403859121821517    0.08691165397501413    25    
53686.86860367517    0.09357883524403932    0.09357883577834816    25    
53687.36860367517    0.09318648503882161    0.0931864855753801     25    
53687.86860367517    0.09277680875852048    0.09277680929744826    25    
53688.36860367517    0.09239349158571454    0.0923934921268782     25    
53688.86860367517    0.09199699796940969    0.09199699851290569    25    
53689.36860367517    0.09152883758133988    0.0915288381276158     25    
53689.86860367517    0.09099132594666486    0.09099132649616778    25    
53690.36860367517    0.09041503206314995    0.09041503261615534    25    
53690.86860367517    0.08982373403658253    0.08982373459322829    25    
53691.36860367517    0.08920025735639657    0.08920025791693306    25    
53691.86860367517    0.08856751233753499    0.08856751290207607    25    
53692.36860367517    0.08796208899400275    0.08796208956242944    25    
53692.86860367517    0.0873731112333257     0.08737311180558413    25    
53693.36860367517    0.08680866195147462    0.086808662527454      25    
53693.86860367517    0.08629371767255839    0.08629371825197484    25    
53694.36860367517    0.08583255116838644    0.08583255175091602    25    
53694.86860367517    0.08541485766355232    0.08541485824893057    25    
53695.36860367517    0.08503378447120967    0.08503378505921125    25    
53695.86860367517    0.08469274902157638    0.08469274961194569    25    
53696.36860367517    0.08438813168194909    0.08438813227444945    25    
53696.86860367517    0.08410823114626773    0.08410823174073986    25    
53697.36860367517    0.08385425044507577    0.08385425104134847    25    
53697.86860367517    0.08362552992937732    0.08362553052728085    25    
53698.36860367517    0.08341034909023053    0.08341034968967652    25    
53698.86860367517    0.08320823339442023    0.08320823399532229    25    
53699.36860367517    0.08302020766974649    0.0830202082720095     25    
53699.86860367517    0.08283456369711192    0.08283456430072468    25    
53700.36860367517    0.08264921620557171    0.08264921681053812    25    
53700.86860367517    0.08246668323901862    0.08246668384532407    25    
53701.36860367517    0.0822753740999921     0.08227537470770735    25    
53701.86860367517    0.08207171721449236    0.08207171782371563    25    
53702.36860367517    0.08185947497315578    0.08185947558395862    25    
53702.86860367517    0.08162729863483328    0.08162729924737346    25    
53703.36860367517    0.08137025475714418    0.08137025537161933    25    
53703.86860367517    0.08109310120812004    0.0810931018246953     25    
53704.36860367517    0.08078485563759744    0.08078485625652532    25    
53704.86860367517    0.08043934716948929    0.08043934779107563    25    