#Date  :
#Flux  :
#Fluxerr  :
#ZP  :
#end  :
@INSTRUMENT  SDSS
@BAND  SDSS_g
@MAGSYS  AB
53975.284849  -0.8784  0.6548  23.897
53996.291893  -0.3051  0.5702  23.897
53998.26078  -0.1008  0.5152  23.897
54005.290645  -0.2882  0.5316  23.897
54008.251149  -0.04393  0.5593  23.897
54010.245906  -0.992  0.7844  23.897
54012.238578  2.179  1.45  23.897
54020.244342  0.05207  0.86  23.897
54022.293651  -0.4026  1.291  23.897
54028.234281  -0.5478  0.6371  23.897
54030.237261  0.08818  0.5359  23.897
54035.312672  0.01553  0.7365  23.897
54037.218096  -0.1871  0.7737  23.897
54040.232226  2.363  1.606  23.897
54047.262376  12.91  2.265  23.897
54049.258218  19.74  1.44  23.897
54053.222263  24.98  0.726  23.897
54056.223604  24.89  0.9551  23.897
54059.21759  20.57  0.9163  23.897
54062.222175  18.17  0.9014  23.897
