51235.43562583209    2179.3085398371554    424.38537483929656    25    
51235.93562583209    2630.02285532613      422.76982312383166    25    
51236.43562583209    3120.3315957774576    428.6847359837884     25    
51236.93562583209    3649.5133567910284    459.8010345741177     25    
51237.43562583209    4216.948370781969     490.04549632833755    25    
51237.93562583209    4821.865618929561     496.1135675989317     25    
51238.43562583209    5463.6939848799575    494.59351191192644    25    
51238.93562583209    6141.614761770988     496.18875942504906    25    
51239.43562583209    6855.103558100681     497.4983082430816     25    
51239.93562583209    7603.295905344585     498.400357834859      25    
51240.43562583209    8385.712210473388     498.9917382486646     25    
51240.93562583209    9201.444169679582     499.26649166756       25    
51241.43562583209    10050.055062027343    499.45940297515955    25    
51241.93562583209    10931.62926985121     498.3520317659165     25    
51242.43562583209    11843.208337668164    499.8476563971011     25    
51242.93562583209    12787.264840642103    513.3673893042672     25    
51243.43562583209    13745.787407442178    530.0909785735452     25    
51243.93562583209    14693.012211905118    537.4572007229986     25    
51244.43562583209    15613.705745453166    540.9277801219744     25    
51244.93562583209    16466.758165133768    545.0187244351482     25    
51245.43562583209    17244.844328858235    548.26572721642       25    
51245.93562583209    17901.877334112105    549.1789608053085     25    
51246.43562583209    18453.62322401628     549.1561162550009     25    
51246.93562583209    18905.70534791492     551.2268755779643     25    
51247.43562583209    19270.44260702994     554.474038083383      25    
51247.93562583209    19581.280052675756    558.9789820105807     25    
51248.43562583209    19842.101563207012    563.456720647367      25    
51248.93562583209    20088.987362307038    568.1402622872317     25    
51249.43562583209    20313.85361839986     566.0327304363143     25    
51249.93562583209    20517.65043618451     520.8479254323144     25    
51250.43562583209    20694.31113328037     447.2345735753292     25    
51250.93562583209    20824.250151261385    425.07971276972137    25    
51251.43562583209    20906.364385367302    437.7315086633535     25    
51251.93562583209    20919.776267217596    439.4240864214942     25    
51252.43562583209    20869.480745649566    437.89427238836635    25    
51252.93562583209    20759.78149710234     435.85883136570004    25    
51253.43562583209    20594.323104399766    433.63270188305745    25    
51253.93562583209    20393.4836545146      434.694812882325      25    
51254.43562583209    20157.863596229046    437.7543759213813     25    
51254.93562583209    19908.45735507287     436.4854205051391     25    
51255.43562583209    19643.031219751185    433.0042594179715     25    
51255.93562583209    19365.713126636005    438.9691398075473     25    
51256.43562583209    19074.97267618768     451.35157779444586    25    
51256.93562583209    18763.18716217316     456.75857469679715    25    
51257.43562583209    18430.35590426065     457.0046460146469     25    
51257.93562583209    18068.743484249648    456.04343131977265    25    
51258.43562583209    17679.379230432816    453.6616524918246     25    
51258.93562583209    17265.892553833015    450.10697465270954    25    
51259.43562583209    16828.865871021033    445.54276361117445    25    
51259.93562583209    16380.580291399723    444.06104752473027    25    
51260.43562583209    15920.93434106148     445.3132423687019     25    
51260.93562583209    15462.036382691573    446.8238463197725     25    
51261.43562583209    15003.640273800216    448.1722519981521     25    
51261.93562583209    14553.96117467238     423.0641477868322     25    
51262.43562583209    14112.861817695482    367.0474018678371     25    
51262.93562583209    13685.331549010469    338.2726787169411     25    
51263.43562583209    13271.301899811808    343.887601167069      25    
51263.93562583209    12876.042776226517    346.2654148420565     25    
51264.43562583209    12499.629678953515    344.9321004084744     25    
51264.93562583209    12142.58495138397     342.0179152740075     25    
51265.43562583209    11805.111958761156    337.2661876326995     25    
51265.93562583209    11483.36916947697     335.3816120354395     25    
51266.43562583209    11177.385675012134    336.8825674890557     25    
51266.93562583209    10883.544454060859    337.5406394428065     25    
51267.43562583209    10601.708049988578    337.1241362458234     25    
51267.93562583209    10330.066298474227    335.93519244486083    25    
51268.43562583209    10068.429420819994    334.892905206555      25    
51268.93562583209    9816.792316587796     321.4807500976941     25    
51269.43562583209    9575.149312916534     289.2655056126498     25    
51269.93562583209    9343.412937185478     269.1805968033716     25    
51270.43562583209    9121.839668160574     271.0675175127325     25    
51270.93562583209    8908.27112657772      271.9102990304595     25    
51271.43562583209    8702.979913651827     267.90598883617173    25    
51271.93562583209    8501.53101314672      266.3887263401533     25    
51272.43562583209    8303.732143812136     268.8879793687663     25    
51272.93562583209    8105.331263996675     270.80163622371964    25    
51273.43562583209    7905.367104205445     271.58974752031463    25    
51273.93562583209    7703.839450439369     270.10124184167523    25    
51274.43562583209    7499.717334163655     266.2959013516069     25    
51274.93562583209    7298.1237663821885    257.3720195042639     25    
51275.43562583209    7099.428719728179     239.25472206157858    25    
51275.93562583209    6908.248756717606     226.71087834170555    25    
51276.43562583209    6725.944020315008     227.75793517808387    25    
51276.93562583209    6553.021811867151     228.48754604796645    25    
51277.43562583209    6390.905294822407     224.20300647370712    25    
51277.93562583209    6234.73489417786      221.04804035157622    25    
51278.43562583209    6083.941442655439     220.95079432719146    25    
51278.93562583209    5934.30332681925      221.77691315511584    25    
51279.43562583209    5784.242291154548     223.57378832229       25    
51279.93562583209    5632.810335791401     224.13625295563514    25    
51280.43562583209    5478.380667373339     225.1046865816049     25    
51280.93562583209    5324.622345325855     215.28838788426268    25    
51281.43562583209    5172.149740705518     178.2186245054725     25    
51281.93562583209    5023.991353002676     142.08119459546822    25    
51282.43562583209    4881.537112283181     140.17095409610437    25    
51282.93562583209    4745.954990908516     144.48470033546977    25    
51283.43562583209    4618.669929130479     141.2886555175775     25    
51283.93562583209    4498.078991099782     138.56000788200643    25    
51284.43562583209    4383.900531373488     138.1973902010866     25    
51284.93562583209    4274.961677661952     139.02184278427973    25    
51285.43562583209    4170.573822239278     141.44517363038233    25    
51285.93562583209    4070.20407666298      142.955422771745      25    
51286.43562583209    3973.152731251386     141.2950837757995     25    
51286.93562583209    3879.837055658432     138.5249904416903     25    
51287.43562583209    3790.298272016066     137.08540619620823    25    
51287.93562583209    3704.78505806196      132.26249511415926    25    
51288.43562583209    3623.5184835367922    115.82200279562969    25    
51288.93562583209    3546.502899957307     98.11749870741366     25    
51289.43562583209    3473.944464900685     95.5983848826039      25    
51289.93562583209    3405.4572823299495    97.82023372369461     25    
51290.43562583209    3340.8251773308853    96.85379687128989     25    
51290.93562583209    3279.764627783333     95.61444982265715     25    
51291.43562583209    3221.9734791240217    94.30332320541949     25    
51291.93562583209    3167.2104274136404    93.12735170325506     25    
51292.43562583209    3115.1536064919687    92.4718522417356      25    
51292.93562583209    3065.5810374787525    92.22262059706692     25    
51293.43562583209    3018.1519193106174    91.30844226973602     25    
51293.93562583209    2972.6628178545707    92.58410781797322     25    
51294.43562583209    2928.754777455868     101.5704633211648     25    
51294.93562583209    2886.2421284169855    111.24631976041393    25    
51295.43562583209    2844.7485408036077    113.74260278201481    25    
51295.93562583209    2804.105329041892     115.14681378989368    25    
51296.43562583209    2763.9195692297358    119.88789197593624    25    