51235.43562583209    1817.3812181596836    487.60933534622217    25    
51235.93562583209    2207.606137366508     464.1321010393819     25    
51236.43562583209    2636.485545889346     494.1251802036063     25    
51236.93562583209    3104.220267435688     675.2417179738413     25    
51237.43562583209    3610.982832176053     822.4494618838104     25    
51237.93562583209    4156.987875421949     844.200345103056      25    
51238.43562583209    4742.394383871472     830.078104729958      25    
51238.93562583209    5367.4302681769495    831.9524503754737     25    
51239.43562583209    6032.24150782726      833.4827951322507     25    
51239.93562583209    6737.068752552366     834.4245534273184     25    
51240.43562583209    7482.045510895067     834.8722860451227     25    
51240.93562583209    8267.424635399833     834.7850895823377     25    
51241.43562583209    9093.327699926558     834.4243606505514     25    
51241.93562583209    9961.342151072233     838.4317713198383     25    
51242.43562583209    10868.30128777543     836.2590024940795     25    
51242.93562583209    11818.908573191735    800.4488352495331     25    
51243.43562583209    12790.688520555084    755.2790594203311     25    
51243.93562583209    13752.298213377531    749.5381060578109     25    
51244.43562583209    14684.756437009566    761.4613708826179     25    
51244.93562583209    15537.297710619023    766.8533794207558     25    
51245.43562583209    16300.676391781311    771.1119447161086     25    
51245.93562583209    16918.19161442223     772.5453847647644     25    
51246.43562583209    17407.91397200081     772.7266780820569     25    
51246.93562583209    17774.08632736299     774.8275535613908     25    
51247.43562583209    18030.778292191462    777.9536846159809     25    
51247.93562583209    18214.834792169662    782.4174491441322     25    
51248.43562583209    18330.751481976633    786.8029889838983     25    
51248.93562583209    18417.950393258856    794.0466206288133     25    
51249.43562583209    18469.28035366935     791.5685423533644     25    
51249.93562583209    18490.41580236573     717.5317753183709     25    
51250.43562583209    18476.04932205946     593.1231892787941     25    
51250.93562583209    18412.21554025562     552.5795563895779     25    
51251.43562583209    18298.210273824996    571.7232720166498     25    
51251.93562583209    18119.086969697873    573.4136514765414     25    
51252.43562583209    17879.174562430228    570.5271907629258     25    
51252.93562583209    17584.502466101858    566.8907124383826     25    
51253.43562583209    17238.239209843487    562.9210067243168     25    
51253.93562583209    16859.795946860428    562.8432759509293     25    
51254.43562583209    16449.80113524455     565.1655949215358     25    
51254.93562583209    16028.13812774681     567.7716064233886     25    
51255.43562583209    15593.292495210815    566.6786419583126     25    
51255.93562583209    15152.779441980892    520.566865086232      25    
51256.43562583209    14705.555454383682    431.5849791045408     25    
51256.93562583209    14250.573084954918    392.34423532419595    25    
51257.43562583209    13787.831677468715    401.93411242015003    25    
51257.93562583209    13316.445678396038    402.4610547665759     25    
51258.43562583209    12836.68169399361     398.4832212211654     25    
51258.93562583209    12350.587444587527    392.48242683715966    25    
51259.43562583209    11858.308030298269    384.7227747011484     25    
51259.93562583209    11364.10583357673     381.19328255669086    25    
51260.43562583209    10867.951888629153    381.4961058959747     25    
51260.93562583209    10373.990692915753    382.1812827172533     25    
51261.43562583209    9882.21167671928      382.82475481513825    25    
51261.93562583209    9398.186836190698     355.23539726475076    25    
51262.43562583209    8921.85104790723      292.54880836357296    25    
51262.93562583209    8459.987418192704     257.19076931000745    25    
51263.43562583209    8012.5065144745095    260.8172674088672     25    
51263.93562583209    7586.2783115732145    261.9297542984798     25    
51264.43562583209    7181.380224579177     259.9667063801974     25    
51264.93562583209    6799.183074318633     255.97072547674787    25    
51265.43562583209    6439.913847790206     249.5355744394456     25    
51265.93562583209    6099.900161809034     245.9949874140649     25    
51266.43562583209    5779.17084918034      245.936611570157      25    
51266.93562583209    5474.311350749734     245.69851575132552    25    
51267.43562583209    5185.169184602509     245.1542889107575     25    
51267.93562583209    4910.321675915059     243.70832731923585    25    
51268.43562583209    4649.562446166213     242.53842107360967    25    
51268.93562583209    4403.455314181598     224.20398492632867    25    
51269.43562583209    4171.998336001637     176.04691821437777    25    
51269.93562583209    3955.643147561009     141.11493158532113    25    
51270.43562583209    3754.5624352254636    143.7063160986755     25    
51270.93562583209    3567.8979447290967    146.09645900926103    25    
51271.43562583209    3395.8380559500833    142.32532401719953    25    
51271.93562583209    3236.092119697903     140.7222814761425     25    
51272.43562583209    3088.5712879191697    142.61988962946728    25    
51272.93562583209    2951.118472734023     144.08184079968237    25    
51273.43562583209    2823.520455212886     144.6434442187157     25    
51273.93562583209    2704.1304235908715    143.19303395646222    25    
51274.43562583209    2592.7006264505       138.72186935368325    25    
51274.93562583209    2488.183785221615     134.5857569803381     25    
51275.43562583209    2390.4567033947756    131.58714630977195    25    
51275.93562583209    2298.440706876023     130.2360402454328     25    
51276.43562583209    2211.9472831661155    131.651021691485      25    
51276.93562583209    2130.189553111033     131.5186183223303     25    
51277.43562583209    2052.9580705577723    127.6615992250391     25    
51277.93562583209    1979.8576608181909    124.51779300611071    25    
51278.43562583209    1910.7988193456306    123.76412436247138    25    
51278.93562583209    1845.3585742178338    123.97643617030316    25    
51279.43562583209    1783.3919791220562    125.35759624107092    25    
51279.93562583209    1724.7213711692345    125.90437955854506    25    
51280.43562583209    1669.1950185686337    126.05452700796333    25    
51280.93562583209    1616.9984506054818    120.34775043166982    25    
51281.43562583209    1568.1519735159388    100.07869240003551    25    
51281.93562583209    1522.7944643422409    80.55023594716042     25    
51282.43562583209    1481.050113720978     79.73437106217997     25    
51282.93562583209    1442.7412394443654    82.09393356825304     25    
51283.43562583209    1407.9836903352139    79.80000217364476     25    
51283.93562583209    1376.1059722998323    78.0869320400689      25    
51284.43562583209    1346.8947642614548    78.70724225889637     25    
51284.93562583209    1319.773688655532     80.23306468621296     25    
51285.43562583209    1294.406585950624     82.72201929228687     25    
51285.93562583209    1270.4583751760747    84.2233684551086      25    
51286.43562583209    1247.5823544662894    82.80267213389784     25    
51286.93562583209    1225.8248420255018    80.56815144007115     25    
51287.43562583209    1205.125140160171     78.60092800606797     25    
51287.93562583209    1185.4697675058837    76.98009004534988     25    
51288.43562583209    1166.8410128855537    76.30420604560543     25    
51288.93562583209    1149.201230542547     76.10846503031647     25    
51289.43562583209    1132.529353463162     76.3147249571647      25    
51289.93562583209    1116.7683084338573    76.38446407649796     25    
51290.43562583209    1101.8706387843065    75.5250881953773      25    
51290.93562583209    1087.7876353216639    74.36877101313952     25    
51291.43562583209    1074.4644371150948    73.29998934516318     25    
51291.93562583209    1061.85723126331      72.41303715885866     25    
51292.43562583209    1049.907577401243     72.06732434123607     25    
51292.93562583209    1038.5751714261248    72.03027003489586     25    
51293.43562583209    1027.798135013918     72.06835432026548     25    
51293.93562583209    1017.5395311812787    72.36560831889061     25    
51294.43562583209    1007.7341853242897    72.95332927722986     25    
51294.93562583209    998.3483858999382     74.13372409270845     25    
51295.43562583209    989.3138037035246     75.15645827546655     25    
51295.93562583209    980.5998109532727     78.9620985643523      25    
51296.43562583209    972.1350655227924     87.36234097292449     25    