51235.43562583209    1812.527612127084     499.90516135652956    25    
51235.93562583209    2201.297146239023     475.4284076806013     25    
51236.43562583209    2628.4561516705053    505.9819625093134     25    
51236.93562583209    3094.181925446658     692.1457263470875     25    
51237.43562583209    3598.6267856695627    843.3530854494985     25    
51237.93562583209    4141.9802229262295    865.5051152145927     25    
51238.43562583209    4724.382598476587     850.7572855669025     25    
51238.93562583209    5346.035123030059     852.4848575024536     25    
51239.43562583209    6007.0666744439       853.8763390142093     25    
51239.93562583209    6707.68971011049      854.6881560371337     25    
51240.43562583209    7448.022097923821     855.0100392694742     25    
51240.93562583209    8228.287068519816     854.8010134699751     25    
51241.43562583209    9048.591953268671     854.3116674103727     25    
51241.93562583209    9910.480349165116     858.3087056602511     25    
51242.43562583209    10810.80450441278     855.8962470450215     25    
51242.93562583209    11754.192544239       818.7100635353922     25    
51243.43562583209    12718.376809975667    771.7213001910504     25    
51243.93562583209    13672.288336886346    765.2251332534754     25    
51244.43562583209    14597.120877875002    776.8911467969095     25    
51244.93562583209    15442.562126776234    781.858308047006      25    
51245.43562583209    16199.46685731941     785.7121338867277     25    
51245.93562583209    16811.621853863584    786.8350698321611     25    
51246.43562583209    17297.06119848526     786.7561778982325     25    
51246.93562583209    17660.231107456122    788.5541021421092     25    
51247.43562583209    17915.177572761582    791.3769998799798     25    
51247.93562583209    18098.80541722363     795.5630917815377     25    
51248.43562583209    18215.614593973147    799.7305699795411     25    
51248.93562583209    18305.098174062055    807.2486874349639     25    
51249.43562583209    18360.06822980739     804.9138880764449     25    
51249.93562583209    18386.143623798675    728.2586191461211     25    
51250.43562583209    18377.98861976702     598.8661258258358     25    
51250.93562583209    18321.51365515831     556.3082478424642     25    
51251.43562583209    18215.99520692281     576.0288997019848     25    
51251.93562583209    18046.376673009156    577.9372359214216     25    
51252.43562583209    17816.904561964453    575.3472772166998     25    
51252.93562583209    17533.20528111537     571.9789090072851     25    
51253.43562583209    17198.385787020223    568.2535986231456     25    
51253.93562583209    16831.260589291403    568.2008964063097     25    
51254.43562583209    16432.44303907454     570.422498349718      25    
51254.93562583209    16021.188301688859    573.4418682550125     25    
51255.43562583209    15596.070426065833    572.9734676475474     25    
51255.93562583209    15164.61075256126     525.727138576138      25    
51256.43562583209    14725.82617418326     433.749472974807      25    
51256.93562583209    14279.117155771084    393.18726202750196    25    
51257.43562583209    13824.485210802215    403.44266048943337    25    
51257.93562583209    13361.495334500263    404.4039467905722     25    
51258.43562583209    12890.382887023       400.8194582387543     25    
51258.93562583209    12413.29795389757     395.3375933553209     25    
51259.43562583209    11930.366851906689    388.21132688280034    25    
51259.93562583209    11445.691222470678    385.02695235269977    25    
51260.43562583209    10959.242480748228    385.40383327606673    25    
51260.93562583209    10475.020759863217    386.3812472894847     25    
51261.43562583209    9993.011869049224     387.49545090758835    25    
51261.93562583209    9518.444852918605     359.44874258721245    25    
51262.43562583209    9051.25783205797      295.08776287819984    25    
51262.93562583209    8597.722683706206     258.82281006764225    25    
51263.43562583209    8157.756539049731     262.8714985193096     25    
51263.93562583209    7737.7097390953395    264.2937814803951     25    
51264.43562583209    7337.64765218631      262.5161330358328     25    
51264.93562583209    6959.0433486460415    258.914340098145      25    
51265.43562583209    6602.095469987122     253.13072213674627    25    
51265.93562583209    6263.80467886852      250.06268593971396    25    
51266.43562583209    5944.195758589625     250.24439321115625    25    
51266.93562583209    5640.5044622946225    250.14868982647835    25    
51267.43562583209    5352.623771777923     249.64381151996392    25    
51267.93562583209    5079.199357406717     248.37197643649407    25    
51268.43562583209    4820.083854500442     247.6141703700298     25    
51268.93562583209    4575.325695829552     228.9660343700032     25    
51269.43562583209    4344.918615577753     179.2041175690557     25    
51269.93562583209    4128.834371914464     142.96516778036727    25    
51270.43562583209    3927.1812387534505    145.7253896519724     25    
51270.93562583209    3739.053763838149     148.3567864184356     25    
51271.43562583209    3564.567073771863     144.72532681511782    25    
51271.93562583209    3401.8571221720244    143.17735605280293    25    
51272.43562583209    3250.8488442105267    144.99198797918882    25    
51272.93562583209    3109.7732340328457    146.4077533808927     25    
51273.43562583209    2978.4791012967758    146.98184687408698    25    
51273.93562583209    2855.4711335937104    145.64022801672195    25    
51274.43562583209    2740.569860099469     141.44705443205376    25    
51274.93562583209    2632.5983188596156    137.4639426209173     25    
51275.43562583209    2531.428469219703     134.35641160133312    25    
51275.93562583209    2435.8774911087557    132.87485222319066    25    
51276.43562583209    2345.722520715181     134.18567895371675    25    
51276.93562583209    2260.1863081568654    134.0392679733749     25    
51277.43562583209    2179.0238463981436    130.31851794990754    25    
51277.93562583209    2101.9961620744048    127.31977798714634    25    
51278.43562583209    2029.033398628314     126.66736357529463    25    
51278.93562583209    1959.850774353147     126.92924124737614    25    
51279.43562583209    1894.3545667980302    128.2820903859807     25    
51279.93562583209    1832.4008431161399    128.7964523029525     25    
51280.43562583209    1773.8907468200478    129.0089669676219     25    
51280.93562583209    1718.895675238267     123.14056266230526    25    
51281.43562583209    1667.4171856419077    102.0785493490551     25    
51281.93562583209    1619.5004159372347    81.68275666446503     25    
51282.43562583209    1575.225695508044     80.78072123099989     25    
51282.93562583209    1534.382535746288     83.276272004128       25    
51283.43562583209    1497.0419841562627    81.09588469531312     25    
51283.93562583209    1462.5907166247434    79.47390376178392     25    
51284.43562583209    1430.8270029560906    80.06553992950475     25    
51284.93562583209    1401.2182490490122    81.52499651226762     25    
51285.43562583209    1373.4541176804846    83.92037809088986     25    
51285.93562583209    1347.2199761083507    85.37349311084998     25    
51286.43562583209    1322.195392896661     84.02702896981508     25    
51286.93562583209    1298.41201611005      81.89435707200022     25    
51287.43562583209    1275.8081110234375    80.00671669003451     25    
51287.93562583209    1254.3616898259352    78.42190083637679     25    
51288.43562583209    1234.0496149057417    77.66447346960794     25    
51288.93562583209    1214.8279282871258    77.37841937306085     25    
51289.43562583209    1196.6697454523417    77.58249498457205     25    
51289.93562583209    1179.5128259998273    77.68823175954758     25    
51290.43562583209    1163.3042423224304    76.89672203683361     25    
51290.93562583209    1147.990361318144     75.81463008890822     25    
51291.43562583209    1133.5105836319858    74.7898960311765      25    
51291.93562583209    1119.8165135341712    73.92350533284667     25    
51292.43562583209    1106.8435977987547    73.55745906041794     25    
51292.93562583209    1094.5473165147198    73.48879079337314     25    
51293.43562583209    1082.8593188867183    73.51340999361534     25    
51293.93562583209    1071.7388043237743    73.82284695865656     25    
51294.43562583209    1061.1137809598595    74.51955123488929     25    
51294.93562583209    1050.9470110253153    75.77630300242822     25    
51295.43562583209    1041.163018082159     76.79641110573152     25    
51295.93562583209    1031.7279706833253    80.26704880438858     25    
51296.43562583209    1022.5630643176       87.89209389304081     25    