#Date  :
#Flux  :
#Fluxerr  :
#ZP  :
#end  :
@INSTRUMENT  SDSS
@BAND  SDSS_r
@MAGSYS  AB
53974.281292  -0.7125  0.7207  23.901989999999998
53989.284704  1.165  1.258  23.901989999999998
53997.380565  -1.1  0.8863  23.901989999999998
54000.260027  -0.7229  0.9316  23.901989999999998
54007.310206  -0.9404  0.9072  23.901989999999998
54009.233756  0.2469  0.9077  23.901989999999998
54011.298234  0.7333  1.169  23.901989999999998
54019.248054  -1.096  1.178  23.901989999999998
54025.296627  1.602  1.104  23.901989999999998
54029.226878  2.76  1.006  23.901989999999998
54031.213399  3.216  0.9184  23.901989999999998
54036.217851  5.804  0.9791  23.901989999999998
54039.215973  8.167  1.255  23.901989999999998
54048.209838  8.397  1.17  23.901989999999998
54052.213769  7.39  1.145  23.901989999999998
54055.209504  5.991  0.9071  23.901989999999998
54058.207584  5.996  1.041  23.901989999999998
54060.229493  4.029  0.8952  23.901989999999998
54063.197804  4.911  0.9587  23.901989999999998
