#Date  :
#Flux  :
#Fluxerr  :
#ZP  :
#end  :
@INSTRUMENT  CNIa02
@BAND  Bessell12_V
@MAGSYS  Linear_AB11_off
57331.34152999986  0.0  1066.596121230259  25.0
57331.34152999986  1644.3717232149306  272.6140188372704  25.0
57334.335659999866  1555.965631605075  243.6265422590388  25.0
57334.335659999866  1330.45441797809  232.82482273865008  25.0
57348.33313000016  1294.1958414499877  214.55971573773442  25.0
57348.33313000016  0.0  903.6494737223023  25.0
57349.34593999991  0.0  1148.1536214968817  25.0
57349.34593999991  0.0  1009.2528860766865  25.0
57350.3265999998  0.0  1393.1568029453035  25.0
57350.3265999998  0.0  1202.2644346174131  25.0
57356.33453000011  1737.800828749378  272.0975312329785  25.0
57356.33453000011  0.0  1570.3628043335516  25.0
57362.33030000003  0.0  751.6228940182068  25.0
57362.33031000011  0.0  1127.1974561755094  25.0
57367.3073499999  847.2274141405971  163.86830998943122  25.0
57367.3073499999  0.0  691.8309709189376  25.0
57372.30192  0.0  1419.0575216890911  25.0
57372.30192  0.0  1270.5741052085446  25.0
57373.298520000186  0.0  862.9785477669702  25.0
57373.298520000186  0.0  1000.0  25.0
57376.25009999983  1018.5913880541169  178.24989429342537  25.0
57376.25009999983  0.0  717.7942912713622  25.0
57378.26269999985  0.0  1445.4397707459266  25.0
57378.26269999985  0.0  963.8290236239715  25.0
57380.22182000009  0.0  1432.1878992735453  25.0
57380.22182000009  0.0  1940.8858775927772  25.0
57384.32573000016  0.0  1485.9356422870076  25.0
57384.32573000016  0.0  1127.1974561755094  25.0
57386.31503000017  0.0  3664.3757464783334  25.0
57386.31503000017  0.0  3162.2776601683795  25.0
57388.3445799998  0.0  1180.3206356517298  25.0
57388.3445799998  0.0  1037.5284158180127  25.0
57390.273190000094  0.0  779.8301105232593  25.0
57390.273190000094  0.0  1106.6237839776663  25.0
57395.20606000023  0.0  816.582371358594  25.0
57395.20606000023  0.0  879.0225168308842  25.0
57397.2772400002  0.0  672.9766562843182  25.0
57397.2772400002  0.0  1106.6237839776663  25.0
57400.27699000016  0.0  1047.1285480509007  25.0
57400.27699000016  0.0  1158.7773561551262  25.0
57401.31851000013  1458.814260275349  188.10646227124474  25.0
57401.31851000013  0.0  704.6930689671482  25.0
57404.2501699999  1614.3585568264868  312.2446276038854  25.0
57404.2501699999  0.0  1018.5913880541169  25.0
57405.29174999986  0.0  1148.1536214968817  25.0
57405.29174999986  1318.2567385564087  242.83186519310627  25.0
57406.200290000066  0.0  946.2371613657949  25.0
57406.200290000066  0.0  1330.45441797809  25.0
57407.32911999989  0.0  787.0457896950977  25.0
57407.32911999989  809.0958991783822  149.0409724988277  25.0
57408.27902999986  0.0  1202.2644346174131  25.0
57408.27902999986  0.0  1076.465213629834  25.0
57409.13879999984  0.0  1629.2960326397247  25.0
57409.13879999984  0.0  2466.039337234341  25.0
57412.31540999981  0.0  2208.004733018899  25.0
57412.31540999981  0.0  2606.153549998895  25.0
57329.07810000004  1275.2637064597302  81.0447283229317  25.0
57332.32890000008  1226.874104638343  70.05955420257301  25.0
57348.0260999999  830.2330159249531  83.34934244477101  25.0
57357.01789999986  781.2679345516045  72.67701034860286  25.0
57361.990799999796  593.1984396649729  75.94347756978198  25.0
