53750.74321869909    0.33190473911063595    0.10784394253350321     25    
53751.24321869909    0.37776438779388166    0.10140795949057083     25    
53751.74321869909    0.4270279623781317     0.09133095402582046     25    
53752.24321869909    0.4799935996857872     0.0994246396307042      25    
53752.74321869909    0.5368571067729494     0.13918226181231427     25    
53753.24321869909    0.5974031908243083     0.19459572042213683     25    
53753.74321869909    0.6618592383432264     0.2405060010083666      25    
53754.24321869909    0.7305204808429574     0.26666494617572706     25    
53754.74321869909    0.8032844520081545     0.27367900511027793     25    
53755.24321869909    0.8801662873850662     0.27151058326462896     25    
53755.74321869909    0.9614641237960931     0.2676503057293793      25    
53756.24321869909    1.0473363782317817     0.2675847973402798      25    
53756.74321869909    1.1375793791134148     0.26797037162809667     25    
53757.24321869909    1.2324462817733186     0.26826549397465077     25    
53757.74321869909    1.3322236017973013     0.2684411326643332      25    
53758.24321869909    1.4367631458303844     0.26849987419389976     25    
53758.74321869909    1.5461344923858922     0.26845075869595214     25    
53759.24321869909    1.6606357782862302     0.2682929726899883      25    
53759.74321869909    1.780382219838085      0.2680139934980552      25    
53760.24321869909    1.9051933879359293     0.2676084453678874      25    
53760.74321869909    2.0353423961227546     0.2671257118049038      25    
53761.24321869909    2.171124063927983      0.2666850345155221      25    
53761.74321869909    2.3126220285375885     0.26709177753308044     25    
53762.24321869909    2.4595951924688073     0.26723985480988544     25    
53762.74321869909    2.611775851542562      0.2654025644445461      25    
53763.24321869909    2.7702452868228793     0.25946867456280776     25    
53763.74321869909    2.935187138367285      0.24996688696608776     25    
53764.24321869909    3.1025686717220133     0.24067507999746424     25    
53764.74321869909    3.2690270107330894     0.23574841441379998     25    
53765.24321869909    3.4380974098074484     0.23542238747389355     25    
53765.74321869909    3.6063898064025275     0.2372594515123395      25    
53766.24321869909    3.7681852341235933     0.23894707265179843     25    
53766.74321869909    3.9230181575526872     0.23966565419084385     25    
53767.24321869909    4.072873522110766      0.24042545078324484     25    
53767.74321869909    4.212776950664641      0.24104781419545038     25    
53768.24321869909    4.338350099963179      0.24133677173914997     25    
53768.74321869909    4.4510679157915        0.24122962345019272     25    
53769.24321869909    4.552032499415336      0.24100278592363522     25    
53769.74321869909    4.64172915657294       0.24096775086384595     25    
53770.24321869909    4.719008343855629      0.24120566825237358     25    
53770.74321869909    4.784496305606323      0.24158379174921668     25    
53771.24321869909    4.841268773982637      0.24208764009716932     25    
53771.74321869909    4.891362580385552      0.2427704268866579      25    
53772.24321869909    4.932648311202516      0.2437753612020482      25    
53772.74321869909    4.967254299417642      0.24472096404831215     25    
53773.24321869909    4.997967012158218      0.24520180811129932     25    
53773.74321869909    5.024977393157208      0.24735875409280006     25    
53774.24321869909    5.047401338505455      0.24937292646032092     25    
53774.74321869909    5.065449117051255      0.24652450345673332     25    
53775.24321869909    5.0794977902523515     0.2329543729423429      25    
53775.74321869909    5.089724534342621      0.2062146914147799      25    
53776.24321869909    5.095044010074026      0.1743966288199281      25    
53776.74321869909    5.094336227369946      0.1516740571068109      25    
53777.24321869909    5.088116420649891      0.14634876650174433     25    
53777.74321869909    5.076182724720592      0.1507875136795162      25    
53778.24321869909    5.057525648656635      0.15580910562472117     25    
53778.74321869909    5.031331864384209      0.1560698531928215      25    
53779.24321869909    4.9979819149693645     0.1557025976633686      25    
53779.74321869909    4.958237329783917      0.1551482746039764      25    
53780.24321869909    4.912741299535448      0.1545130544231508      25    
53780.74321869909    4.860532152052839      0.15360168583111236     25    
53781.24321869909    4.802593879049867      0.15262161199625027     25    
53781.74321869909    4.740737596218778      0.15195166564546647     25    
53782.24321869909    4.675362983968958      0.15193517448138685     25    
53782.74321869909    4.605602355405824      0.15239677531640014     25    
53783.24321869909    4.533145753596515      0.1528562366438772      25    
53783.74321869909    4.4595275382043        0.1529927602910716      25    
53784.24321869909    4.383940359099713      0.15363048324535775     25    
53784.74321869909    4.306674436778595      0.15368540936885391     25    
53785.24321869909    4.228566243900139      0.15154953353838088     25    
53785.74321869909    4.149856253532481      0.14507471605516037     25    
53786.24321869909    4.0701964858650586     0.13501290959657367     25    
53786.74321869909    3.9898065366502236     0.12515358004233842     25    
53787.24321869909    3.908854949348958      0.12004693163410805     25    
53787.74321869909    3.8271833177657153     0.11973247183573543     25    
53788.24321869909    3.744934525487992      0.1214487155474049      25    
53788.74321869909    3.6623230930648702     0.12248472610046164     25    
53789.24321869909    3.579296092133459      0.12221097918398767     25    
53789.74321869909    3.4958366660970834     0.12170617409173601     25    
53790.24321869909    3.4121944234801154     0.1210049212773502      25    
53790.74321869909    3.3285255291321043     0.12006567160154333     25    
53791.24321869909    3.244642113061452      0.1187230470074957      25    
53791.74321869909    3.160760664712535      0.11736412329422324     25    
53792.24321869909    3.0771536695372435     0.1164547942332987      25    
53792.74321869909    2.99371583009188       0.11623642874080994     25    
53793.24321869909    2.9104719628954157     0.11638332173367376     25    
53793.74321869909    2.8277074433695066     0.11648782969751986     25    
53794.24321869909    2.745539042206508      0.11668460258143983     25    
53794.74321869909    2.6637399490782157     0.1176366610756969      25    
53795.24321869909    2.582694434594236      0.11740200259800318     25    
53795.74321869909    2.502816786220558      0.11374990157095674     25    
53796.24321869909    2.4238221640566007     0.10399518628056906     25    
53796.74321869909    2.345891005541512      0.09019268283461454     25    
53797.24321869909    2.2695867791567728     0.07726966740956272     25    
53797.74321869909    2.1951200885669504     0.07154114063696798     25    
53798.24321869909    2.1221593430499217     0.07166065124625394     25    
53798.74321869909    2.0512082295845064     0.07387782739360527     25    
53799.24321869909    1.9827801465605794     0.07461329989970852     25    
53799.74321869909    1.91674179157579       0.07455637897710732     25    
53800.24321869909    1.8530333511748782     0.07446433189034478     25    
53800.74321869909    1.7917577811117356     0.07418660091300125     25    
53801.24321869909    1.733062777684502      0.07351473566012334     25    
53801.74321869909    1.6768986750243777     0.07251078089735377     25    
53802.24321869909    1.622953361681885      0.07159514721381079     25    
53802.74321869909    1.5709645090896462     0.0711966406342417      25    
53803.24321869909    1.52115698727732       0.0713524265576524      25    
53803.74321869909    1.4733450186856616     0.07173912888281918     25    
53804.24321869909    1.4271996187816574     0.07202946238800897     25    
53804.74321869909    1.3826868384663473     0.07216557609337278     25    
53805.24321869909    1.3399198344137286     0.07226867656449273     25    
53805.74321869909    1.2986537805684286     0.07216797758007926     25    
53806.24321869909    1.2586956532934452     0.07185182902978052     25    
53806.74321869909    1.2201908791454381     0.07185376868479981     25    
53807.24321869909    1.1830430161394467     0.0711840463855666      25    
53807.74321869909    1.1470926425605612     0.06853513364540126     25    
53808.24321869909    1.112367255483983      0.06180583965613679     25    
53808.74321869909    1.0788865761726771     0.05136026936989221     25    
53809.24321869909    1.046498570645856      0.040097916401920695    25    
53809.74321869909    1.0150909423171677     0.03358980474433141     25    
53810.24321869909    0.9847404386527658     0.0330453418443948      25    
53810.74321869909    0.955419529855535      0.03511426874913755     25    
53811.24321869909    0.9270800719254306     0.03604869928376057     25    
53811.74321869909    0.8996832517564283     0.035483296819466464    25    
53812.24321869909    0.8732774685285407     0.03475122297053708     25    
53812.74321869909    0.8479381191520297     0.0341929104680095      25    
53813.24321869909    0.8237027587592852     0.0341186877712473      25    
53813.74321869909    0.8005202671167502     0.03443285191753967     25    
53814.24321869909    0.7784580073106466     0.03486301718189214     25    
53814.74321869909    0.7575944313477702     0.03515593942104954     25    
53815.24321869909    0.7379812225533285     0.03539029550115716     25    
53815.74321869909    0.7195326791774588     0.03556625588475439     25    
53816.24321869909    0.7021325925036269     0.035551837478412826    25    
53816.74321869909    0.6858046860869481     0.03518820113196382     25    
53817.24321869909    0.6706458101907655     0.03449404606743131     25    
53817.74321869909    0.6563004841025528     0.03376080634166292     25    
53818.24321869909    0.6424324509549694     0.03329646281735523     25    
53818.74321869909    0.6292833403101689     0.03309733476079235     25    
53819.24321869909    0.6166850092188166     0.033040480838863476    25    
53819.74321869909    0.6042500259658988     0.033044896245287295    25    
53820.24321869909    0.5918308165605439     0.03315451318440305     25    
53820.74321869909    0.5796087137350834     0.03340337075377777     25    
53821.24321869909    0.5674475492648644     0.03352359786330921     25    
53821.74321869909    0.5552004889236751     0.03324123914687447     25    
53822.24321869909    0.5428102997986815     0.032450119016361204    25    
53822.74321869909    0.5304659984620695     0.031465356625129545    25    
53823.24321869909    0.5183870252292295     0.030684656955906744    25    
53823.74321869909    0.5065633008807007     0.030310012550729182    25    
53824.24321869909    0.4949336855254672     0.030156073750242592    25    
53824.74321869909    0.48374393674454796    0.030135458511378835    25    
53825.24321869909    0.47319364267336556    0.030197697273879553    25    
53825.74321869909    0.4631623153225254     0.030458503367306346    25    
53826.24321869909    0.45369246891589027    0.03074262018613172     25    
53826.74321869909    0.44487614670252595    0.030828323286179644    25    
53827.24321869909    0.4368044671079505     0.030785837657578956    25    
53827.74321869909    0.4293914975031646     0.03061999550808055     25    
53828.24321869909    0.42246961306842107    0.03004678915787753     25    
53828.74321869909    0.4159376470803876     0.028651737439734353    25    
53829.24321869909    0.40992291637419376    0.026093909072588035    25    
53829.74321869909    0.404272313870832      0.023156208792957655    25    
53830.24321869909    0.3987965481549877     0.021110784366560345    25    
53830.74321869909    0.39353330541565645    0.02079415046888074     25    
53831.24321869909    0.3884977412817584     0.021426481102303694    25    
53831.74321869909    0.38357721259885674    0.022030936139399663    25    
53832.24321869909    0.3786855314941746     0.021927074165769653    25    
53832.74321869909    0.373866020571558      0.021481565299932167    25    
53833.24321869909    0.3691590720899739     0.020965323438842234    25    
53833.74321869909    0.3645988272379378     0.020624511794538076    25    
53834.24321869909    0.36015824897898324    0.02046665443975688     25    
53834.74321869909    0.35585649226305477    0.020409030615246706    25    
53835.24321869909    0.35174618390719486    0.020425389368382764    25    
53835.74321869909    0.3478546998309244     0.02054471531483889     25    
53836.24321869909    0.3441553434428438     0.0207961186451217      25    
53836.74321869909    0.34066247059020377    0.021009472311927853    25    
53837.24321869909    0.33739464826548277    0.0210140678713089      25    
53837.74321869909    0.3343767935745987     0.020750900433366064    25    
53838.24321869909    0.3315656970323272     0.020379330425327177    25    
53838.74321869909    0.3289016426631759     0.020092175001681267    25    
53839.24321869909    0.3263771406974745     0.019954854382885582    25    
53839.74321869909    0.3240189486722807     0.019878657830726017    25    
53840.24321869909    0.32175941651636175    0.01997403376731173     25    
53840.74321869909    0.31953975780180915    0.020365548691932963    25    
53841.24321869909    0.31739952034886754    0.021146019584076546    25    
53841.74321869909    0.31531459509281445    0.022027300339017675    25    
53842.24321869909    0.3132365900735073     0.022701267661310753    25    
53842.74321869909    0.3111475043079354     0.02307349464471078     25    
53843.24321869909    0.3090691128635821     0.023291310747550812    25    
53843.74321869909    0.30700361852888075    0.023381683504485357    25    
53844.24321869909    0.304951695791335      0.023356193809742545    25    
53844.74321869909    0.30290903199098185    0.023178667852571323    25    
53845.24321869909    0.30088320103666844    0.02290491100544939     25    
53845.74321869909    0.2988837193353834     0.022607980432413216    25    
53846.24321869909    0.2969085069106711     0.022276140132051692    25    
53846.74321869909    0.29495677032327267    0.021896745630248585    25    
53847.24321869909    0.29303803585130683    0.02153282596409939     25    
53847.74321869909    0.29115819087975375    0.021236068952669235    25    
53848.24321869909    0.28931043650585225    0.020980124845216684    25    
53848.74321869909    0.2875023272386567     0.020764583535909147    25    
53849.24321869909    0.28574322610974207    0.020596935301255007    25    
53849.74321869909    0.28402934179591804    0.02055903798862646     25    
53850.24321869909    0.2823617455800745     0.020573636178066665    25    
53850.74321869909    0.28074996374033       0.020467909345065025    25    
53851.24321869909    0.2791986284049811     0.020040784939525668    25    
53851.74321869909    0.27770143308707074    0.019274604771564587    25    
53852.24321869909    0.2762666951365339     0.01851747817496605     25    
53852.74321869909    0.27490343854455307    0.018169324990886724    25    
53853.24321869909    0.2736065319711574     0.018115584081870188    25    
53853.74321869909    0.2723787257564091     0.01837839673090918     25    
53854.24321869909    0.27122954617842604    0.01916945011151161     25    
53854.74321869909    0.27016218444384527    0.020308110728109546    25    