#Date  :
#Flux  :
#Fluxerr  :
#ZP  :
#end  :
@INSTRUMENT  SDSS
@BAND  SDSS_u
@MAGSYS  AB
54346.458222  6.154  2.677  23.88354
54348.462315  -0.09761  1.939  23.88354
54358.418932  -0.003292  1.624  23.88354
54365.452592  0.3548  1.247  23.88354
54381.472922  0.4576  1.576  23.88354
54386.465657  1.798  1.541  23.88354
54388.469836  -0.1635  1.609  23.88354
54392.467546  -1.876  1.573  23.88354
54393.473808  -2.31  1.913  23.88354
54396.337187  0.9114  4.864  23.88354
54403.384342  1.673  6.797  23.88354
54406.378124  0.7283  1.523  23.88354
54409.382981  -0.5291  1.413  23.88354
54412.40373  -0.3533  2.054  23.88354
54416.376942  -0.7302  1.404  23.88354
54421.382682  -0.4963  1.786  23.88354
54433.381853  -4.54  4.683  23.88354
