57759.0577662162    52.78394233698479     10.363412251090601    25    
57759.5577662162    63.662325291895186    10.336346133786188    25    
57760.0577662162    75.4976024285027      10.482213029779992    25    
57760.5577662162    88.27308004109015     11.216725099450699    25    
57761.0577662162    101.97563165196233    11.947374793512164    25    
57761.5577662162    116.58684668800382    12.110374965435913    25    
57762.0577662162    132.09526214162767    12.08314581759486     25    
57762.5577662162    148.4808573669003     12.129063383198305    25    
57763.0577662162    165.7337260317625     12.168004877572727    25    
57763.5577662162    183.83234421204295    12.196071607785434    25    
57764.0577662162    202.7682554566309     12.215559661779675    25    
57764.5577662162    222.51853935769628    12.226661414509017    25    
57765.0577662162    243.07608255049612    12.234455085231545    25    
57765.5577662162    264.43960343985464    12.213574463894199    25    
57766.0577662162    286.55354178741806    12.240958245567327    25    
57766.5577662162    309.44682128421226    12.559154037264813    25    
57767.0577662162    332.7953475014388     12.991899514812994    25    
57767.5577662162    355.86317588787466    13.201794179117421    25    
57768.0577662162    378.42939631135164    13.300099247252218    25    
57768.5577662162    399.36402874039857    13.408796640183015    25    
57769.0577662162    418.6072318935123     13.499433761374464    25    
57769.5577662162    434.9731753207263     13.532240655029645    25    
57770.0577662162    448.7433289454718     13.530609655061204    25    
57770.5577662162    460.14257666907116    13.583198010315327    25    
57771.0577662162    469.3208277044415     13.672726123677252    25    
57771.5577662162    477.20854382958174    13.793205727789275    25    
57772.0577662162    483.8103355612499     13.928407655706762    25    
57772.5577662162    490.0529844275578     14.03693346359325     25    
57773.0577662162    495.8231928736746     14.057588661698444    25    
57773.5577662162    501.08328943207675    13.157812820244876    25    
57774.0577662162    505.78820836975206    11.343130742814399    25    
57774.5577662162    509.39071364765107    10.554786156461187    25    
57775.0577662162    511.90117941766437    10.836822377974375    25    
57775.5577662162    512.8004880676053     10.939311969364999    25    
57776.0577662162    512.1122791044301     10.909882625768333    25    
57776.5577662162    509.97311476245375    10.867054041374166    25    
57777.0577662162    506.3775163974391     10.809706863488847    25    
57777.5577662162    501.8294717611228     10.823760095450728    25    
57778.0577662162    496.32053951498045    10.915281913722522    25    
57778.5577662162    490.31916079596226    10.921038414772418    25    
57779.0577662162    483.84330065641427    10.819905894057266    25    
57779.5577662162    476.95812313853986    10.888014100344176    25    
57780.0577662162    469.6862421249416     11.16437137149665     25    
57780.5577662162    461.8518454336347     11.329276262108596    25    
57781.0577662162    453.45239767886807    11.349823649407227    25    
57781.5577662162    444.34572369262173    11.325191373419132    25    
57782.0577662162    434.4881498753918     11.262384569012994    25    
57782.5577662162    424.04652673379564    11.170099157296184    25    
57783.0577662162    412.990918989811      11.037227651502146    25    
57783.5577662162    401.68179959372725    10.960195590650082    25    
57784.0577662162    390.1410431602493     10.978679945934271    25    
57784.5577662162    378.69016145922416    10.992431228419102    25    
57785.0577662162    367.3888070934941     11.068740278977502    25    
57785.5577662162    356.39716191386964    10.707732967746495    25    
57786.0577662162    345.7657141663463     9.434500411011705     25    
57786.5577662162    335.5451452109211     8.406303650082386     25    
57787.0577662162    325.7497780384714     8.41381372964955      25    
57787.5577662162    316.4423578297645     8.559293871902982     25    
57788.0577662162    307.6581023278695     8.548724643119568     25    
57788.5577662162    299.3736281878        8.509468468026304     25    
57789.0577662162    291.60759570781755    8.411123387797238     25    
57789.5577662162    284.2761840715172     8.348828133689603     25    
57790.0577662162    277.3560981860291     8.398933405373693     25    
57790.5577662162    270.78246568144317    8.460738430241841     25    
57791.0577662162    264.5192434432126     8.488792180059475     25    
57791.5577662162    258.5312245289158     8.488151000421194     25    
57792.0577662162    252.78753310775951    8.507110978702606     25    
57792.5577662162    247.2748028987357     8.35785244235401      25    
57793.0577662162    241.97879247278948    7.696408425597969     25    
57793.5577662162    236.88145455740047    7.007619952842901     25    
57794.0577662162    231.97352435148932    6.944873498658665     25    
57794.5577662162    227.22005809143442    7.060644144812923     25    
57795.0577662162    222.5975156326879     6.997359056069871     25    
57795.5577662162    218.0600757162499     6.940775391028374     25    
57796.0577662162    213.5560322248667     7.010348410308384     25    
57796.5577662162    209.05227816496395    7.111869239752187     25    
57797.0577662162    204.47356248848018    7.168208319681664     25    
57797.5577662162    199.8402367478168     7.180055099464074     25    
57798.0577662162    195.12466914543927    7.116635383128607     25    
57798.5577662162    190.38529108731427    6.961441896911606     25    
57799.0577662162    185.69864596898194    6.5890792528074416    25    
57799.5577662162    181.09256358146337    6.151705659959409     25    
57800.0577662162    176.67080373275962    6.074599749976395     25    
57800.5577662162    172.41706762657208    6.160692973242777     25    
57801.0577662162    168.37617412604328    6.090575963139865     25    
57801.5577662162    164.50144275879745    5.975623240949568     25    
57802.0577662162    160.70648814194772    5.950191881139773     25    
57802.5577662162    156.97535869117925    5.976035138742915     25    
57803.0577662162    153.19753157368612    6.022143243837        25    
57803.5577662162    149.38550215769277    6.0733700494618486    25    
57804.0577662162    145.48807593181766    6.097420472758208     25    
57804.5577662162    141.53584136673427    6.031196820952606     25    
57805.0577662162    137.61416464184012    5.394617191757266     25    
57805.5577662162    133.72959591194777    4.239556631452467     25    
57806.0577662162    129.98459613540956    3.76222693231472      25    
57806.5577662162    126.37369044014729    3.917058580760677     25    
57807.0577662162    122.96031701860886    3.89542831518768      25    
57807.5577662162    119.7332030418799     3.79536807180522      25    
57808.0577662162    116.66164749681894    3.7552406129724205    25    
57808.5577662162    113.7448119002168     3.7658056858532496    25    
57809.0577662162    110.9441124018199     3.809897505272994     25    
57809.5577662162    108.26089044057112    3.882151411264931     25    
57810.0577662162    105.66955152840234    3.8791719955902986    25    
57810.5577662162    103.1713898109903     3.806634642337519     25    
57811.0577662162    100.77266600462049    3.7411404743802477    25    
57811.5577662162    98.47327638465065     3.6825728606443646    25    
57812.0577662162    96.28189539156315     3.423566150360029     25    
57812.5577662162    94.19855944101529     2.8933988988271926    25    
57813.0577662162    92.22598092445192     2.5861486597343535    25    
57813.5577662162    90.36500326992471     2.6244942936154008    25    
57814.0577662162    88.60309796204244     2.6391759510055555    25    
57814.5577662162    86.94054521126333     2.6055425614318515    25    
57815.0577662162    85.36408469470685     2.571006014610837     25    
57815.5577662162    83.87368033884056     2.535655831158699     25    
57816.0577662162    82.45647981204664     2.5124310602143507    25    
57816.5577662162    81.1122541568944      2.5040340132685444    25    
57817.0577662162    79.82836650662891     2.500452709753862     25    
57817.5577662162    78.60434985799188     2.4808580732390753    25    
57818.0577662162    77.42782797102068     2.5899124264746796    25    
57818.5577662162    76.29805063470022     2.876842458609504     25    
57819.0577662162    75.20294739778898     3.071162584387616     25    
57819.5577662162    74.14143967958613     3.097465457268339     25    
57820.0577662162    73.10180797950063     3.198536560245811     25    