57532.91073613903    4532.51521409302      3003.1910570909977    25    
57533.41073613903    5501.764751400197     3001.896602935836     25    
57533.91073613903    6570.992948567174     3240.6068865914344    25    
57534.41073613903    7741.821718580739     4146.233588212361     25    
57534.91073613903    9015.759036284087     4896.842090825287     25    
57535.41073613903    10394.48313559092     5051.2080375553605    25    
57535.91073613903    11879.44618893351     5036.345925360339     25    
57536.41073613903    13472.381714120509    5080.175209014084     25    
57536.91073613903    15174.687118205147    5105.086691552012     25    
57537.41073613903    16988.1501658592      5105.434202035805     25    
57537.91073613903    18914.114535788744    5083.822007284062     25    
57538.41073613903    20954.421202496724    5036.926856939409     25    
57538.91073613903    23110.361153374015    4975.088103760352     25    
57539.41073613903    25388.162088833305    4898.381790448882     25    
57539.91073613903    27777.15157497329     4840.005549275226     25    
57540.41073613903    30297.191225336996    4855.25705704531      25    
57540.91073613903    32863.516537024385    4916.139254964765     25    
57541.41073613903    35400.07826376532     5017.401928473553     25    
57541.91073613903    37824.57980150561     5126.598410983184     25    
57542.41073613903    40008.05599702711     5202.696518741        25    
57542.91073613903    41899.01705538441     5238.930916806292     25    
57543.41073613903    43344.544299113935    5171.771009000952     25    
57543.91073613903    44399.70609543497     5089.7739235252375    25    
57544.41073613903    45058.60132501186     5124.748474709831     25    
57544.91073613903    45377.848948730105    5224.944492188753     25    
57545.41073613903    45432.35467301883     5405.310423368928     25    
57545.91073613903    45253.090662358416    5564.531174851089     25    
57546.41073613903    44919.41183680388     5560.104750937905     25    
57546.91073613903    44447.905586762536    5387.165159020658     25    
57547.41073613903    43898.86321852722     4798.867151238011     25    
57547.91073613903    43287.209561899224    4046.8341152557514    25    
57548.41073613903    42663.59359476974     3951.9855161494866    25    
57548.91073613903    42041.406202016       4147.563366279936     25    
57549.41073613903    41481.68190016082     4150.459927138063     25    
57549.91073613903    40958.83092715818     4103.156539291911     25    
57550.41073613903    40466.01357865848     4022.073754928831     25    
57550.91073613903    39975.00574119977     3950.681418965996     25    
57551.41073613903    39430.82520260908     4035.343002406853     25    
57551.91073613903    38820.85083241633     4165.17491927209      25    
57552.41073613903    38079.751928169426    4167.609885287073     25    
57552.91073613903    37229.721827523106    4105.186155985304     25    
57553.41073613903    36272.870805917744    4004.7103466566778    25    
57553.91073613903    35235.070466171834    3898.9598582082576    25    
57554.41073613903    34170.940398860635    3922.151842651442     25    
57554.91073613903    33092.63109274932     3996.0864237915157    25    
57555.41073613903    32058.47141295537     3986.8325711555817    25    
57555.91073613903    31070.762961067518    3938.597418491405     25    
57556.41073613903    30168.420218589326    3874.5134429416144    25    
57556.91073613903    29351.877586995728    3821.503503147607     25    
57557.41073613903    28643.58578279932     3906.4094016756017    25    
57557.91073613903    28046.810008401484    4040.997151586472     25    
57558.41073613903    27587.927101681107    4031.571567502431     25    
57558.91073613903    27259.187001318096    3965.02766901935      25    
57559.41073613903    27059.382200489355    3991.624454844352     25    
57559.91073613903    26978.560784781537    4077.69498870332      25    
57560.41073613903    26988.533684922386    4236.242676719399     25    
57560.91073613903    27085.248932810846    4412.419069499573     25    
57561.41073613903    27238.612620864544    4448.513663405727     25    
57561.91073613903    27448.543429792946    4389.434504829938     25    
57562.41073613903    27694.921140393682    4236.025047524351     25    
57562.91073613903    27978.781846712198    4040.1101046964213    25    
57563.41073613903    28290.968618136634    4074.132337989206     25    
57563.91073613903    28630.472732583174    4241.165931646811     25    
57564.41073613903    28989.185340923486    4355.443305506194     25    
57564.91073613903    29363.85026475748     4434.7276566319415    25    
57565.41073613903    29738.68631245127     4417.7445390979055    25    
57565.91073613903    30109.834241642868    4316.7024915440925    25    
57566.41073613903    30452.0822070611      4099.55303329161      25    
57566.91073613903    30763.39902417386     3804.8631840077187    25    
57567.41073613903    31016.694698853724    3720.739148047202     25    
57567.91073613903    31213.20855718102     3768.851572450078     25    
57568.41073613903    31337.4815046998      3675.1957733443173    25    
57568.91073613903    31392.073195060784    3508.4047425683484    25    
57569.41073613903    31377.596284837964    3490.8983257154487    25    
57569.91073613903    31294.26032121517     3568.831735444542     25    
57570.41073613903    31142.73926503442     3593.3869907145618    25    
57570.91073613903    30923.59121252341     3576.0570247774176    25    
57571.41073613903    30639.788546132437    3417.0029104365135    25    
57571.91073613903    30292.1123610268      3174.2058497093362    25    
57572.41073613903    29887.157975175523    3319.3853095246836    25    
57572.91073613903    29425.208554478424    3699.537299116002     25    
57573.41073613903    28913.2094868514      3849.593334631654     25    
57573.91073613903    28351.073140935812    3857.3495799928396    25    
57574.41073613903    27744.037352959356    3809.681266438715     25    
57574.91073613903    27091.814833570203    3717.109228203622     25    
57575.41073613903    26396.630053069337    3754.9747396420107    25    
57575.91073613903    25658.5283447897      3887.521960339711     25    
57576.41073613903    24878.27447213053     3990.950015496358     25    
57576.91073613903    24057.49741990903     4067.5651871900345    25    
57577.41073613903    23208.40009125137     4031.8197665429675    25    
57577.91073613903    22333.604479669237    3882.110747403847     25    
57578.41073613903    21467.879241581373    3460.443366704253     25    
57578.91073613903    20611.779895474225    2721.5039289848883    25    
57579.41073613903    19803.053641230097    2418.025844037823     25    
57579.91073613903    19040.294933832105    2596.3425510752622    25    
57580.41073613903    18344.85970280521     2635.9312213585713    25    
57580.91073613903    17714.050807106134    2591.7429826150133    25    
57581.41073613903    17132.708583520034    2643.7990351229796    25    
57581.91073613903    16600.540682751667    2773.3462005188144    25    
57582.41073613903    16099.951403693869    2899.182584166876     25    
57582.91073613903    15631.228275792359    3017.549799593222     25    
57583.41073613903    15181.246400914497    2967.830395052363     25    
57583.91073613903    14750.530452261351    2755.8086548184624    25    
57584.41073613903    14336.69374781023     2526.7469828776475    25    
57584.91073613903    13939.798041850723    2269.4857588302193    25    
57585.41073613903    13558.107459074678    1987.9304258322911    25    
57585.91073613903    13191.641442623359    1673.3266445888596    25    
57586.41073613903    12838.884266845207    1551.8515324485263    25    
57586.91073613903    12499.8611625406      1657.4396605730626    25    
57587.41073613903    12173.983465287305    1704.441870082017     25    
57587.91073613903    11861.256560810269    1701.213275747076     25    
57588.41073613903    11561.162786843583    1659.4683582777104    25    
57588.91073613903    11273.705694325647    1576.1654904418494    25    
57589.41073613903    10998.356770484455    1476.4538460647177    25    
57589.91073613903    10735.119533461097    1356.4965111366098    25    
57590.41073613903    10483.465589469315    1240.9628831834518    25    
57590.91073613903    10243.398251475997    1129.8070927293793    25    
57591.41073613903    10014.389417057557    1138.739710849342     25    
57591.91073613903    9796.442021629755     1267.3873040896772    25    
57592.41073613903    9589.02842650856      1454.1292965977289    25    
57592.91073613903    9392.151017181735     1671.3330192007309    25    
57593.41073613903    9205.282791081694     2090.421331615269     25    