#Date  :
#Flux  :
#Fluxerr  :
#ZP  :
#end  :
@INSTRUMENT  CNIa02
@BAND  Bessell12_B
@MAGSYS  Linear_AB11_off
58667.75130000012  1507.9953418017924  80.5570721879583  25.0
58669.70830000006  2921.4603738773376  153.3735732306425  25.0
58669.73989999993  3036.686788465786  179.00108111757942  25.0
58669.78899999987  3045.089066974223  137.42690317096157  25.0
58672.73290000018  5465.123745198722  327.18172414091526  25.0
58673.698700000066  6188.708114190298  364.8006924418049  25.0
58676.03140000021  7488.589075216439  358.6567622977833  25.0
58681.4216  7834.29642766212  353.56702969832907  25.0
58684.001000000164  7224.3703243635655  419.19513085826486  25.0
58686.99099999992  6263.253647582235  334.5828479927043  25.0
58690.75480000023  4305.26610491711  301.3625432559695  25.0
58694.970199999865  3056.3282803659727  152.00904825234588  25.0
58696.75139999995  2511.886431509582  138.81197405856318  25.0
58699.37559999991  1953.439656398258  88.16003624383717  25.0
58700.99770000018  1668.7835113653923  87.60936563613137  25.0
58705.721599999815  1115.835052288668  67.82965616113808  25.0
58707.720000000205  976.3375665826426  54.85364796720217  25.0
58710.96790000005  748.8589075216439  42.073197115701504  25.0
