@INSTRUMENT DECam
@BAND DECam_r
@MAGSYS AB
#Date : MJD
#Flux : 
#Fluxerr : 
#ZP : 
#end
57327.065  1.4022  7.769  27.498346442599363
57331.056  23.643  7.235  27.498346442599363
57339.151  159.03  8.01  27.498346442599363
57345.068  244.82  29.973  27.498346442599363
57346.027  303.3  10.037  27.498346442599363
57356.098  327.73  6.3353  27.498346442599363
57366.056  226.63  6.3559  27.498346442599363
57373.053  158.36  7.1042  27.498346442599363
57385.109  103.43  6.9589  27.498346442599363
57389.074  82.361  6.2905  27.498346442599363
57396.061  68.159  6.5351  27.498346442599363
57403.062  44.811  12.633  27.498346442599363
