@INSTRUMENT DECam
@BAND DECam_i
@MAGSYS AB
#Date : MJD
#Flux : 
#Fluxerr : 
#ZP : 
#end
56920.221  -0.823  2.6687  27.50049715930016
56925.329  6.1655  2.6669  27.50049715930016
56932.188  46.923  3.6705  27.50049715930016
56936.26  92.741  5.6672  27.50049715930016
56944.129  150.64  4.7894  27.50049715930016
56949.35  159.53  3.0304  27.50049715930016
56956.313  133.27  4.4401  27.50049715930016
56960.3  105.89  5.8339  27.50049715930016
56966.129  83.913  7.4634  27.50049715930016
56973.244  75.315  3.1209  27.50049715930016
56980.233  63.45  2.8017  27.50049715930016
56987.233  47.536  2.6456  27.50049715930016
56990.236  52.789  14.218  27.50049715930016
57001.199  27.75  3.5482  27.50049715930016
57008.04  25.588  3.5446  27.50049715930016
57012.219  25.996  4.5057  27.50049715930016
57018.21  23.352  4.7948  27.50049715930016
