9 9
1.7458104628237752  -0.03490082256728207  -0.014712089026153315  -0.01425329757564474  -0.012079795019022274  -0.028370467669451695  -0.05792204828027999  -0.05440371042303704  -0.03265928217844566  
-0.034900822567282073  1.6459145727370195  -0.016796356590521668  -0.011649864068915229  -0.010689754212216837  -0.026076158054567495  -0.05474442096910551  -0.05302694188324726  -0.029968047962704452  
-0.014712089026153318  -0.016796356590521675  0.7210983541949569  -0.0038866279788470734  -0.004107522095890674  -0.010730136746865218  -0.02362568410590087  -0.02407829671498761  -0.012306352747791923  
-0.014253297575644742  -0.01164986406891523  -0.0038866279788470725  0.670064951685771  -0.005239014983618552  -0.011053279482709384  -0.021796561854891323  -0.01957468261443815  -0.01296783115640056  
-0.012079795019022269  -0.010689754212216837  -0.004107522095890674  -0.005239014983618554  0.5722137483867707  -0.009280663095733617  -0.018639430238364625  -0.017294413558902325  -0.010745826827591447  
-0.02837046766945168  -0.026076158054567495  -0.01073013674686522  -0.01105327948270938  -0.009280663095733619  1.3270391441390634  -0.043872318937453476  -0.041110869077423506  -0.02481948430396774  
-0.057922048280279984  -0.054744420969105485  -0.023625684105900865  -0.021796561854891316  -0.018639430238364618  -0.04387231893745346  2.6791695631760692  -0.08636312116266881  -0.051824997182401716  
-0.05440371042303703  -0.05302694188324727  -0.024078296714987613  -0.01957468261443815  -0.017294413558902322  -0.0411108690774235  -0.0863631211626688  2.5343631990215743  -0.04769610266554132  
-0.03265928217844565  -0.029968047962704455  -0.012306352747791925  -0.012967831156400555  -0.010745826827591448  -0.024819484303967743  -0.05182499718240172  -0.04769610266554132  1.523641683471981  
