51074.75916404314    397.85917444690676    164.468288213434      25    
51075.25916404314    478.29184698728693    164.27190103768342    25    
51075.75916404314    565.4965018468276     171.98523789802746    25    
51076.25916404314    659.2993573175762     204.33455802780225    25    
51076.75916404314    759.5755443325177     234.2440788755985     25    
51077.25916404314    866.1280790293818     241.3822805078966     25    
51077.75916404314    978.8542911625505     240.79834570621958    25    
51078.25916404314    1097.5360013812744    242.71985981060558    25    
51078.75916404314    1222.0907315955       244.1787912858308     25    
51079.25916404314    1352.2811136318314    244.92902507649583    25    
51079.75916404314    1488.0428548899354    245.0876121154942     25    
51080.25916404314    1629.121405039621     244.66963526519422    25    
51080.75916404314    1775.4686503044368    243.9006970575644     25    
51081.25916404314    1927.019416145492     242.54227108029514    25    
51081.75916404314    2083.364711906612     242.12204452045296    25    
51082.25916404314    2244.475560496383     249.1885864945656     25    
51082.75916404314    2408.1591391676184    260.372739795925      25    
51083.25916404314    2566.1983877689618    267.6260984246379     25    
51083.75916404314    2717.5711283527658    272.6133151542242     25    
51084.25916404314    2850.108965995194     276.8169981885746     25    
51084.75916404314    2963.973361322519     280.03813507346996    25    
51085.25916404314    3047.168196185847     281.17049437368036    25    
51085.75916404314    3101.344431358095     280.75320365604534    25    
51086.25916404314    3130.6814123597537    284.57260060548936    25    
51086.75916404314    3135.485697937758     291.95467156567446    25    
51087.25916404314    3127.2876860401084    300.0599620869739     25    
51087.75916404314    3105.7721392850854    308.8555950626295     25    
51088.25916404314    3081.7311490545253    310.2426062975587     25    
51088.75916404314    3055.1121789450103    304.3739693989176     25    
51089.25916404314    3028.554863855239     285.8739836885367     25    
51089.75916404314    3002.269910813255     249.58309337253334    25    
51090.25916404314    2975.1146582503675    229.22332341057717    25    
51090.75916404314    2947.1019882597525    234.6615971582797     25    
51091.25916404314    2917.4762971745886    238.21052409702202    25    
51091.75916404314    2886.251364417107     236.64592158093996    25    
51092.25916404314    2852.53883270413      234.1212518273849     25    
51092.75916404314    2816.3230640990187    230.12411521086858    25    
51093.25916404314    2776.663347789796     229.5874241917514     25    
51093.75916404314    2733.4716343301848    235.15887623551367    25    
51094.25916404314    2685.9471988058185    238.1053997899073     25    
51094.75916404314    2633.668945929238     236.9075367700366     25    
51095.25916404314    2577.414815846363     228.98893070929688    25    
51095.75916404314    2517.0346614348264    207.80108783774475    25    
51096.25916404314    2454.0283611674727    191.0964571595067     25    
51096.75916404314    2388.695206748983     192.83696780296313    25    
51097.25916404314    2322.3184041912664    196.70884837176848    25    
51097.75916404314    2255.13062098493      195.71128979179036    25    
51098.25916404314    2188.9791403483396    193.8665140150498     25    
51098.75916404314    2124.481793287333     190.68341047799942    25    
51099.25916404314    2063.6446542122494    189.89484837345574    25    
51099.75916404314    2007.6492363384357    196.57243779264672    25    
51100.25916404314    1958.0516916212798    203.10777903606086    25    
51100.75916404314    1916.8064280197218    202.11425339466297    25    
51101.25916404314    1883.4366292171467    201.75869931286874    25    
51101.75916404314    1858.6416914544116    210.16768826447128    25    
51102.25916404314    1841.1461310107456    220.34889000697243    25    
51102.75916404314    1829.8619318060564    227.69937376833818    25    
51103.25916404314    1824.1746478091       232.48726500509756    25    
51103.75916404314    1822.697697233316     232.44063528215244    25    
51104.25916404314    1825.2959832413312    228.5652575254453     25    
51104.75916404314    1830.9842759050198    219.39665667867575    25    
51105.25916404314    1839.81242455459      208.53038770080576    25    
51105.75916404314    1851.3643289030545    206.64431730717206    25    
51106.25916404314    1865.559868213843     209.6032230654627     25    
51106.75916404314    1882.0350750593418    212.20379367316613    25    
51107.25916404314    1900.5903734781161    214.7075224755176     25    
51107.75916404314    1920.4600523131653    214.32940062648964    25    
51108.25916404314    1941.4526434795634    211.63590940925687    25    
51108.75916404314    1962.2852610596617    205.7058721981064     25    
51109.25916404314    1982.9017334360074    197.69960514145538    25    
51109.75916404314    2001.9083683704202    196.12953066258436    25    
51110.25916404314    2019.3800933603209    198.93454699589412    25    
51110.75916404314    2034.4632953386397    196.46156690682108    25    
51111.25916404314    2047.2392311936296    190.13791847348966    25    
51111.75916404314    2057.596345102282     187.89086343130094    25    
51112.25916404314    2065.540491490348     189.12700856029173    25    
51112.75916404314    2070.9452589258303    189.50034724335003    25    
51113.25916404314    2073.817489391611     189.14447095595332    25    
51113.75916404314    2074.288423460792     186.71006540849748    25    
51114.25916404314    2072.3449741562135    182.1008563107964     25    
51114.75916404314    2068.48205246084      175.40251894019008    25    
51115.25916404314    2062.688051554484     165.91809757276525    25    
51115.75916404314    2055.480363001791     161.85883818615036    25    
51116.25916404314    2046.9289104926095    164.92616576563066    25    
51116.75916404314    2036.7720534292228    166.85102252081597    25    
51117.25916404314    2025.157446065279     165.95069772636134    25    
51117.75916404314    2010.701853970094     170.2857763613869     25    
51118.25916404314    1993.3791510154085    181.95650407886674    25    
51118.75916404314    1971.8649206001255    190.8582540619085     25    
51119.25916404314    1945.844869977171     196.41769983515337    25    
51119.75916404314    1915.2902275916529    194.84870890234436    25    
51120.25916404314    1879.7493505559032    183.12047887455591    25    
51120.75916404314    1841.1009127383543    166.64812347685654    25    
51121.25916404314    1799.5505319385325    143.21550182121842    25    
51121.75916404314    1756.7395127415496    124.69709173687406    25    
51122.25916404314    1713.2043191114674    124.7355993207683     25    
51122.75916404314    1669.8154688051811    127.8147345391293     25    
51123.25916404314    1627.215081546144     126.31537523359577    25    
51123.75916404314    1585.1835323635742    125.71135367685011    25    
51124.25916404314    1543.7778359883541    127.97638249863195    25    
51124.75916404314    1502.9232275721301    131.07619874256886    25    
51125.25916404314    1462.5611982092069    135.2241528161736     25    
51125.75916404314    1422.7542977104738    137.0796073923558     25    
51126.25916404314    1383.4599207719177    132.57518824919754    25    
51126.75916404314    1344.9033998125722    125.17592891368082    25    
51127.25916404314    1307.2473581997608    117.49376045011562    25    
51127.75916404314    1270.6476810343256    108.48339693301153    25    
51128.25916404314    1235.3477471292883    96.53034965626192     25    
51128.75916404314    1201.3969416861346    84.74407410651132     25    
51129.25916404314    1169.0185094842507    81.98269664428129     25    
51129.75916404314    1138.1236292046553    83.58497210889631     25    
51130.25916404314    1108.6837852380138    82.84651587226996     25    
51130.75916404314    1080.668496067866     81.56153617731688     25    
51131.25916404314    1054.0056011810086    79.6776750510554      25    
51131.75916404314    1028.6802154477623    77.38787922003381     25    
51132.25916404314    1004.6161222506122    75.2120881801358      25    
51132.75916404314    981.8026391632588     73.1613170062508      25    
51133.25916404314    960.1596342212547     71.4640062803143      25    
51133.75916404314    939.680052988784      70.44641723585644     25    
51134.25916404314    920.280422867361      71.31611021301839     25    
51134.75916404314    901.9567426987658     74.20410982586965     25    
51135.25916404314    884.6227739633609     79.65134421783047     25    
51135.75916404314    868.2769940676314     88.24968961278458     25    
51136.25916404314    852.8309732836839     104.91217660382958    25    