@INSTRUMENT MEGACAMPSF
@BAND z
@MAGSYS AB
@WEIGHTMAT weightmat_SNLS_z.dat
@X_FOCAL_PLANE -2.45349
@Y_FOCAL_PLANE -10.6542
#Date : MJD
#Flux : 
#Fluxerr : errors (but look at the weight matrix)
#ZP : 
#end
53475.43  -0.61003951  0.467031460576  25.343694
53495.47  0.17452092  0.519015193542  25.343694
53502.28  0.17079711  0.439428969818  25.343694
53505.35  1.2380186  0.368822759004  25.343694
53508.42  3.5882025  0.801296484636  25.343694
53519.34  5.1319498  0.489932603771  25.343694
53527.38  5.731656  0.349065063077  25.343694
53534.38  6.3106818  0.539173702822  25.343694
53551.35  3.570195  0.449717265936  25.343694
53552.36  3.3966617  0.555320919927  25.343694
53558.34  2.9586425  0.36990481303  25.343694
53564.26  5.2275594  1.85371938312  25.343694
53565.35  1.9385078  0.479541243325  25.343694
53799.57  1.5266277  0.458622645907  25.343694
53848.47  -0.54995564  0.674410005871  25.343694
53855.45  0.42234933  0.440733359181  25.343694
53859.4  0.53829947  0.393156962914  25.343694
53875.41  0.46554919  0.569313358736  25.343694
53883.42  0.49259441  0.580852201861  25.343694
53892.41  0.30943895  0.298162804296  25.343694
