#Date  :
#Flux  :
#Fluxerr  :
#ZP  :
#end  :
@INSTRUMENT  SDSS
@BAND  SDSS_g
@MAGSYS  AB
54346.329876  19.28  1.325  23.897
54348.360239  21.12  0.734  23.897
54358.316426  20.89  0.8133  23.897
54359.310806  19.39  1.451  23.897
54365.349741  16.38  0.5822  23.897
54381.369592  3.771  0.5291  23.897
54384.375985  3.754  0.5661  23.897
54386.361618  2.408  0.6855  23.897
54388.366089  2.085  0.531  23.897
54393.351836  2.433  0.5519  23.897
54396.232956  -1.382  2.145  23.897
54403.279259  1.54  1.831  23.897
54404.336563  1.954  0.9784  23.897
54405.334525  0.5705  0.7748  23.897
54406.272854  0.5469  0.5467  23.897
54412.275581  1.17  0.5999  23.897
54416.271059  1.644  0.4813  23.897
54421.276505  1.061  0.6187  23.897
54423.252921  0.03123  1.107  23.897
54431.279755  15.62  8.922  23.897
54433.275008  -0.04509  2.15  23.897
