#mB  c  mBmB x1x1 cc mBx1 mBc x1c
19.526135271375665  -0.3  0.00039668864376199924  0.024567591401622804  0.00024827585584938936  0.0016642794975463093  0.00016554134192621144  6.483197855888577e-05
19.527245004199365  0.3  0.00043881210758271564  0.01939939430427811  0.00026824171577669183  0.001323582416755761  0.00024398608566237944  6.45626018781927e-05
20.031829340809356  0.0  0.0005875074531767285  0.045213925719707705  0.00032828060273669825  0.0030842724152138072  0.00025489718277747547  0.00027554782545703515
20.531829340809352  0.0  0.0009501957045532138  0.0929300083123807  0.0004938861078448011  0.006273596605458554  0.0003536766564856818  0.0006345911056391265
21.031829340809352  0.0  0.0018236216231914397  0.20980147528784582  0.0008821440304318902  0.014117354654273738  0.0005773744079437303  0.0015383931673480305
20.530248366093325  -0.15  0.0009610649809081677  0.10291081806401162  0.0004781366027814454  0.006965510422971838  0.00027818543002193334  0.0006618445278169428
20.53084011278107  0.15  0.0009229598492261573  0.0779555544792073  0.0005021405902346794  0.005227355485970994  0.0004115131392911398  0.0005182510547201676
21.526135271375665  -0.3  0.0038449264136608888  0.5004755076952243  0.0014873801800656986  0.03391487988569696  0.00018233464335467051  0.0023353045673808193
21.527245004199365  0.3  0.003529714510075818  0.3302675302106882  0.0017582015253218115  0.021819449040155887  0.0015759618329022542  0.0024235157981183884
