@INSTRUMENT DECam
@BAND DECam_g
@MAGSYS AB
#Date : MJD
#Flux : 
#Fluxerr : 
#ZP : 
#end
56920.291  -5.748  4.5669  27.487295499697606
56927.221  14.522  5.5327  27.487295499697606
56943.178  61.402  11.811  27.487295499697606
56949.337  55.492  4.431  27.487295499697606
56956.351  36.273  6.1664  27.487295499697606
56961.357  21.427  7.0401  27.487295499697606
56963.242  17.709  16.839  27.487295499697606
56973.168  13.327  6.9326  27.487295499697606
56980.303  8.0516  4.0155  27.487295499697606
56987.303  1.0281  5.8386  27.487295499697606
56992.123  -0.514  12.5  27.487295499697606
57001.288  -63.027  34.023  27.487295499697606
57004.037  2.5231  8.7666  27.487295499697606
57011.085  2.4548  3.7415  27.487295499697606
57017.238  -2.234  6.2738  27.487295499697606
57025.072  7.255  24.477  27.487295499697606
