52837.64780115846    92.75824363129769     26.80043372235278     25    
52838.14780115846    113.74900397222274    25.734527248412515    25    
52838.64780115846    137.1168043740249     26.950174400592186    25    
52839.14780115846    162.9379428671021     35.41719151403158     25    
52839.64780115846    191.25455869174073    43.138878345372426    25    
52840.14780115846    222.15848050819486    44.712310208763085    25    
52840.64780115846    255.6775559390555     43.99716425923962     25    
52841.14780115846    291.9166662501119     44.047988394121234    25    
52841.64780115846    330.89184547058       44.13016819105991     25    
52842.14780115846    372.7185494474634     44.17136609963254     25    
52842.64780115846    417.40347664092394    44.176110248377434    25    
52843.14780115846    465.07017945486035    44.140928053789914    25    
52843.64780115846    515.7184988046985     44.072335705093735    25    
52844.14780115846    569.5281299632338     44.04401187830559     25    
52844.64780115846    626.4629544811883     44.03026349126685     25    
52845.14780115846    686.4939380669655     43.56868843059525     25    
52845.64780115846    749.647587517629      42.658021311576704    25    
52846.14780115846    812.6571878813563     42.36944595270768     25    
52846.64780115846    875.7493435091822     42.784201890256334    25    
52847.14780115846    934.5298818186665     43.17487305924524     25    
52847.64780115846    989.0056668070026     43.48984379241778     25    
52848.14780115846    1035.5523920038117    43.680536555278       25    
52848.64780115846    1073.1938792340873    43.682789469586375    25    
52849.14780115846    1103.6263151991525    43.74654603531845     25    
52849.64780115846    1126.428835483078     43.941152513688095    25    
52850.14780115846    1144.8208703137072    44.20360000312275     25    
52850.64780115846    1159.4215575960147    44.59235268503413     25    
52851.14780115846    1172.457584498967     44.85422853569968     25    
52851.64780115846    1185.5095794436377    45.301364995903356    25    
52852.14780115846    1197.9342249924168    44.51086092732966     25    
52852.64780115846    1210.1659813676056    40.06555027012355     25    
52853.14780115846    1221.0174333709278    35.18998225504793     25    
52853.64780115846    1229.6816103716303    34.69902321598265     25    
52854.14780115846    1235.626076654804     35.71254751134345     25    
52854.64780115846    1237.6752107772566    35.70334122120767     25    
52855.14780115846    1236.0466062831342    35.51856889176235     25    
52855.64780115846    1230.3724562453665    35.25357604540757     25    
52856.14780115846    1220.8853552020514    34.97636913841991     25    
52856.64780115846    1207.8893545376204    35.00642222983524     25    
52857.14780115846    1191.423649782278     35.17909434122369     25    
52857.64780115846    1171.8052225638228    35.24535078030494     25    
52858.14780115846    1149.088127355452     35.09829741517895     25    
52858.64780115846    1123.8290335407232    33.53346485232045     25    
52859.14780115846    1096.0337772814325    30.752788938496334    25    
52859.64780115846    1066.4318354003112    29.55653602119001     25    
52860.14780115846    1034.992484785736     29.888639804486083    25    
52860.64780115846    1002.4489168448746    29.91343726546557     25    
52861.14780115846    968.7505625894536     29.64378563691277     25    
52861.64780115846    935.0157846589899     29.277375150149787    25    
52862.14780115846    901.1775844234082     28.7833029999512      25    
52862.64780115846    868.6002076636042     28.518211561372457    25    
52863.14780115846    837.2871285681754     28.590237236426805    25    
52863.64780115846    808.48843947731       28.608407377801022    25    
52864.14780115846    782.4867143173514     28.60760145884023     25    
52864.64780115846    759.3309988892382     27.99244560108159     25    
52865.14780115846    739.2657672291679     26.09263739054844     25    
52865.64780115846    721.5928819573315     24.597953636270027    25    
52866.14780115846    706.1828351507509     24.733485257346167    25    
52866.64780115846    692.5549455231488     25.128152139157553    25    
52867.14780115846    680.4468606361934     25.14331974169177     25    
52867.64780115846    669.620128934036      25.040471347376705    25    
52868.14780115846    659.8163623079578     24.72556584760702     25    
52868.64780115846    650.9449231252033     24.452418159156938    25    
52869.14780115846    642.8322362896175     24.601091673193018    25    
52869.64780115846    635.3852558983818     24.87029636841541     25    
52870.14780115846    628.3913078756456     24.957752041830297    25    
52870.64780115846    621.8133540854883     24.945921789373564    25    
52871.14780115846    615.4539989535492     24.814301701895364    25    
52871.64780115846    609.3049119102891     24.579695995780686    25    
52872.14780115846    603.2117069891615     24.241128725042014    25    
52872.64780115846    597.1652080498176     23.85166853632695     25    
52873.14780115846    591.003546532787      23.73490025292405     25    
52873.64780115846    584.7239963438998     23.79482539432823     25    
52874.14780115846    578.1425652151598     23.574866978192027    25    
52874.64780115846    571.264092309126      23.14524200075322     25    
52875.14780115846    563.88033820777       23.106365988627186    25    
52875.64780115846    556.0012990119848     23.437662214856285    25    
52876.14780115846    547.407662392462      23.653820486623584    25    
52876.64780115846    538.0948459610792     23.75640560174931     25    
52877.14780115846    528.057450591519      23.585368205752914    25    
52877.64780115846    517.2614727641378     22.9661935603938      25    
52878.14780115846    505.97486472934054    23.291128014245768    25    
52878.64780115846    494.19886734962165    25.033699010583863    25    
52879.14780115846    482.1759272312377     26.190831084220097    25    
52879.64780115846    469.94866128429766    26.300364409405496    25    
52880.14780115846    457.63556959137765    26.088753125170527    25    
52880.64780115846    445.2992079737511     25.59968552200301     25    
52881.14780115846    432.91592355114784    25.220434344680857    25    
52881.64780115846    420.49076888572506    25.281994934495703    25    
52882.14780115846    408.01983248407834    25.4664749177328      25    
52882.64780115846    395.4737227301133     25.718158133591853    25    
52883.14780115846    382.9347071755331     25.821605315573397    25    
52883.64780115846    370.4107050682556     25.940712710730327    25    
52884.14780115846    358.0622653803294     25.0355942376749      25    
52884.64780115846    346.06581202595817    20.06247887297368     25    
52885.14780115846    334.5086079185509     11.969783069079009    25    
52885.64780115846    323.6466959595149     9.12389521264258      25    
52886.14780115846    313.4643771478966     10.709513852076245    25    
52886.64780115846    304.1340720196582     10.624324474980176    25    
52887.14780115846    295.57215553749865    10.324009183790874    25    
52887.64780115846    287.63736423542525    10.140139366547363    25    
52888.14780115846    280.3180505388916     10.045272220601335    25    
52888.64780115846    273.42697586146835    10.087443199654478    25    
52889.14780115846    266.9738484558564     10.232626923885835    25    
52889.64780115846    260.8141006121382     10.195284396024963    25    
52890.14780115846    254.95820742659703    10.00075181912438     25    
52890.64780115846    249.38471545462997    9.862418778568058     25    
52891.14780115846    244.09454171458364    9.779024703194537     25    
52891.64780115846    239.07506076889345    9.770335120981391     25    
52892.14780115846    234.32747361181433    9.84560557875664      25    
52892.64780115846    229.83132337224546    9.920666758933537     25    
52893.14780115846    225.58924165255468    9.99811182644698      25    
52893.64780115846    221.564770451211      9.989868930711015     25    
52894.14780115846    217.75683748212495    9.857818324840016     25    
52894.64780115846    214.13085671990675    9.697447487303922     25    
52895.14780115846    210.68255242156636    9.521473125301489     25    
52895.64780115846    207.38071616687054    9.376045259933916     25    
52896.14780115846    204.21771103849076    9.29363976884563      25    
52896.64780115846    201.1660528785163     9.254779107937493     25    
52897.14780115846    198.21401741931268    9.269906361371925     25    
52897.64780115846    195.33857094125955    9.295057250640735     25    
52898.14780115846    192.52317565044618    9.270824748667735     25    
52898.64780115846    189.74983978058737    9.27100644305563      25    
52899.14780115846    186.9968898183063     9.277779577880038     25    
52899.64780115846    184.25133855079991    9.479162134633793     25    
52900.14780115846    181.4868640093071     9.95922042882597      25    