54451.54437233249    127.26614514433349    61.39457660292666     25    
54452.04437233249    161.43257589862347    57.86855021361988     25    
54452.54437233249    200.95859561505685    64.25974811367064     25    
54453.04437233249    246.24961309060535    96.28542072833946     25    
54453.54437233249    297.61382812631507    121.55662220461588    25    
54454.04437233249    355.50318213031034    126.03947549758026    25    
54454.54437233249    420.1809998019339     124.23424081470071    25    
54455.04437233249    492.142440141565      124.97976395182988    25    
54455.54437233249    571.6092677657389     125.66133228647358    25    
54456.04437233249    659.1165442481929     126.18668902144304    25    
54456.54437233249    754.8477891415554     126.59901375861736    25    
54457.04437233249    859.3746515740215     126.90129389857076    25    
54457.54437233249    972.8457210532105     127.18070653045262    25    
54458.04437233249    1096.130644128625     128.03266204165044    25    
54458.54437233249    1228.8050890605025    128.5804036440975     25    
54459.04437233249    1372.023874107294     125.59837728811573    25    
54459.54437233249    1522.5120773290737    121.2775249706001     25    
54460.04437233249    1671.990139635115     122.03751854207691    25    
54460.54437233249    1818.479269815749     125.76000552863643    25    
54461.04437233249    1948.9968775911152    128.63828783254556    25    
54461.54437233249    2063.243984348166     131.1408944304107     25    
54462.04437233249    2147.9167987043325    132.65542760721468    25    
54462.54437233249    2205.6377741201777    133.40047246852833    25    
54463.04437233249    2239.242833171816     134.35804756909505    25    
54463.54437233249    2249.8547904080233    135.37802823862344    25    
54464.04437233249    2248.1114684772924    136.49196378276784    25    
54464.54437233249    2233.868029581018     137.593367791677      25    
54465.04437233249    2217.42766935985      138.02532723192104    25    
54465.54437233249    2198.054421149939     137.56042198352       25    
54466.04437233249    2176.1745429315843    129.11581457368484    25    
54466.54437233249    2151.648643872646     111.5246501074892     25    
54467.04437233249    2119.9090454170923    102.36597568952149    25    
54467.54437233249    2081.0503643561565    103.85153809243005    25    
54468.04437233249    2031.024293721914     103.8006334914111     25    
54468.54437233249    1969.628094152768     101.9756802251554     25    
54469.04437233249    1899.7346218935263    99.77333459012476     25    
54469.54437233249    1821.0141080281494    97.13239649230117     25    
54470.04437233249    1739.9913783815553    95.38766157023748     25    
54470.54437233249    1656.6740502511118    94.86711043972458     25    
54471.04437233249    1576.9501397843408    94.06934225983186     25    
54471.54437233249    1501.5605421821845    93.13391373216915     25    
54472.04437233249    1430.836086645919     88.79450890764507     25    
54472.54437233249    1365.3451948399697    78.53530100754752     25    
54473.04437233249    1302.3392302793006    71.19474886071578     25    
54473.54437233249    1241.667654757216     71.01284082537116     25    
54474.04437233249    1181.1787914904944    71.0181163947336      25    
54474.54437233249    1120.1658072905557    69.58351143286166     25    
54475.04437233249    1059.1822664563551    67.83683040431535     25    
54475.54437233249    997.8290072161976     65.5442379575316      25    
54476.04437233249    938.20158022281       64.07237787435909     25    
54476.54437233249    880.6345133152167     64.4081464727624      25    
54477.04437233249    826.7496720608838     64.65017891622922     25    
54477.54437233249    777.4662471206294     64.67657464250198     25    
54478.04437233249    732.266777185618      62.288214193463745    25    
54478.54437233249    691.5820619391218     53.79622743988013     25    
54479.04437233249    653.6531037975901     45.420951787666354    25    
54479.54437233249    617.9132638325574     44.27857624451105     25    
54480.04437233249    583.108734135337      44.829551580575504    25    
54480.54437233249    548.1279011201665     44.16996268781352     25    
54481.04437233249    513.2761118899807     43.0608131107618      25    
54481.54437233249    478.06084139135265    40.67167617388548     25    
54482.04437233249    443.68150973149017    38.432905772727466    25    
54482.54437233249    410.8247187137175     38.082457362379564    25    
54483.04437233249    380.20711931974984    38.40461760381899     25    
54483.54437233249    352.9254778320047     38.724935042608244    25    
54484.04437233249    328.7671854470618     38.82204792292401     25    
54484.54437233249    308.1923703571867     38.28135092248071     25    
54485.04437233249    290.4884235122761     36.72721094463788     25    
54485.54437233249    274.9804034400618     32.2396797935701      25    
54486.04437233249    261.32904601170014    26.528043235552314    25    
54486.54437233249    248.66365612916516    25.104762455993907    25    
54487.04437233249    236.94179184068574    25.605518826088893    25    
54487.54437233249    225.57140576115444    24.133582275010376    25    
54488.04437233249    214.66518265336666    22.147013213316345    25    
54488.54437233249    204.13582861164323    21.528391916216734    25    
54489.04437233249    193.98069556923585    21.64225906447327     25    
54489.54437233249    184.099700040406      21.627694399032826    25    
54490.04437233249    174.56031395634102    21.521772556616433    25    
54490.54437233249    165.4462723407855     20.5838335156951      25    
54491.04437233249    156.85692678338634    19.260880206425654    25    
54491.54437233249    149.19698241228878    19.404945926722927    25    
54492.04437233249    142.49412099491       20.463665599949422    25    
54492.54437233249    137.252847557935      21.30234181570968     25    
54493.04437233249    133.3724109969123     21.950462145740595    25    
54493.54437233249    130.82446203072996    21.378661978633595    25    
54494.04437233249    129.47411353255282    19.857706844530618    25    
54494.54437233249    128.32523205594654    19.326729695910917    25    
54495.04437233249    127.3741766685828     19.62004168634919     25    
54495.54437233249    125.50092217824972    20.12530414204029     25    
54496.04437233249    122.77224801199173    20.80598964832029     25    
54496.54437233249    118.8076807953951     20.61256969885917     25    
54497.04437233249    113.65068098726559    19.580562524444098    25    
54497.54437233249    108.32765226403667    17.952467201081472    25    
54498.04437233249    102.8149332423506     15.52450491793841     25    
54498.54437233249    98.223768607012       14.504369609735965    25    
54499.04437233249    94.55774087630779     15.276245798833132    25    
54499.54437233249    92.26336905134174     15.72859924879021     25    
54500.04437233249    91.42425809989044     15.747204948856146    25    
54500.54437233249    91.1739692726891      16.363010703318043    25    
54501.04437233249    91.53083300581926     17.6628916595135      25    
54501.54437233249    91.5997895144202      18.638729527454785    25    
54502.04437233249    91.31707426071706     19.30888590143946     25    
54502.54437233249    90.24893057868778     19.113060889263018    25    
54503.04437233249    88.2406739724305      17.65816654232314     25    
54503.54437233249    85.79412950378578     16.668589352298035    25    
54504.04437233249    82.90961823911861     16.57906627129891     25    
54504.54437233249    80.07879510810727     17.474238365635117    25    
54505.04437233249    77.37758954759785     19.54707186983655     25    
54505.54437233249    75.09147090613796     21.18899638908297     25    
54506.04437233249    73.34995493326063     22.18372162064446     25    
54506.54437233249    72.02883339036671     22.510416575117723    25    
54507.04437233249    71.13314275221329     22.003444727467794    25    
54507.54437233249    70.55357735913135     21.029234567099223    25    
54508.04437233249    70.26706169491479     19.581741558688787    25    
54508.54437233249    70.18098624365992     17.914576772094254    25    
54509.04437233249    70.26674549485061     16.134726212705296    25    
54509.54437233249    70.43752606633895     14.402861611235284    25    
54510.04437233249    70.65866017440732     12.845094195379698    25    
54510.54437233249    70.8496628495547      11.846106105539834    25    
54511.04437233249    70.96927175597106     11.293349086825348    25    
54511.54437233249    70.94386261569394     12.817014070542987    25    
54512.04437233249    70.72504626192857     15.8662297761152      25    
54512.54437233249    70.2465913871429      21.69791161703711     25    