#mB  c  mBmB x1x1 cc mBx1 mBc x1c
16.667077681729495  -0.3  0.0009627897119810949  0.00497014132246323  0.0002925568404141527  0.0005553564683879061  0.0004288892757137173  0.00021715007965255042
16.6667217374301  0.3  0.0009590124080624232  0.004752295028749788  0.00029528708839789234  0.00048493153328845357  0.00043798753978387285  0.00018800870504351002
17.171948669222207  0.0  0.001044671900108523  0.0052909058297453  0.0003142707049796936  0.0005384052674637552  0.00046750979583486704  0.00020328414653711244
17.671948669222207  0.0  0.0012219181700172104  0.006245008357298062  0.00035737107368283126  0.000573680951539701  0.0005420921576711053  0.0002156811709804762
18.171948669222207  0.0  0.0015935460914914005  0.008301864961062177  0.0004460356043460037  0.0006315454866622803  0.0007002323131353906  0.000245134743664237
17.670756981902777  -0.15  0.0012724481372390138  0.0066159830374611485  0.0003675530916368565  0.0006232118615634721  0.0005601171360475717  0.00024022935991476716
17.670615321426425  0.15  0.001184106632716047  0.005951646669951384  0.0003505301017834443  0.0005349859143463283  0.0005295516629647887  0.00019639211349529217
18.667077681729495  -0.3  0.003121900405209511  0.01747286518073955  0.0007760492881628723  0.001173037990690647  0.0013134828796636643  0.0004995236914084394
18.666721737430105  0.3  0.001935457974948819  0.009930521804272478  0.0005429715803753983  0.0005094984278368799  0.0008639388200241405  0.0001969908705320486
