54797.44872415704    32.659594925111115    32.65959492511265     25    
54797.94872415704    54.50330341775617     23.34166785833308     25    
54798.44872415704    82.65353108230944     52.809993933870494    25    
54798.94872415704    117.92588502005933    117.92588502005975    25    
54799.44872415704    160.93246987463704    160.93246987463735    25    
54799.94872415704    212.5861048937067     199.08464951699992    25    
54800.44872415704    273.40531384048427    194.55489735178227    25    
54800.94872415704    344.3928655770888     195.17068921130345    25    
54801.44872415704    425.98096551824153    195.58541351613724    25    
54801.94872415704    519.2550696085963     195.588114422254      25    
54802.44872415704    624.5683274462984     195.20819538896265    25    
54802.94872415704    743.081619526617      194.39937425328407    25    
54803.44872415704    875.0763021630444     193.2490185778885     25    
54803.94872415704    1022.076153385144     193.04530664458048    25    
54804.44872415704    1183.7092938663602    191.5836472122577     25    
54804.94872415704    1361.7974469891296    180.18533838405017    25    
54805.44872415704    1552.8943410120035    163.2663741797809     25    
54805.94872415704    1748.062714926343     158.48582754147927    25    
54806.44872415704    1945.3302334847335    161.62214564260063    25    
54806.94872415704    2130.519857623213     163.05637099692177    25    
54807.44872415704    2303.368072366313     164.1388901152214     25    
54807.94872415704    2449.4722776622452    164.20982063600425    25    
54808.44872415704    2571.017261222897     163.61268089071373    25    
54808.94872415704    2668.5648388772233    163.99008862933286    25    
54809.44872415704    2742.9672168436773    165.12564462915503    25    
54809.94872415704    2801.8875747265383    166.9159157642006     25    
54810.44872415704    2845.1836604268346    169.18741443780027    25    
54810.94872415704    2880.1226608069455    170.8835973717434     25    
54811.44872415704    2906.299187946803     171.64987479752781    25    
54811.94872415704    2923.9384389184274    154.3047043193896     25    
54812.44872415704    2933.0232992456963    111.20687420985932    25    
54812.94872415704    2930.2802038530185    84.09444366236296     25    
54813.44872415704    2915.76704148801      90.642651606228       25    
54813.94872415704    2886.6447937034513    93.99805567028625     25    
54814.44872415704    2842.643557048901     93.02637784471464     25    
54814.94872415704    2786.007526591622     91.6772633830922      25    
54815.44872415704    2716.441222703663     89.8264847663436      25    
54815.94872415704    2638.795738847101     89.7155823568033      25    
54816.44872415704    2553.119348806095     92.01184278275652     25    
54816.94872415704    2463.7860574698448    92.74165323979474     25    
54817.44872415704    2371.291254972199     90.42433294964394     25    
54817.94872415704    2277.3171404056625    92.46098410280452     25    
54818.44872415704    2182.2628272103875    101.22098938218522    25    
54818.94872415704    2086.342574921539     107.12038211023201    25    
54819.44872415704    1989.5971296437353    108.26953997286816    25    
54819.94872415704    1892.4637740802548    108.31809642416606    25    
54820.44872415704    1794.908871784581     107.96405761641454    25    
54820.94872415704    1697.7725484923203    106.9319833301652     25    
54821.44872415704    1601.121197681265     104.8186980109114     25    
54821.94872415704    1505.99351570326      103.45104884127502    25    
54822.44872415704    1412.6319361974531    104.14092464962971    25    
54822.94872415704    1321.9520267860212    104.85432491836802    25    
54823.44872415704    1234.330694310315     106.42440804120311    25    
54823.94872415704    1150.335990500012     103.00232804302867    25    
54824.44872415704    1070.3048725651902    85.13762043382225     25    
54824.94872415704    994.5912459438694     65.23531700662633     25    
54825.44872415704    923.434297634082      62.799724043232054    25    
54825.94872415704    857.1695146580611     65.67301068217849     25    
54826.44872415704    796.2559464891215     65.86477695889693     25    
54826.94872415704    740.3693775380152     65.75652374377334     25    
54827.44872415704    689.5904760712407     64.38086815860612     25    
54827.94872415704    643.2612097178666     63.04643840986522     25    
54828.44872415704    600.8247403660899     63.37840530277569     25    
54828.94872415704    561.8782172277218     64.17971505573918     25    
54829.44872415704    525.6894625447545     64.59634892752992     25    
54829.94872415704    492.17743838929016    64.58071532663014     25    
54830.44872415704    460.8427521011806     64.3805284465932      25    
54830.94872415704    431.7683747030964     62.2038345415486      25    
54831.44872415704    404.8552015853738     51.47360070777372     25    
54831.94872415704    380.0838096060091     34.51022271680612     25    
54832.44872415704    357.3710327128115     29.256602165712284    25    
54832.94872415704    336.68913538286665    32.326003986359105    25    
54833.44872415704    317.934301112334      31.63382023805478     25    
54833.94872415704    301.0806254442959     30.368257824068515    25    
54834.44872415704    285.9962732995443     30.62801146343407     25    
54834.94872415704    272.664453365989      31.687446620283716    25    
54835.44872415704    260.97208645624613    32.291695903479045    25    
54835.94872415704    250.8608929486742     32.550395008488415    25    
54836.44872415704    242.0456674924355     31.889611057784414    25    
54836.94872415704    234.46177467669094    30.38143334021191     25    
54837.44872415704    227.54651122533627    27.748995979655593    25    
54837.94872415704    221.28880191280655    24.06232275225651     25    
54838.44872415704    215.06917787395926    22.89884775989998     25    
54838.94872415704    208.92842035763584    23.91492050938063     25    
54839.44872415704    202.573269733517      22.99587274872934     25    
54839.94872415704    196.0448530068674     20.387976116151894    25    
54840.44872415704    189.6136436368868     18.96549443215796     25    
54840.94872415704    183.27559635154205    18.83474900061205     25    
54841.44872415704    177.3230495871216     19.307262019986837    25    
54841.94872415704    171.74953837718974    20.35920776187732     25    
54842.44872415704    166.74467257626017    20.45888201182208     25    
54842.94872415704    162.31110113357374    19.558089369187446    25    
54843.44872415704    158.45856445040022    18.64214832452821     25    
54843.94872415704    155.18790637748316    17.713758144286622    25    
54844.44872415704    152.51272697753183    17.53215904822893     25    
54844.94872415704    150.4445703974043     18.343812133508134    25    
54845.44872415704    148.88794330644862    18.313633038208902    25    
54845.94872415704    147.8695496564372     16.99923897625829     25    
54846.44872415704    147.08375914235248    16.239460710832674    25    
54846.94872415704    146.52505625825427    16.500813712219525    25    
54847.44872415704    145.8925877810454     17.090383645834354    25    
54847.94872415704    145.14113348334288    18.085242124818627    25    
54848.44872415704    144.13180532468334    18.300369106737104    25    
54848.94872415704    142.78514279117124    17.160213359427704    25    
54849.44872415704    141.27318729780518    16.090117911881297    25    
54849.94872415704    139.6038428174219     15.431362883176574    25    
54850.44872415704    137.93271182915822    15.800060627508303    25    
54850.94872415704    136.30206513033232    17.801559829716123    25    
54851.44872415704    134.79799711390763    19.447799002621696    25    
54851.94872415704    133.47953852012395    20.192985038202213    25    
54852.44872415704    132.3084029613225     20.385742752477768    25    
54852.94872415704    131.28607965124704    19.924140038563912    25    
54853.44872415704    130.3846705795341     19.12465091221006     25    
54853.94872415704    129.5935810224341     18.078827439655292    25    
54854.44872415704    128.89115510640684    16.987958718875024    25    
54854.94872415704    128.26478099185113    16.094400752148154    25    
54855.44872415704    127.69490162739388    15.380582733302523    25    
54855.94872415704    127.16672464495069    15.083662024906683    25    
54856.44872415704    126.6629466486398     14.72527853732403     25    
54856.94872415704    126.16645706718512    13.432285347125696    25    
54857.44872415704    125.66227411820238    12.254983445377235    25    
54857.94872415704    125.13102334400732    12.119823396428869    25    
54858.44872415704    124.55991713192117    13.727126956766961    25    
54858.94872415704    123.92746856086987    16.62060712648684     25    