#Date  :
#Flux  :
#Fluxerr  :
#ZP  :
#end  :
@INSTRUMENT  PS
@BAND  PS_g
@MAGSYS  AB
55086.6015625  -88.9990005493164  30.6200008392334  27.5002
55089.6015625  -55.362998962402344  20.999000549316406  27.5002
55092.6015625  -34.7859992980957  15.897000312805176  27.5002
55095.6015625  -8.680999755859375  18.591999053955078  27.5002
55098.6015625  -23.52199935913086  23.709999084472656  27.5002
55101.6015625  -22.297000885009766  17.881000518798828  27.5002
55104.6015625  -14.866000175476074  22.934999465942383  27.5002
55170.3984375  -143.51400756835938  46.04800033569336  27.5002
55188.30078125  -16.658000946044922  19.4689998626709  27.5002
55191.30078125  17.891000747680664  17.93000030517578  27.5002
55203.30078125  16.43600082397461  15.616000175476074  27.5002
55221.19921875  -2.318000078201294  20.075000762939453  27.5002
55446.6015625  0.7009999752044678  13.85099983215332  27.5002
55449.6015625  -2.6600000858306885  13.121000289916992  27.5002
55452.6015625  -5.052999973297119  15.291000366210938  27.5002
55455.6015625  18.090999603271484  18.22599983215332  27.5002
55458.6015625  -5.013999938964844  16.549999237060547  27.5002
55467.6015625  96.96499633789062  58.45500183105469  27.5002
55476.6015625  -3.6029999256134033  14.454000473022461  27.5002
55479.5  7.005000114440918  18.246000289916992  27.5002
55482.5  -0.8989999890327454  16.534000396728516  27.5002
55485.5  11.803999900817871  18.517000198364258  27.5002
55500.5  -2.5999999046325684  13.869000434875488  27.5002
55503.5  8.876999855041504  21.48900032043457  27.5002
55509.3984375  7.171999931335449  14.315999984741211  27.5002
55518.3984375  -16.996000289916992  23.791000366210938  27.5002
55524.3984375  3.8340001106262207  37.683998107910156  27.5002
55545.3984375  252.2429962158203  23.08300018310547  27.5002
55548.3984375  222.03599548339844  44.54399871826172  27.5002
55557.30078125  224.1840057373047  18.77899932861328  27.5002
55596.19921875  -5.255000114440918  15.439000129699707  27.5002
55821.6015625  -10.791999816894531  23.733999252319336  27.5002
55824.6015625  -7.714000225067139  16.30699920654297  27.5002
55828.6015625  -5.328999996185303  14.324999809265137  27.5002
55833.6015625  36.32500076293945  19.96500015258789  27.5002
55836.6015625  3.4059998989105225  21.63800048828125  27.5002
55852.5  12.109000205993652  28.58099937438965  27.5002
55858.5  -3.0329999923706055  13.232999801635742  27.5002
55863.5  -19.261999130249023  17.805999755859375  27.5002
55869.5  4.961999893188477  23.301000595092773  27.5002
55889.3984375  3.1010000705718994  12.85200023651123  27.5002
55895.3984375  -5.940999984741211  13.425999641418457  27.5002
55911.3984375  9.984999656677246  16.361000061035156  27.5002
55947.30078125  -10.930999755859375  15.3149995803833  27.5002
55955.19921875  -6.946000099182129  19.045000076293945  27.5002
56206.5  7.8379998207092285  18.249000549316406  27.5002
56209.5  -3.9779999256134033  15.295999526977539  27.5002
56214.5  -9.329999923706055  18.424999237060547  27.5002
56217.5  -0.2639999985694885  15.125  27.5002
56220.5  9.866000175476074  26.368000030517578  27.5002
56235.3984375  22.898000717163086  19.503000259399414  27.5002
56238.3984375  53.13399887084961  23.974000930786133  27.5002
56268.3984375  19.124000549316406  15.52400016784668  27.5002
56271.3984375  -0.4620000123977661  16.308000564575195  27.5002
56309.19921875  8.378999710083008  22.66200065612793  27.5002
56545.6015625  9.60200023651123  16.04599952697754  27.5002
56563.6015625  63.06100082397461  26.82699966430664  27.5002
56590.5  -11.694999694824219  15.003999710083008  27.5002
56593.5  21.222999572753906  17.549999237060547  27.5002
56622.3984375  21.07699966430664  17.34600067138672  27.5002
56625.3984375  10.22700023651123  19.06599998474121  27.5002
56630.3984375  9.631999969482422  18.909000396728516  27.5002
56633.3984375  12.446000099182129  16.773000717163086  27.5002
56636.30078125  -12.097000122070312  24.31100082397461  27.5002
56652.30078125  -7.835999965667725  16.775999069213867  27.5002
56655.30078125  10.1899995803833  15.215999603271484  27.5002
56663.30078125  23.52199935913086  19.110000610351562  27.5002
