54347.54701901132    2.7599941866446085    0.8294472466163106     25    
54348.04701901132    3.235531342396238     0.8204830717680697     25    
54348.54701901132    3.747084556647653     0.8290472071660266     25    
54349.04701901132    4.29376073271576      0.935625219146313      25    
54349.54701901132    4.875799825047417     1.1063140174231199     25    
54350.04701901132    5.492165628531754     1.2110929634644405     25    
54350.54701901132    6.142902472333643     1.2281837118658838     25    
54351.04701901132    6.827452021638192     1.2196985400240816     25    
54351.54701901132    7.545154978996053     1.225020844289801      25    
54352.04701901132    8.296130377779464     1.230607938184715      25    
54352.54701901132    9.079319825524395     1.2348434546247247     25    
54353.04701901132    9.894932947176631     1.2376990962683636     25    
54353.54701901132    10.74215542133441     1.2395886637216218     25    
54354.04701901132    11.620622210319455    1.2403263713022188     25    
54354.54701901132    12.530210505354695    1.240563321668186      25    
54355.04701901132    13.470735211789032    1.2396373803756262     25    
54355.54701901132    14.443217363990835    1.2349514292938275     25    
54356.04701901132    15.43903211884781     1.2515153567092616     25    
54356.54701901132    16.473291687669096    1.308037945716392      25    
54357.04701901132    17.50778905020985     1.3703320202845373     25    
54357.54701901132    18.502652101718496    1.4044799452608665     25    
54358.04701901132    19.466244615684765    1.4225423971727607     25    
54358.54701901132    20.313951771763065    1.4375764494530123     25    
54359.04701901132    21.055041725819507    1.4515795723489975     25    
54359.54701901132    21.64399876344828     1.4596035489896912     25    
54360.04701901132    22.02533361107455     1.4561794195443893     25    
54360.54701901132    22.230854767582827    1.4462583289397586     25    
54361.04701901132    22.29131149240028     1.4431468007636374     25    
54361.54701901132    22.190594935118316    1.445920532993298      25    
54362.04701901132    22.009730666349075    1.4525238263577138     25    
54362.54701901132    21.762901618752903    1.466772629083724      25    
54363.04701901132    21.47317021701806     1.4805151869411617     25    
54363.54701901132    21.211045669406214    1.485105964369335      25    
54364.04701901132    20.959462380814077    1.4833537906158356     25    
54364.54701901132    20.735006632071503    1.4383648122347281     25    
54365.04701901132    20.544808907178574    1.3084888421578396     25    
54365.54701901132    20.375377068328582    1.1722252295093991     25    
54366.04701901132    20.21995098426342     1.1434913812228849     25    
54366.54701901132    20.079190599983384    1.1786018560385805     25    
54367.04701901132    19.940510005629243    1.192465288745526      25    
54367.54701901132    19.80723808503835     1.1858547089487341     25    
54368.04701901132    19.66644548190047     1.1750865098829724     25    
54368.54701901132    19.51451754175631     1.1604605104605832     25    
54369.04701901132    19.347766012517873    1.1458607917458734     25    
54369.54701901132    19.15156665640597     1.1459154321392462     25    
54370.04701901132    18.929721717303778    1.1594021464075153     25    
54370.54701901132    18.6673285965115      1.1665697936658606     25    
54371.04701901132    18.359226560077236    1.1668598215499384     25    
54371.54701901132    18.011079608201804    1.1539121626027624     25    
54372.04701901132    17.62277655813987     1.1058275449879513     25    
54372.54701901132    17.195676812678254    1.030067567328344      25    
54373.04701901132    16.74586185841445     0.9863286302712283     25    
54373.54701901132    16.2703023811748      0.9911484050868669     25    
54374.04701901132    15.781057789129491    1.0022160047261246     25    
54374.54701901132    15.28372216335454     0.9955340928128882     25    
54375.04701901132    14.780385723399968    0.9829501634434888     25    
54375.54701901132    14.287364362167855    0.9652068050847854     25    
54376.04701901132    13.800204403787092    0.9399888615176906     25    
54376.54701901132    13.336870593111504    0.9222916066249478     25    
54377.04701901132    12.898935559507445    0.9222525175648788     25    
54377.54701901132    12.493493711318875    0.9274941897078418     25    
54378.04701901132    12.136169561964527    0.9210902754681141     25    
54378.54701901132    11.82276049234431     0.908177004489407      25    
54379.04701901132    11.557979923747029    0.9225107385382613     25    
54379.54701901132    11.344204773701327    0.9771746895191746     25    
54380.04701901132    11.175133446589971    1.030467395980801      25    
54380.54701901132    11.047757296356705    1.0554811404809001     25    
54381.04701901132    10.961956179401165    1.0671606488747356     25    
54381.54701901132    10.911228515197463    1.0738931654611197     25    
54382.04701901132    10.897816516505646    1.0749820708743578     25    
54382.54701901132    10.912092233571736    1.0713570980317455     25    
54383.04701901132    10.953149209922099    1.0595699464870867     25    
54383.54701901132    11.016178230781303    1.0471332930297246     25    
54384.04701901132    11.089867575563792    1.0502933098343161     25    
54384.54701901132    11.177217615492768    1.0659250327344763     25    
54385.04701901132    11.264494333789475    1.0775264460756013     25    
54385.54701901132    11.35046927510656     1.0830311146110638     25    
54386.04701901132    11.433371004921884    1.083165025151478      25    
54386.54701901132    11.508152998938296    1.0779154927749983     25    
54387.04701901132    11.576996297247394    1.0657080889191017     25    
54387.54701901132    11.642512008267275    1.0312014272026209     25    
54388.04701901132    11.7041129767075      0.9614418632622523     25    
54388.54701901132    11.764052982063884    0.9012106961044369     25    
54389.04701901132    11.82423436660494     0.8924401933524404     25    
54389.54701901132    11.883235421154808    0.9065650527969291     25    
54390.04701901132    11.940359466818046    0.9080338499149461     25    
54390.54701901132    11.99629667205334     0.9016478678301876     25    
54391.04701901132    12.044569800863117    0.9029172080128336     25    
54391.54701901132    12.085216916139576    0.9200604498587853     25    
54392.04701901132    12.115101609091061    0.9390345016184224     25    
54392.54701901132    12.129232033460399    0.9474902636562538     25    
54393.04701901132    12.128968942024935    0.9493890942786865     25    
54393.54701901132    12.111068774837614    0.9416575321178307     25    
54394.04701901132    12.074962478279168    0.9213175092020706     25    
54394.54701901132    12.02235536627169     0.8972439886163396     25    
54395.04701901132    11.953728723210643    0.8735231559122975     25    
54395.54701901132    11.86927373655968     0.8507820089899403     25    
54396.04701901132    11.770593323014918    0.8421783184840275     25    
54396.54701901132    11.65734592040407     0.8496228849650409     25    
54397.04701901132    11.530595844102866    0.85128976022271       25    
54397.54701901132    11.39066293550979     0.8340229578076904     25    
54398.04701901132    11.237567038465773    0.8131597653164593     25    
54398.54701901132    11.071705286134051    0.806319569389774      25    
54399.04701901132    10.892976897511877    0.8092293873369761     25    
54399.54701901132    10.701813893741884    0.8134659671270947     25    
54400.04701901132    10.497440484267049    0.8207846533876936     25    
54400.54701901132    10.282309881278819    0.823940017686289      25    
54401.04701901132    10.057067680831567    0.8189870888591945     25    
54401.54701901132    9.8227858683851       0.8044258812905347     25    
54402.04701901132    9.586746248277493     0.7568055737245586     25    
54402.54701901132    9.347163795473318     0.6566519742386457     25    
54403.04701901132    9.110792444229693     0.56688954568361       25    
54403.54701901132    8.880210424782456     0.5564638989677116     25    
54404.04701901132    8.655598878484275     0.5785542150955049     25    
54404.54701901132    8.441451887193505     0.5752468017305552     25    
54405.04701901132    8.236947285709716     0.5576659551918552     25    
54405.54701901132    8.039724748374793     0.5422109636149224     25    
54406.04701901132    7.850100140321609     0.5316563013968063     25    
54406.54701901132    7.666455144443355     0.5248790384432901     25    
54407.04701901132    7.486948925816793     0.525503094154985      25    
54407.54701901132    7.312044876797909     0.5310865784470903     25    
54408.04701901132    7.140003181042315     0.5298717800247084     25    
54408.54701901132    6.970661063145397     0.5205486639758655     25    
54409.04701901132    6.80479197542476      0.5087148156480519     25    
54409.54701901132    6.642512941256466     0.50059117325918       25    
54410.04701901132    6.484023513719079     0.4889829827396235     25    
54410.54701901132    6.330133308470968     0.4548121833686301     25    
54411.04701901132    6.180660023969587     0.39088449274637294    25    
54411.54701901132    6.0361418223195775    0.33818607676379964    25    
54412.04701901132    5.896796615005649     0.3303684718454494     25    
54412.54701901132    5.762426058025161     0.3388992089116333     25    
54413.04701901132    5.632981410438853     0.33632385370385587    25    
54413.54701901132    5.508467652430898     0.33088954970752116    25    
54414.04701901132    5.388686187415759     0.32510426374371       25    
54414.54701901132    5.273668603491239     0.31867666252209453    25    
54415.04701901132    5.163278682774841     0.3127188638944301     25    
54415.54701901132    5.057432021225903     0.3083667509666505     25    
54416.04701901132    4.956121868877822     0.3051723786016629     25    
54416.54701901132    4.859164516645408     0.3027020241125196     25    
54417.04701901132    4.766606395755064     0.3002989720502972     25    
54417.54701901132    4.6782727007602665    0.3026643224418577     25    
54418.04701901132    4.594138874417115     0.31326325145175904    25    
54418.54701901132    4.5141402007696145    0.3269620215635657     25    
54419.04701901132    4.43812591587446      0.33571727746728613    25    
54419.54701901132    4.366135131059024     0.34159309766566043    25    
54420.04701901132    4.297974131137633     0.36375912633073604    25    