#Date  :
#Flux  :
#Fluxerr  :
#ZP  :
#end  :
@INSTRUMENT  SDSS
@BAND  SDSS_z
@MAGSYS  AB
53622.195722  -2.54  4.711  23.909419999999997
53625.191297  2.317  3.534  23.909419999999997
53627.152395  -1.402  4.195  23.909419999999997
53634.144501  -4.151  5.607  23.909419999999997
53636.149836  -1.747  3.506  23.909419999999997
53645.208746  3.263  4.555  23.909419999999997
53655.120221  2.994  3.926  23.909419999999997
53657.207619  21.9  15.7  23.909419999999997
53664.144618  3.758  4.491  23.909419999999997
53666.107928  0.2415  4.006  23.909419999999997
53669.103241  8.105  3.628  23.909419999999997
53674.086803  6.336  4.055  23.909419999999997
53676.176457  5.456  5.413  23.909419999999997
53685.097883  2.114  5.772  23.909419999999997
53687.135851  1.33  4.202  23.909419999999997
53700.093442  -1.281  4.289  23.909419999999997
53705.079447  0.7471  5.127  23.909419999999997
