52369.23024402004    922.7790745901949     339.9957826438489     25    
52369.73024402004    1106.088730358407     334.56342001241177    25    
52370.23024402004    1302.6804231917502    361.7286909915806     25    
52370.73024402004    1511.6803719538113    480.48666525250985    25    
52371.23024402004    1732.3498451455844    578.8710584084318     25    
52371.73024402004    1963.7493050003916    597.386201810058      25    
52372.23024402004    2205.2043620987242    592.0402392904447     25    
52372.73024402004    2455.7125511451763    595.290732584426      25    
52373.23024402004    2714.6609956982056    596.9187784944763     25    
52373.73024402004    2980.987132035193     596.3947677292218     25    
52374.23024402004    3254.1367675910565    594.3552212104911     25    
52374.73024402004    3532.9900693174764    590.9431921507585     25    
52375.23024402004    3817.048699424302     587.6879075260186     25    
52375.73024402004    4105.561078873316     592.5183626014638     25    
52376.23024402004    4397.058305539616     592.7665001553465     25    
52376.73024402004    4691.657834969917     553.6840279865015     25    
52377.23024402004    4981.989583883175     505.9453747463756     25    
52377.73024402004    5256.150044287374     525.264562992705      25    
52378.23024402004    5508.092002347955     571.7786397278331     25    
52378.73024402004    5719.220615336813     597.39214062296       25    
52379.23024402004    5887.152799913167     615.7098280916031     25    
52379.73024402004    5990.924521069884     624.6366746071836     25    
52380.23024402004    6039.901468684376     635.3997415131867     25    
52380.73024402004    6042.7808423752695    681.7391838357082     25    
52381.23024402004    6006.569977284342     743.3944683976933     25    
52381.73024402004    5955.865051111117     801.6444887216365     25    
52382.23024402004    5892.910161780058     846.8159461116174     25    
52382.73024402004    5843.813595291828     826.6558239120296     25    
52383.23024402004    5803.799474822969     757.3260477784168     25    
52383.73024402004    5775.272896698489     660.6899692493953     25    
52384.23024402004    5754.954634616822     535.7616700768026     25    
52384.73024402004    5731.73014258829      491.74600713501195    25    
52385.23024402004    5705.147370097951     516.6353356529795     25    
52385.73024402004    5663.811294990727     527.3009764387402     25    
52386.23024402004    5609.377542295398     535.9723549557386     25    
52386.73024402004    5541.026627770496     544.9943564631973     25    
52387.23024402004    5459.827870461582     556.9153245931683     25    
52387.73024402004    5371.540043041402     595.6345828331949     25    
52388.23024402004    5276.214922013996     647.4591404998068     25    
52388.73024402004    5179.624210636894     652.9065611205431     25    
52389.23024402004    5081.205150335285     621.7779322800831     25    
52389.73024402004    4981.440554440839     573.6188069777824     25    
52390.23024402004    4880.012029649503     506.3787318907439     25    
52390.73024402004    4773.785529535965     487.9923911905485     25    
52391.23024402004    4662.80573356838      516.2354203250812     25    
52391.73024402004    4543.906678900664     531.7081855800631     25    
52392.23024402004    4417.4018967421325    537.9731708671928     25    
52392.73024402004    4287.018408984329     534.8220801749025     25    
52393.23024402004    4152.805215404917     522.7340320444572     25    
52393.73024402004    4023.604920281569     540.8638349373263     25    
52394.23024402004    3899.290145509573     586.3888098486963     25    
52394.73024402004    3788.560453833471     609.1010875120395     25    
52395.23024402004    3691.444164387501     610.7204179429297     25    
52395.73024402004    3609.9077346141507    606.0110836777125     25    
52396.23024402004    3544.1606842166407    594.1212663494842     25    
52396.73024402004    3490.737571714072     600.9741185931241     25    
52397.23024402004    3449.6712780204684    629.4838709136948     25    
52397.73024402004    3417.8414048275845    638.3677378562704     25    
52398.23024402004    3395.1549574359574    625.7425935687039     25    
52398.73024402004    3379.836027107339     588.3974555296537     25    
52399.23024402004    3371.7587183040846    515.2693966762744     25    
52399.73024402004    3370.3214506825       461.97618181442147    25    
52400.23024402004    3375.5104749883835    446.7117018581576     25    
52400.73024402004    3386.644641264126     443.581912676425      25    
52401.23024402004    3403.74733838663      452.0353102535321     25    
52401.73024402004    3425.828241033181     453.6693957170067     25    
52402.23024402004    3452.8988407677416    442.4692020373323     25    
52402.73024402004    3483.6787746619107    439.83328959043075    25    
52403.23024402004    3518.1039159893085    451.2067656104538     25    
52403.73024402004    3554.9404243017416    463.69922759935315    25    
52404.23024402004    3594.052440157708     477.14756070983753    25    
52404.73024402004    3634.5141555164146    479.4734732590182     25    
52405.23024402004    3676.175608643785     462.7760449235004     25    
52405.73024402004    3718.4322961708513    455.5078357478304     25    
52406.23024402004    3761.202690618341     470.4580981079878     25    
52406.73024402004    3803.864827513936     477.9711382846477     25    
52407.23024402004    3846.210282862723     469.70980931163484    25    
52407.73024402004    3888.195075394099     453.07789088858334    25    
52408.23024402004    3929.627989568045     418.2698839778848     25    
52408.73024402004    3971.1294796472207    412.11005093166045    25    
52409.23024402004    4012.7964572948604    465.6182013019824     25    
52409.73024402004    4055.1376690907396    511.51344643141226    25    
52410.23024402004    4098.845368036213     529.8557754480638     25    
52410.73024402004    4142.122858163613     544.2662367800173     25    
52411.23024402004    4185.459498472991     552.0172003417164     25    
52411.73024402004    4224.198455778864     584.2075884780245     25    
52412.23024402004    4257.079378893206     665.5131192022973     25    
52412.73024402004    4280.078087320696     733.0635147403921     25    
52413.23024402004    4290.911107360731     774.2159910499252     25    
52413.73024402004    4288.3238832854495    776.770297052017      25    
52414.23024402004    4270.23954166286      711.9082877441907     25    
52414.73024402004    4239.028721073714     614.3221203214371     25    
52415.23024402004    4195.275350507078     487.741730821665      25    
52415.73024402004    4140.6002769075385    359.26204760099824    25    
52416.23024402004    4075.933288505177     324.51474164421256    25    
52416.73024402004    4002.7539223540803    336.24275813067027    25    
52417.23024402004    3922.097378688636     346.5712618756985     25    
52417.73024402004    3835.4270656794565    373.9692922183474     25    
52418.23024402004    3743.9629012657806    423.2122955082763     25    
52418.73024402004    3649.04109503935      471.9648160562253     25    
52419.23024402004    3552.083923989649     513.0370147531635     25    
52419.73024402004    3454.069400728444     534.4395112408675     25    
52420.23024402004    3356.4310473690693    512.1310934127431     25    
52420.73024402004    3259.644494131006     465.81981352270844    25    
52421.23024402004    3164.648580737891     406.70254413090896    25    
52421.73024402004    3071.987322027325     336.7494852095097     25    
52422.23024402004    2982.687164483405     276.85659386240377    25    
52422.73024402004    2896.9710470350064    227.51949431687342    25    
52423.23024402004    2815.7511995875134    209.094465024115      25    
52423.73024402004    2738.6786961567977    212.16750545582997    25    
52424.23024402004    2665.6801376615645    212.48665717588625    25    
52424.73024402004    2596.620473130419     215.0548729815716     25    
52425.23024402004    2531.2660297933867    216.0706636534908     25    
52425.73024402004    2469.5356256748614    216.62513448883658    25    
52426.23024402004    2411.1869033920916    217.00175452432035    25    
52426.73024402004    2356.1481214156097    216.66097833792008    25    
52427.23024402004    2304.167755889151     213.97863756598295    25    
52427.73024402004    2255.1829577841304    210.25700051660013    25    
52428.23024402004    2208.9335847160232    205.50709924763657    25    
52428.73024402004    2165.365132211885     204.50280851392262    25    
52429.23024402004    2124.2093873041736    210.6933510333515     25    
52429.73024402004    2085.419642130337     238.93836695180806    25    
52430.23024402004    2048.720161085066     307.35448196086185    25    