#mB  c  mBmB x1x1 cc mBx1 mBc x1c
24.963478601796275  -0.3  0.0015750372441453095  0.16944147008303753  0.0024030864385709357  0.0062752639798707936  0.0013991932395080718  -0.0009517596740204107
24.96461415100024  0.3  0.001367493362267047  0.11896375738256204  0.0015185256779153393  0.004509493851759917  0.001134147890235184  -0.0007481121222616522
25.46918716459755  0.0  0.0029524271540491667  0.32294616852449604  0.0035939229945475696  0.011727740631566005  0.0024558241515618725  -0.0018796833442623303
25.969187164597546  0.0  0.0066755683806694775  0.7739425580144341  0.007970598297263803  0.027670048129421435  0.005485831992532762  -0.004543433136941752
26.46918716459755  0.0  0.01601986230823672  1.9043778377585594  0.018960764071269783  0.06761356580650059  0.013094785842228753  -0.011215144625656355
25.967599333659766  -0.15  0.007082134096975112  0.8638377400264249  0.009524823292443646  0.030735695240681427  0.005981691719023773  -0.0051931668750642935
25.96820399937144  0.15  0.006276373950584926  0.6859347537719572  0.006772649288288329  0.02463520596422831  0.00505183665405843  -0.0040032152131746985
26.963478601796275  -0.3  0.04474256912498551  5.891466110935248  0.06918680990736288  0.20662117134780528  0.039002664098949036  -0.037616244780939306
26.96461415100024  0.3  0.034334877299625165  3.6184205609827877  0.032992650946080636  0.1291941623315149  0.026925208403208  -0.020641880169139634
