52470.03985101118    0.0                       1e-05                     25    
52470.53985101118    0.0                       1e-05                     25    
52471.03985101118    0.0                       1e-05                     25    
52471.53985101118    0.0                       1e-05                     25    
52472.03985101118    0.0                       1e-05                     25    
52472.53985101118    0.0                       1e-05                     25    
52473.03985101118    0.0                       1e-05                     25    
52473.53985101118    0.0                       1e-05                     25    
52474.03985101118    0.0                       1e-05                     25    
52474.53985101118    0.0                       1e-05                     25    
52475.03985101118    0.0                       1e-05                     25    
52475.53985101118    0.0                       1e-05                     25    
52476.03985101118    0.0                       1e-05                     25    
52476.53985101118    0.0                       1e-05                     25    
52477.03985101118    0.0                       1e-05                     25    
52477.53985101118    0.0                       1e-05                     25    
52478.03985101118    0.0                       1e-05                     25    
52478.53985101118    0.0                       1e-05                     25    
52479.03985101118    0.0                       1e-05                     25    
52479.53985101118    0.0                       1e-05                     25    
52480.03985101118    0.0                       1e-05                     25    
52480.53985101118    0.0                       1e-05                     25    
52481.03985101118    0.0                       1e-05                     25    
52481.53985101118    0.0                       1e-05                     25    
52482.03985101118    1.8657606759464394e-06    1.0172564224417957e-05    25    
52482.53985101118    9.427582212153428e-05     9.480469733452648e-05     25    
52483.03985101118    0.00018668588356712213    0.00018695352129135487    25    
52483.53985101118    0.00027909594501271146    0.00027927503741390574    25    
52484.03985101118    0.0003715060064582993     0.00037164056941431183    25    
52484.53985101118    0.0004923872691241634     0.0004924888047413376     25    
52485.03985101118    0.0007558228894982334     0.0007558890396675022     25    
52485.53985101118    0.001073477889671903      0.0010735244662393318     25    
52486.03985101118    0.0014525227313473771     0.0014525571538087044     25    
52486.53985101118    0.0019001278762268451     0.001900154190063096      25    
52487.03985101118    0.002421628147816723      0.0024216487949944875     25    
52487.53985101118    0.0030072143545084337     0.0030072309811455416     25    
52488.03985101118    0.0036599267720637        0.0036599404335137223     25    
52488.53985101118    0.004386935862184698      0.0043869472596467585     25    
52489.03985101118    0.005195412086573635      0.005195421710440397      25    
52489.53985101118    0.0060883957209922485     0.005740400748525281      25    
52490.03985101118    0.007056077573831906      0.005998980031626111      25    
52490.53985101118    0.008103792468599082      0.00627904461393189       25    
52491.03985101118    0.009238710866995944      0.006576779619697387      25    
52491.53985101118    0.010468003230724665      0.006889341841546135      25    
52492.03985101118    0.011791497468704445      0.007218175423139225      25    
52492.53985101118    0.013201220027522402      0.007564102051651798      25    
52493.03985101118    0.01470388245933179       0.007918323897740972      25    
52493.53985101118    0.01630665522583484       0.008273790516327487      25    
52494.03985101118    0.018016708788733692      0.008625052557644085      25    
52494.53985101118    0.019829740871007043      0.008308892622560654      25    
52495.03985101118    0.021741449195633616      0.007310153939601329      25    
52495.53985101118    0.023759004224315573      0.006757925793275476      25    
52496.03985101118    0.025889576418755087      0.00794171958682371       25    
52496.53985101118    0.02813987733110549       0.011080909447374972      25    
52497.03985101118    0.030501933407953815      0.015645005749835045      25    
52497.53985101118    0.03297557255821926       0.020151294025652258      25    
52498.03985101118    0.03556796524360413       0.02390260165357231       25    
52498.53985101118    0.03828628192581046       0.02657841269502029       25    
52499.03985101118    0.04113585742834471       0.027948511648368736      25    
52499.53985101118    0.04410688255959845       0.028375967448526957      25    
52500.03985101118    0.04720239759533317       0.028271904449013164      25    
52500.53985101118    0.050429572997251156      0.027933177050992287      25    
52501.03985101118    0.05379557922705465       0.02764734397060681       25    
52501.53985101118    0.05730345656050536       0.02761086309640765       25    
52502.03985101118    0.06094339580599456       0.02760681082017229       25    
52502.53985101118    0.06472073178702896       0.02759889200206128       25    
52503.03985101118    0.06864263496531049       0.027584518524266327      25    
52503.53985101118    0.07271627580254135       0.027561398354033557      25    
52504.03985101118    0.07694148220764094       0.027529273516922664      25    
52504.53985101118    0.0813102806271962        0.027491256272484322      25    
52505.03985101118    0.08582938261336034       0.027448144742993764      25    
52505.53985101118    0.09050595862783581       0.027400820709136398      25    
52506.03985101118    0.09534717913232449       0.027350321041987417      25    
52506.53985101118    0.10034874184980523       0.02729405253510645       25    
52507.03985101118    0.10550634450325677       0.027232714425167892      25    
52507.53985101118    0.11082715755438119       0.02717244093258733       25    
52508.03985101118    0.11631835146488068       0.02711943303182596       25    
52508.53985101118    0.12198725419784721       0.027083843851977343      25    
52509.03985101118    0.1278414096752322        0.027166692730280866      25    
52509.53985101118    0.1338725520623277        0.02731087811680789       25    
52510.03985101118    0.14006775146414646       0.027385780927335197      25    
52510.53985101118    0.14641407798570022       0.027264368201999595      25    
52511.03985101118    0.15291795290324936       0.026800673541973234      25    
52511.53985101118    0.15970078472469013       0.02583718989090373       25    
52512.03985101118    0.16666467245985966       0.02457373094261967       25    
52512.53985101118    0.17365997213878895       0.023296804938886837      25    
52513.03985101118    0.18053703979150848       0.02234539126564331       25    
52513.53985101118    0.1872467729830927        0.0220398171044516        25    
52514.03985101118    0.1940285746116128        0.022262096655636318      25    
52514.53985101118    0.200722073007917         0.022786312750503312      25    
52515.03985101118    0.20712069321655477       0.023400496274874196      25    
52515.53985101118    0.2130178602820758        0.023911330969725888      25    
52516.03985101118    0.21840483279436865       0.024259831998979547      25    
52516.53985101118    0.2235004055466892        0.024598495029740892      25    
52517.03985101118    0.2281422616512213        0.02491152938895957       25    
52517.53985101118    0.23215593367370688       0.025177288855677462      25    
52518.03985101118    0.23536695417988684       0.02537448447832964       25    
52518.53985101118    0.23772010332949853       0.02547953672416418       25    
52519.03985101118    0.23932847738840318       0.025506896821733467      25    
52519.53985101118    0.2402700830815289        0.02549215327420572       25    
52520.03985101118    0.24062292713380373       0.025471188387332873      25    
52520.53985101118    0.2404563808904698        0.02547931270845139       25    
52521.03985101118    0.23959199358475036       0.02550469741014255       25    
52521.53985101118    0.23807572656332052       0.025532784575696996      25    
52522.03985101118    0.23610437837579296       0.025564569143714737      25    
52522.53985101118    0.2338747475717814        0.025600632568849306      25    
52523.03985101118    0.23153524997530736       0.025646421069552037      25    
52523.53985101118    0.22882958213719726       0.025738036261509965      25    
52524.03985101118    0.22582967714843505       0.025845462752007154      25    
52524.53985101118    0.22271530767985961       0.025922694519346888      25    
52525.03985101118    0.21966624640230975       0.02592244549094508       25    
52525.53985101118    0.21679902057404035       0.02583188214493618       25    
52526.03985101118    0.213965154970443         0.025736397448930512      25    
52526.53985101118    0.21116064302370322       0.02556859719945723       25    
52527.03985101118    0.20840532230220066       0.025240326954765985      25    
52527.53985101118    0.205719030374315         0.024655662359269807      25    
52528.03985101118    0.2031374894322418        0.02362445708244375       25    
52528.53985101118    0.200667485615345         0.02204523678774886       25    
52529.03985101118    0.19824557512815277       0.020147451154580262      25    
52529.53985101118    0.19580675578786444       0.018240692714108973      25    
52530.03985101118    0.19328602541167947       0.016770674029795197      25    
52530.53985101118    0.1907181916993116        0.01604478827428177       25    
52531.03985101118    0.1881424766767557        0.015863895745771187      25    
52531.53985101118    0.18550049965063126       0.015984241075568336      25    
52532.03985101118    0.18273387992755752       0.016139641588176705      25    
52532.53985101118    0.17978559427371588       0.01607741988903219       25    
52533.03985101118    0.17666067567719568       0.015875265213100908      25    
52533.53985101118    0.1733917613291645        0.01564938490305737       25    
52534.03985101118    0.16999804351933684       0.015413740255998096      25    
52534.53985101118    0.16649871453742698       0.015182993087092186      25    
52535.03985101118    0.16290262050397136       0.014966895729437006      25    
52535.53985101118    0.1591483774510323        0.014733566080808306      25    
52536.03985101118    0.15527542406975348       0.014500289781210929      25    
52536.53985101118    0.15134925614142397       0.014299447441988628      25    
52537.03985101118    0.14743536944733263       0.01416468571976118       25    
52537.53985101118    0.14356240973533152       0.014139951308243026      25    
52538.03985101118    0.13964289581481462       0.014250568583436955      25    
52538.53985101118    0.13572256397227833       0.014421649111480386      25    
52539.03985101118    0.13186343563748357       0.01457293314026211       25    
52539.53985101118    0.1281275322401916        0.0146270957968756        25    
52540.03985101118    0.12453477821700656       0.014542629098025854      25    
52540.53985101118    0.12103326918329718       0.014369716366236636      25    
52541.03985101118    0.11763254348039531       0.014132034852845017      25    
52541.53985101118    0.11434443593434698       0.013851942116292232      25    
52542.03985101118    0.11118078137119816       0.0135531215753319        25    
52542.53985101118    0.10815579299824958       0.013191119520073754      25    
52543.03985101118    0.10526124812498247       0.012742575047058743      25    
52543.53985101118    0.10247532773071424       0.012270118915253961      25    
52544.03985101118    0.09977621279476184       0.01184765976346418       25    
52544.53985101118    0.0971434726861005        0.011561270199063278      25    
52545.03985101118    0.0946011680679719        0.011445474424646617      25    
52545.53985101118    0.0921499280036132        0.01144821171923374       25    
52546.03985101118    0.089768195244048         0.01150779568996774       25    
52546.53985101118    0.0874344125403           0.011559969630387596      25    
52547.03985101118    0.08513104345542745       0.011548085685572636      25    
52547.53985101118    0.08287789338481114       0.011510846279400843      25    
52548.03985101118    0.08067445167713097       0.0114637109096404        25    
52548.53985101118    0.07851192679679234       0.011405519638737276      25    
52549.03985101118    0.07638152720820034       0.011335006121541202      25    
52549.53985101118    0.07427710493876602       0.011236740255693706      25    
52550.03985101118    0.07220483440069524       0.011074041420494361      25    
52550.53985101118    0.07016644746149008       0.01089310938396912       25    
52551.03985101118    0.06816275719467134       0.010753328818194659      25    
52551.53985101118    0.06619457667375943       0.010719379423222337      25    
52552.03985101118    0.06426176747980432       0.010851692700138634      25    
52552.53985101118    0.06236333072248172       0.011126792677286947      25    
52553.03985101118    0.060500296833167495      0.011467590846792053      25    
52553.53985101118    0.05867375756941056       0.01179993009061721       25    
52554.03985101118    0.056884804688759893      0.012054602219909342      25    
52554.53985101118    0.05513230134757447       0.012241723919522458      25    
52555.03985101118    0.053415617848646506      0.012404561300911741      25    
52555.53985101118    0.051736606669175046      0.012526283906379837      25    
52556.03985101118    0.050097120286358834      0.012590109459126284      25    
52556.53985101118    0.048498872943936816      0.012576036768414747      25    
52557.03985101118    0.04693930939255944       0.01240405112278878       25    
52557.53985101118    0.045418643513016936      0.01211722164820697       25    
52558.03985101118    0.04393936935595963       0.011821040414820053      25    
52558.53985101118    0.042503980972038         0.011631931522289819      25    
52559.03985101118    0.041114354155554714      0.011672371097553765      25    
52559.53985101118    0.03976720778990411       0.011972244432376464      25    
52560.03985101118    0.03846348285422319       0.012397680025578573      25    
52560.53985101118    0.037205501064341596      0.012811129761535697      25    
52561.03985101118    0.0359955841360889        0.013092404042570624      25    
52561.53985101118    0.034835725662280353      0.013169744054827348      25    
52562.03985101118    0.03372518973504499       0.013139422541523976      25    
52562.53985101118    0.032662254326272656      0.013014231316265798      25    
52563.03985101118    0.031645236448208616      0.012790944616131535      25    
52563.53985101118    0.03067245311309799       0.01246408080988513       25    
52564.03985101118    0.029745559169909258      0.011977886291832877      25    
52564.53985101118    0.02886771262165687       0.011274203286594902      25    
52565.03985101118    0.02803368043706709       0.010435692515527478      25    
52565.53985101118    0.027237995744176326      0.009567906050176123      25    
52566.03985101118    0.026475191671020987      0.008813441023672514      25    
52566.53985101118    0.02574863042849337       0.008226489555657928      25    
52567.03985101118    0.0250615878193656        0.007734058242828885      25    
52567.53985101118    0.0244084673594939        0.007318976070722883      25    
52568.03985101118    0.023783672564734376      0.006957422582438165      25    
52568.53985101118    0.02318195056149668       0.00662175157451733       25    
52569.03985101118    0.022609157996411784      0.006365190994285927      25    
52569.53985101118    0.02206562042241962       0.006194689587853976      25    
52570.03985101118    0.021546216282496856      0.006068125680599099      25    
52570.53985101118    0.021045824019620244      0.005938474559961461      25    
52571.03985101118    0.020560574218603328      0.005756129517300262      25    
52571.53985101118    0.02009709183107865       0.005510891121050564      25    
52572.03985101118    0.019653545103434807      0.005243555312068941      25    
52572.53985101118    0.01922531512149824       0.005005312671619185      25    
52573.03985101118    0.018807782971095383      0.004856773926561398      25    
52573.53985101118    0.01839896149786685       0.004859578347171724      25    
52574.03985101118    0.018005099896080883      0.005007981335200408      25    
52574.53985101118    0.017622859908663347      0.005234274253847811      25    
52575.03985101118    0.01724773664822593       0.0054742804216236784     25    
52575.53985101118    0.016875225227380244      0.005673645265531826      25    
52576.03985101118    0.016504209084488054      0.005842775166524586      25    
52576.53985101118    0.016138721738298445      0.006043080957410547      25    
52577.03985101118    0.015777321277429285      0.006215791509157727      25    
52577.53985101118    0.01541837315574746       0.006305379229064654      25    
52578.03985101118    0.015060242827119843      0.006258027879214467      25    
52578.53985101118    0.01470175553857127       0.006004647628594739      25    
52579.03985101118    0.014344005464131868      0.005565244813844955      25    
52579.53985101118    0.013988761448176497      0.005018270782771147      25    
52580.03985101118    0.013637792335079977      0.00446486515332061       25    
52580.53985101118    0.013292748220835275      0.004050055988847209      25    
52581.03985101118    0.012951522628064946      0.0037660835784948353     25    
52581.53985101118    0.012614145877862614      0.003566751425404081      25    
52582.03985101118    0.012282567543142822      0.0034577908425375403     25    
52582.53985101118    0.011958737196820154      0.0034387701507806625     25    
52583.03985101118    0.011644185689877757      0.0035067261575799672     25    
52583.53985101118    0.011336765663501254      0.003679389063635943      25    
52584.03985101118    0.011036840703100473      0.003924499956977362      25    
52584.53985101118    0.010745675420782327      0.0042037429359749875     25    
52585.03985101118    0.010464534428653732      0.004487575508013676      25    
52585.53985101118    0.010194183342450081      0.004758250787392139      25    
52586.03985101118    0.00993344690842985       0.005026477774554369      25    
52586.53985101118    0.009682481842177787      0.005301989413481398      25    
52587.03985101118    0.009441642358173751      0.00559146858783607       25    
52587.53985101118    0.009211282670897547      0.0058999880386921425     25    
52588.03985101118    0.008991429576815384      0.006259896004051176      25    
52588.53985101118    0.008781717317211632      0.006680368868500414      25    
52589.03985101118    0.00858239746568332       0.007084203627883171      25    
52589.53985101118    0.00839374150792812       0.007410942796384838      25    
52590.03985101118    0.008216020929643714      0.007611165823351112      25    
52590.53985101118    0.008049751196754882      0.007696561863233747      25    
52591.03985101118    0.007894733714824947      0.007711694962921534      25    
52591.53985101118    0.0077501688790093904     0.007657877145795725      25    
52592.03985101118    0.007615257084463682      0.00753436284111816       25    
52592.53985101118    0.007489298884106462      0.007335492844723446      25    
52593.03985101118    0.007374416533644631      0.006984554892000713      25    
52593.53985101118    0.007269986054810034      0.006500573417604906      25    
52594.03985101118    0.007173610569286933      0.005962418185775231      25    
52594.53985101118    0.007082893198759619      0.005473264994553398      25    
52595.03985101118    0.006996064100086104      0.0051584612743996875     25    
52595.53985101118    0.0069164890679260915     0.00499636711362622       25    
52596.03985101118    0.006843074425842518      0.004942672512392689      25    
52596.53985101118    0.006773308798432065      0.004963763814688496      25    
52597.03985101118    0.006704680810291411      0.0050227020764140925     25    
52597.53985101118    0.006635828077405103      0.0051124289723419375     25    
52598.03985101118    0.006569466662351716      0.005298193701230854      25    
52598.53985101118    0.006504745161648793      0.005516225409729815      25    
52599.03985101118    0.006440332996894909      0.0056991680487245575     25    
52599.53985101118    0.006374899589688607      0.005788885847798976      25    
52600.03985101118    0.006307632838420752      0.005739371047570422      25    
52600.53985101118    0.0062393397554920465     0.005576817032793088      25    
52601.03985101118    0.006170687187427515      0.0053603116342057        25    
52601.53985101118    0.006102322764007199      0.005153543648289531      25    
52602.03985101118    0.006034894115011157      0.005027888024890611      25    
52602.53985101118    0.00596789542424063       0.005016996001139083      25    
52603.03985101118    0.005900944284266044      0.005074536690718941      25    
52603.53985101118    0.005834873438021233      0.005155859182615022      25    
52604.03985101118    0.005770515628440011      0.00521935625866244       25    
52604.53985101118    0.005708662353359478      0.00522743147899276       25    
52605.03985101118    0.0056486909596438995     0.005183458079934987      25    
52605.53985101118    0.005590423233801342      0.005110569055885154      25    
52606.03985101118    0.00553429896927513       0.0050236138589946164     25    
52606.53985101118    0.00548075795950861       0.0049377347938500725     25    
52607.03985101118    0.005430214327386826      0.004861301302356822      25    
52607.53985101118    0.005382628430075614      0.004751075831951261      25    
52608.03985101118    0.005337685982068189      0.004631968450427797      25    
52608.53985101118    0.005295086010644025      0.004549710820549263      25    
52609.03985101118    0.005254527543082597      0.004551775669564849      25    
52609.53985101118    0.0052159036047149145     0.004678281841912545      25    
52610.03985101118    0.00517967582811881       0.004911931192142441      25    
52610.53985101118    0.005145549749929545      0.005145559467055065      25    
52611.03985101118    0.005113142501535743      0.0051131522802485745     25    
52611.53985101118    0.005082071214326009      0.0050820810528248205     25    
52612.03985101118    0.0050523327513900635     0.005052342647799008      25    
52612.53985101118    0.005024343040536212      0.005024352992076161      25    
52613.03985101118    0.004997771642287274      0.004997781646735963      25    
52613.53985101118    0.004972264576524712      0.004972274632294809      25    
52614.03985101118    0.0049474678631299986     0.004947477969299521      25    
52614.53985101118    0.0049235550046809965     0.004923565159934342      25    
52615.03985101118    0.004900740435853738      0.004900750638383052      25    
52615.53985101118    0.004878731574676925      0.00487874182323164       25    
52616.03985101118    0.004857235839179256      0.004857246133088935      25    
52616.53985101118    0.004835979122807597      0.004835989461964421      25    
52617.03985101118    0.004815280487565889      0.0048152908711658095     25    
52617.53985101118    0.004795150235771595      0.004795160662962231      25    
52618.03985101118    0.0047753039320183824     0.004775314402544635      25    
52618.53985101118    0.00475545714089992       0.004755467655124576      25    
52619.03985101118    0.004735387811942177      0.004735398370727697      25    
52619.53985101118    0.004715417609911161      0.004715428213413951      25    
52620.03985101118    0.004695486028280734      0.004695496676793583      25    
52620.53985101118    0.004675397528221699      0.004675408222487271      25    
52621.03985101118    0.004654956570904854      0.004654967312131233      25    
52621.53985101118    0.004634026451851525      0.004634037241591789      25    
52622.03985101118    0.004612744589984806      0.004612755429505676      25    
52622.53985101118    0.004591149378626114      0.0045911602691322976     25    
52623.03985101118    0.004569258755196666      0.004569269697877483      25    
52623.53985101118    0.004547090657117661      0.004547101653146399      25    
52624.03985101118    0.0045246312624035905     0.004524642313014357      25    
52624.53985101118    0.0045018499533005666     0.004501861059832068      25    
52625.03985101118    0.00447879385932346       0.004478805023029416      25    
52625.53985101118    0.004455512304192058      0.004455523526231998      25    
52626.03985101118    0.004432054611626159      0.004432065893061238      25    
52626.53985101118    0.004408391187393881      0.00440840252938545       25    
52627.03985101118    0.004384492437263353      0.004384503841077065      25    
52627.53985101118    0.004360407684954365      0.004360419151756983      25    
52628.03985101118    0.004336186254186708      0.004336197785041378      25    
52628.53985101118    0.004311874311962097      0.004311885907831816      25    
52629.03985101118    0.004287417010304135      0.0042874286723215875     25    
52629.53985101118    0.004262813165443545      0.004262824894770933      25    
52630.03985101118    0.004238112101100111      0.004238123898789557      25    
52630.53985101118    0.004213363140993627      0.004213375007981569      25    
52631.03985101118    0.004188602981971615      0.004188614919108882      25    
52631.53985101118    0.004163764149185402      0.004163776157533164      25    
52632.03985101118    0.0041388675558921804     0.0041388796364737294     25    
52632.53985101118    0.004113962525811739      0.004113974679526274      25    
52633.03985101118    0.004089098382663863      0.004089110610279968      25    
52633.53985101118    0.004064296039705751      0.004064308341940589      25    
52634.03985101118    0.004039488022088724      0.004039500399875989      25    
52634.53985101118    0.004014711026660306      0.004014723480837485      25    
52635.03985101118    0.003990014377140291      0.00399002690840378       25    
52635.53985101118    0.003965447397248465      0.00396546000614615       25    
52636.03985101118    0.0039410089032155485     0.00394102159030171       25    
52636.53985101118    0.003916644047065145      0.003916656813075513      25    
52637.03985101118    0.0038923989957989707     0.0038924118413262536     25    
52637.53985101118    0.0038683230731368125     0.0038683359986126636     25    
52638.03985101118    0.0038444656027984683     0.003844478608485238      25    