58249.08196431072    4.763766836510795     4.763766836521291     25    
58249.58196431072    17.08148655289631     17.081486552899236    25    
58250.08196431072    33.51229066560802     33.51229066560951     25    
58250.58196431072    54.595305843487374    54.59530584348829     25    
58251.08196431072    80.74914444822971     80.74914444823034     25    
58251.58196431072    112.57081807426883    112.57081807426927    25    
58252.08196431072    150.4229519400824     144.34266143235175    25    
58252.58196431072    194.95664700094716    144.77268829113345    25    
58253.08196431072    246.48233689687316    145.05471543851803    25    
58253.58196431072    305.7014163792295     145.0856437401614     25    
58254.08196431072    372.8759230743083     144.89205152404733    25    
58254.58196431072    448.7537499648219     144.45105117508737    25    
58255.08196431072    533.5523342280947     143.83116772941963    25    
58255.58196431072    628.2541112246785     142.69066036822315    25    
58256.08196431072    732.628706714467      142.02184169020708    25    
58256.58196431072    847.9315065936942     145.08261279284622    25    
58257.08196431072    971.7173270625389     149.7074202712722     25    
58257.58196431072    1098.7138658103856    151.54980408780594    25    
58258.08196431072    1227.337832356486     151.98402018770008    25    
58258.58196431072    1349.0551987543254    152.66499626473833    25    
58259.08196431072    1463.4752419665724    153.22033050319632    25    
58259.58196431072    1561.743528787256     153.05619649518545    25    
58260.08196431072    1645.560800581697     152.48682458198832    25    
58260.58196431072    1715.5034166382968    152.78676580862998    25    
58261.08196431072    1772.408942347647     153.7238008437766     25    
58261.58196431072    1821.488366843268     155.14838887618254    25    
58262.08196431072    1862.7275353308       156.84729624832042    25    
58262.58196431072    1901.231883033207     158.66276075052258    25    
58263.08196431072    1936.4846052591001    159.3638258149695     25    
58263.58196431072    1968.481440535616     139.2935598529312     25    
58264.08196431072    1997.0504919322684    90.44504147904608     25    
58264.58196431072    2019.5352742495888    58.93667537819107     25    
58265.08196431072    2035.9918225364206    68.09795093992051     25    
58265.58196431072    2043.9512360711733    71.56409968360643     25    
58266.08196431072    2043.4561508154347    70.86571216934756     25    
58266.58196431072    2035.091343834102     69.86098948575534     25    
58267.08196431072    2018.7881891244972    68.48724330531626     25    
58267.58196431072    1996.8051072207654    68.80977956544201     25    
58268.08196431072    1969.113264676533     71.06325987058364     25    
58268.58196431072    1937.7800754992884    71.92189267962635     25    
58269.08196431072    1902.9264820452654    71.07922232452773     25    
58269.58196431072    1865.00570400097      70.29836230367943     25    
58270.08196431072    1824.138260284364     69.62124449502424     25    
58270.58196431072    1779.8334871780182    70.24373319228356     25    
58271.08196431072    1732.0677424857465    72.6692100618314      25    
58271.58196431072    1680.5263154545514    73.92890966181456     25    
58272.08196431072    1624.8842456869647    73.46785696729363     25    
58272.58196431072    1566.8180045650802    72.2968424653537      25    
58273.08196431072    1506.1614802373656    70.13928601869144     25    
58273.58196431072    1445.7893087647751    69.31489207913025     25    
58274.08196431072    1385.9858828600093    71.0566946072077      25    
58274.58196431072    1329.270630587952     72.12999216781155     25    
58275.08196431072    1276.4711075287414    70.78203867790127     25    
58275.58196431072    1227.8305559956366    71.78982865470138     25    
58276.08196431072    1183.8900956027667    77.75092871911228     25    
58276.58196431072    1143.4335012326821    82.55344789001475     25    
58277.08196431072    1106.2623139029045    84.11731131058016     25    
58277.58196431072    1071.5000697412424    84.74669300534114     25    
58278.08196431072    1038.8468457949634    85.0894447342874      25    
58278.58196431072    1007.599891450362     84.79244760643988     25    
58279.08196431072    977.4425806652633     83.29195957507277     25    
58279.58196431072    947.7977647243148     82.30818361460922     25    
58280.08196431072    918.3547663839638     83.48907442499882     25    
58280.58196431072    888.5941961443174     84.91006612043863     25    
58281.08196431072    857.9212998394204     85.54646220002013     25    
58281.58196431072    826.670884448879      85.60065853879681     25    
58282.08196431072    794.6399903714156     85.33485274865552     25    
58282.58196431072    762.7198154172536     83.44930495650738     25    
58283.08196431072    731.5313807336441     76.80093724448278     25    
58283.58196431072    701.6334203578174     69.56640817578857     25    
58284.08196431072    674.0267274337118     68.82832314496707     25    
58284.58196431072    648.3950902262402     70.03530329000856     25    
58285.08196431072    625.0846567213783     68.45690062254718     25    
58285.58196431072    603.2280906954023     66.75680234580888     25    
58286.08196431072    581.8606969291662     67.61676149504126     25    
58286.58196431072    560.5413376411084     69.35967442405831     25    
58287.08196431072    537.9307847341292     70.50451685268693     25    
58287.58196431072    514.2682261086089     70.96892551369939     25    
58288.08196431072    489.0120015739848     70.1507671126361      25    
58288.58196431072    462.8171820993561     67.16927180030402     25    
58289.08196431072    436.73746485321226    56.70885242130532     25    
58289.58196431072    411.01586811375955    40.188745957695645    25    
58290.08196431072    386.9727512692612     34.53088226696097     25    
58290.58196431072    364.5173143826916     37.19965918193554     25    
58291.08196431072    344.39583262232253    35.582756029242944    25    
58291.58196431072    326.3293922697716     32.67778256474265     25    
58292.08196431072    309.8759062420302     32.26086733786477     25    
58292.58196431072    294.98322499339605    33.51723056400178     25    
58293.08196431072    281.0909421124147     35.04463228728444     25    
58293.58196431072    268.2335862234683     36.63267377475326     25    
58294.08196431072    256.084360211041      36.10673231827944     25    
58294.58196431072    244.71330003771158    33.9577835171418      25    
58295.08196431072    234.2904587181091     31.854376399661916    25    
58295.58196431072    224.82176139401005    29.731902082078868    25    
58296.08196431072    216.52219923770392    29.227955093305496    25    
58296.58196431072    209.3775003853256     30.097211991654774    25    
58297.08196431072    203.4641566023426     29.427499805995456    25    
58297.58196431072    198.7675837893414     27.3873684713566      25    
58298.08196431072    195.05954628797562    26.36494327596225     25    
58298.58196431072    192.3441469759914     26.39015221577708     25    
58299.08196431072    190.37748737201412    27.139854914085323    25    
58299.58196431072    189.16486458179372    28.586063047429768    25    
58300.08196431072    188.4707367925285     28.717656296483984    25    
58300.58196431072    188.29911579700786    27.44787926129817     25    
58301.08196431072    188.42873176649016    26.09871711675877     25    
58301.58196431072    188.86236840931156    24.681343394603015    25    
58302.08196431072    189.37805958716743    23.931000098038865    25    
58302.58196431072    189.97066930805096    24.050903577706702    25    
58303.08196431072    190.47416002319474    24.35848288476317     25    
58303.58196431072    190.8695494659501     24.849655889404847    25    
58304.08196431072    191.1291830475161     24.905892285207948    25    
58304.58196431072    191.24878236969724    24.368696606831826    25    
58305.08196431072    191.2053654196386     23.60839082813787     25    
58305.58196431072    190.99754229811492    22.60788231802015     25    
58306.08196431072    190.6002936840515     21.700092482671117    25    
58306.58196431072    190.0115358066608     20.989330045439957    25    
58307.08196431072    189.20699462975585    20.559735770335788    25    
58307.58196431072    188.1837896843361     20.758845691752953    25    
58308.08196431072    186.91849504575188    20.065677455639797    25    
58308.58196431072    185.40733072014163    17.114443299836225    25    
58309.08196431072    183.6278217210409     14.732497764355692    25    
58309.58196431072    181.57518570307846    14.765009492543228    25    
58310.08196431072    179.22800144462383    16.546988686742313    25    