54014.72984355934    5.443449846280794     1.3522082425202464     25    
54015.22984355934    6.342435302424466     1.3407122469775272     25    
54015.72984355934    7.302902562766569     1.3439656197222525     25    
54016.22984355934    8.32109445177092      1.4377438236639737     25    
54016.72984355934    9.398109012304312     1.6060085431455686     25    
54017.22984355934    10.529808840883353    1.7200692232620125     25    
54017.72984355934    11.716034303318649    1.7412743379885474     25    
54018.22984355934    12.955060720030891    1.73128765269296       25    
54018.72984355934    14.243643544234212    1.7357877063303204     25    
54019.22984355934    15.582704284391287    1.7426216696732235     25    
54019.72984355934    16.967901843475605    1.7491496454464575     25    
54020.22984355934    18.39966050878813     1.7553214359450076     25    
54020.72984355934    19.875539278456156    1.7613855620591132     25    
54021.22984355934    21.392894501646072    1.7673715495834381     25    
54021.72984355934    22.952294618012445    1.7734148291441247     25    
54022.22984355934    24.549727781603288    1.7821331846845352     25    
54022.72984355934    26.188308294894057    1.8037483985233271     25    
54023.22984355934    27.857226859323994    1.8036920484997694     25    
54023.72984355934    29.564294918642986    1.7352611599577585     25    
54024.22984355934    31.291930481157753    1.6299140393948488     25    
54024.72984355934    32.969428137912566    1.5854351050952635     25    
54025.22984355934    34.61982370711982     1.6123182056704293     25    
54025.72984355934    36.15749235423493     1.6490225712742412     25    
54026.22984355934    37.55172277530481     1.6686143886210092     25    
54026.72984355934    38.79354348417225     1.6850032492035976     25    
54027.22984355934    39.79548704222779     1.695359110532087      25    
54027.72984355934    40.566966264027535    1.698931308660378      25    
54028.22984355934    41.142640991674774    1.7044886327286175     25    
54028.72984355934    41.50921667583451     1.715928292670098      25    
54029.22984355934    41.70718433835421     1.7294224549670838     25    
54029.72984355934    41.800015667050054    1.7440700022362912     25    
54030.22984355934    41.76953102273514     1.7604824489958222     25    
54030.72984355934    41.68828869581538     1.7673005180522257     25    
54031.22984355934    41.570871034709484    1.7697421872379786     25    
54031.72984355934    41.40830413266092     1.7512450347541801     25    
54032.22984355934    41.21232680849991     1.6740533027945566     25    
54032.72984355934    40.977708300737966    1.5477827871786418     25    
54033.22984355934    40.67803593637585     1.4687622808255674     25    
54033.72984355934    40.31657944537372     1.4705625718776218     25    
54034.22984355934    39.87953094466915     1.489639021485456      25    
54034.72984355934    39.34771526543758     1.4831731452755963     25    
54035.22984355934    38.73181874198581     1.4699327740353756     25    
54035.72984355934    38.04784392548315     1.4564523160098475     25    
54036.22984355934    37.28681474322824     1.4409053830414091     25    
54036.72984355934    36.483813160937956    1.4301030909628007     25    
54037.22984355934    35.652567795272574    1.433061472351487      25    
54037.72984355934    34.79627566791703     1.4410264899963285     25    
54038.22984355934    33.95281023298722     1.4401824236846916     25    
54038.72984355934    33.11631154452434     1.4362440009545818     25    
54039.22984355934    32.29265112263602     1.4028600088474492     25    
54039.72984355934    31.488738447838514    1.3009609199370775     25    
54040.22984355934    30.696763851369944    1.1734895811972876     25    
54040.72984355934    29.908791627091972    1.1154486594973738     25    
54041.22984355934    29.127152997917587    1.1203481703411624     25    
54041.72984355934    28.342449281485866    1.1256493221991184     25    
54042.22984355934    27.553066082056812    1.1162436694230495     25    
54042.72984355934    26.75869694648        1.1038736259133248     25    
54043.22984355934    25.95611989078629     1.08607053963822       25    
54043.72984355934    25.14633034834612     1.0635974339031364     25    
54044.22984355934    24.3304498005452      1.0496078293034523     25    
54044.72984355934    23.508220229475448    1.0496530515190898     25    
54045.22984355934    22.680593661129905    1.0516549448280743     25    
54045.72984355934    21.847164795151798    1.0526184078271275     25    
54046.22984355934    21.008996924913433    1.0498292279403252     25    
54046.72984355934    20.173143663341943    1.005996365659528      25    
54047.22984355934    19.336888839216442    0.8953518085131097     25    
54047.72984355934    18.51011688537885     0.7837910595683196     25    
54048.22984355934    17.697517513009277    0.7489099902206905     25    
54048.72984355934    16.899623499915883    0.7555747741928138     25    
54049.22984355934    16.128288872930543    0.7533278251721724     25    
54049.72984355934    15.381579450651774    0.7473213574703323     25    
54050.22984355934    14.66336514738        0.7380377182456747     25    
54050.72984355934    13.976456617035238    0.7199654500255447     25    
54051.22984355934    13.318874153262282    0.6992690491414183     25    
54051.72984355934    12.68973455592893     0.6870379874627278     25    
54052.22984355934    12.089322886806743    0.6821177907726422     25    
54052.72984355934    11.516368302523187    0.6782816381914254     25    
54053.22984355934    10.970811258030304    0.6746928852619775     25    
54053.72984355934    10.452172968313112    0.6705942570610203     25    
54054.22984355934    9.95954141179055      0.666279205595234      25    
54054.72984355934    9.493172563593795     0.661732966326322      25    
54055.22984355934    9.051947617201069     0.6333086365101207     25    
54055.72984355934    8.6360074638483       0.5556830964393683     25    
54056.22984355934    8.244650570150137     0.4675380621861085     25    
54056.72984355934    7.877639680895691     0.43765039107975795    25    
54057.22984355934    7.534713605363029     0.4491066607628859     25    
54057.72984355934    7.212213239547351     0.45181558531376764    25    
54058.22984355934    6.911619105086156     0.44106657931336796    25    
54058.72984355934    6.627669300619048     0.4318448208837596     25    
54059.22984355934    6.357449241187897     0.4324357184191865     25    
54059.72984355934    6.100934529335382     0.4377573687412161     25    
54060.22984355934    5.851227205518827     0.4403349087048823     25    
54060.72984355934    5.608911627794238     0.44125190335511233    25    
54061.22984355934    5.373804262887267     0.438202569672164      25    
54061.72984355934    5.143605265052144     0.4287744866305774     25    
54062.22984355934    4.921575208614106     0.4144983247824629     25    
54062.72984355934    4.713491468982934     0.3956333953341151     25    
54063.22984355934    4.5176362197699005    0.36958169348521247    25    
54063.72984355934    4.34054944910346      0.35076981429305476    25    
54064.22984355934    4.184939152695773     0.3511401855336826     25    
54064.72984355934    4.048807003842504     0.3574220213824565     25    
54065.22984355934    3.9333290365035354    0.35355692926667615    25    
54065.72984355934    3.8386033714410797    0.34297287393062664    25    
54066.22984355934    3.7526523228726205    0.3367197397344948     25    
54066.72984355934    3.6765185958100934    0.3384884143813647     25    
54067.22984355934    3.603579968024273     0.3432125269393632     25    
54067.72984355934    3.524591553624611     0.3486107597035668     25    
54068.22984355934    3.442365998837605     0.3549988560658431     25    
54068.72984355934    3.351993719459685     0.35638456069652635    25    
54069.22984355934    3.2508836505324137    0.3539542328556181     25    
54069.72984355934    3.1466702647951963    0.3432210754456937     25    
54070.22984355934    3.043062197267862     0.3122147384832683     25    
54070.72984355934    2.9400313431643297    0.26519332871032214    25    
54071.22984355934    2.847035501768815     0.23704435101228355    25    
54071.72984355934    2.762991543283283     0.23877650647956297    25    
54072.22984355934    2.690452223923055     0.24438599145376638    25    
54072.72984355934    2.6332313277038053    0.23813215352881698    25    
54073.22984355934    2.5877584062507517    0.23023471744688587    25    
54073.72984355934    2.548724500394462     0.23030994735729923    25    
54074.22984355934    2.517789191552548     0.23786883582424612    25    
54074.72984355934    2.4885081980703827    0.24701106732490882    25    
54075.22984355934    2.459155125792054     0.2583420121309413     25    
54075.72984355934    2.429272067830761     0.2679519650490199     25    
54076.22984355934    2.3947749674781873    0.26729764928649996    25    
54076.72984355934    2.3564248906755294    0.25786589176593994    25    
54077.22984355934    2.316691579764023     0.24729724753772583    25    
54077.72984355934    2.275274356039615     0.23668407590884294    25    
54078.22984355934    2.233736716973209     0.22635791713289719    25    
54078.72984355934    2.194247754237635     0.21914943691734334    25    
54079.22984355934    2.156199342222312     0.2144916407858765     25    
54079.72984355934    2.1215542741076177    0.21230832751079837    25    
54080.22984355934    2.0907019219413527    0.21393476923970034    25    
54080.72984355934    2.062898042319351     0.21562843166011117    25    
54081.22984355934    2.0379524031999123    0.21365522540352086    25    
54081.72984355934    2.0158278725580447    0.20964940997708484    25    
54082.22984355934    1.995680379662155     0.205219031936349      25    
54082.72984355934    1.977696217448106     0.20000145774671055    25    
54083.22984355934    1.961229452013278     0.19510878894556108    25    
54083.72984355934    1.9459683575662636    0.19156635653116927    25    
54084.22984355934    1.9318614913761876    0.18893711175742775    25    
54084.72984355934    1.9181152214439812    0.18683332052508553    25    
54085.22984355934    1.9049448229734909    0.1846485913337473     25    
54085.72984355934    1.891607737612721     0.1863399601519793     25    
54086.22984355934    1.8779503753366529    0.1948201187150573     25    
54086.72984355934    1.8637690858392013    0.2062111713693808     25    
54087.22984355934    1.8483490769971371    0.21428295973688793    25    
54087.72984355934    1.8319003545110393    0.21896880101144942    25    
54088.22984355934    1.8136118564864079    0.23773776608427266    25    