58263.43005253406    95.41927546140948     25.41446111493492     25    
58263.93005253406    117.2159952222508     24.157201270432438    25    
58264.43005253406    141.50804183763566    25.79905135007441     25    
58264.93005253406    168.37002935043282    35.7724673908471      25    
58265.43005253406    197.85786522689503    44.06070048713162     25    
58265.93005253406    230.05509724891968    45.44910478871662     25    
58266.43005253406    265.0090347831527     44.68067657995349     25    
58266.93005253406    302.811488071677      44.78507896863495     25    
58267.43005253406    343.50183966037355    44.87069854364765     25    
58267.93005253406    387.17949097266865    44.90629403115115     25    
58268.43005253406    433.8765690125229     44.89692636970654     25    
58268.93005253406    483.6993951058602     44.83786676765064     25    
58269.43005253406    536.6735119935659     44.7433501496419      25    
58269.93005253406    592.985901971916      44.580951834073495    25    
58270.43005253406    652.5080043565566     44.47489479428696     25    
58270.93005253406    715.4907321794252     44.87867164896848     25    
58271.43005253406    781.042486378349      45.54934608445328     25    
58271.93005253406    846.6803870155343     45.928329783599885    25    
58272.43005253406    911.8946102024247     46.154792022301756    25    
58272.93005253406    972.8560163076326     46.40455961723097     25    
58273.43005253406    1029.5105018938502    46.631825020063076    25    
58273.93005253406    1077.971035112301     46.692025073032575    25    
58274.43005253406    1118.897386330915     46.63481982797814     25    
58274.93005253406    1152.915953123362     46.707652258666       25    
58275.43005253406    1180.2776232400106    46.88001298687855     25    
58275.93005253406    1203.7579259390127    47.15074151208935     25    
58276.43005253406    1223.3014979686857    47.49626844341526     25    
58276.93005253406    1241.5534783218886    47.96178503603229     25    
58277.43005253406    1258.364603661607     48.42603758191307     25    
58277.93005253406    1273.6018486037854    43.96657446343489     25    
58278.43005253406    1287.267919360986     32.72841621180083     25    
58278.93005253406    1297.854449002368     25.808333081331686    25    
58279.43005253406    1305.3897090255396    27.262357940010073    25    
58279.93005253406    1308.5329571359587    28.10035447684505     25    
58280.43005253406    1307.191007963269     27.999496097736447    25    
58280.93005253406    1301.8060842053885    27.82133449318516     25    
58281.43005253406    1292.2754737847526    27.547537866392926    25    
58281.93005253406    1279.9562599537219    27.476592384517588    25    
58282.43005253406    1264.866608504508     27.69292325439304     25    
58282.93005253406    1248.1952588048935    27.715134617786486    25    
58283.43005253406    1230.1286817540054    27.246742957919285    25    
58283.93005253406    1210.8057512877747    28.00669304897672     25    
58284.43005253406    1190.3584492558432    30.608931444128523    25    
58284.93005253406    1168.3621141598567    32.34136904112098     25    
58285.43005253406    1144.7776947529978    32.63372871165644     25    
58285.93005253406    1119.321284670299     32.60104815167942     25    
58286.43005253406    1091.769625768496     32.451172688746745    25    
58286.93005253406    1062.6921842501172    32.17489645291364     25    
58287.43005253406    1032.0204671755398    31.740833155362992    25    
58287.93005253406    1000.7766278140818    31.44486488974933     25    
58288.43005253406    969.1949526693203     31.51782754748053     25    
58288.93005253406    938.1080760756676     31.58626219465659     25    
58289.43005253406    907.9590077045923     31.645646047481712    25    
58289.93005253406    878.9470914448053     31.188310728238243    25    
58290.43005253406    851.3584973788347     29.35961416729944     25    
58290.93005253406    825.0374760107857     27.713497042266034    25    
58291.43005253406    799.9699078041291     27.802470796299584    25    
58291.93005253406    776.1063549715512     28.272303998034033    25    
58292.43005253406    753.4422423147986     28.321210608977523    25    
58292.93005253406    731.8551077043489     28.2471466779657      25    
58293.43005253406    711.2782607625717     27.964452496703718    25    
58293.93005253406    691.5565285123045     27.72933000095398     25    
58294.43005253406    672.5253653904496     27.939440211492382    25    
58294.93005253406    654.0780864751046     28.260144111840205    25    
58295.43005253406    635.98356541715       28.39327044206632     25    
58295.93005253406    618.2848279345757     28.397337477295608    25    
58296.43005253406    600.8920959016201     28.414771281229516    25    
58296.93005253406    583.9185801334128     27.974979099704665    25    
58297.43005253406    567.5047898325538     25.56451482063534     25    
58297.93005253406    551.6923742786989     22.264792253659937    25    
58298.43005253406    536.6879556886272     21.4508743962599      25    
58298.93005253406    522.4070433255715     21.943677623156354    25    
58299.43005253406    508.8313975245283     21.697214494014034    25    
58299.93005253406    495.82936004898113    21.29684390077358     25    
58300.43005253406    483.0240934499282     21.346551632723525    25    
58300.93005253406    470.3736118693877     21.64766857455064     25    
58301.43005253406    457.4222972186502     21.864468856787344    25    
58301.93005253406    444.23817372849715    22.000657238198947    25    
58302.43005253406    430.699216031391      21.898157275521395    25    
58302.93005253406    416.90375813688945    21.457715323261834    25    
58303.43005253406    403.27926896438294    19.530481954095468    25    
58303.93005253406    389.8352895033925     16.148691537919653    25    
58304.43005253406    377.05577591336197    14.640938174281919    25    
58304.93005253406    364.90675098105095    15.026797245569394    25    
58305.43005253406    353.5849271843385     14.929970518102833    25    
58305.93005253406    343.0591694324258     14.52167170522107     25    
58306.43005253406    333.0359562717784     14.370686352656984    25    
58306.93005253406    323.52075865079246    14.46444383518628     25    
58307.43005253406    314.19492306910365    14.60535878194647     25    
58307.93005253406    305.0633235555376     14.797381179791625    25    
58308.43005253406    295.99645125007       14.816544116146158    25    
58308.93005253406    286.9814591483509     14.692255185141464    25    
58309.43005253406    278.222236211452      13.449365674387353    25    
58309.93005253406    269.7137466460571     10.400192461899678    25    
58310.43005253406    261.6653394248729     8.333372548949136     25    
58310.93005253406    254.08884097547804    8.685922191810223     25    
58311.43005253406    247.0767148785745     8.885450170587008     25    
58311.93005253406    240.65939131295883    8.587334413036684     25    
58312.43005253406    234.71715921018128    8.352730916064782     25    
58312.93005253406    229.2501561113277     8.243169637992418     25    
58313.43005253406    224.14342375325896    8.238971294964907     25    
58313.93005253406    219.38392787931724    8.385872156279515     25    
58314.43005253406    214.89198859209458    8.433909288638679     25    
58314.93005253406    210.64616816668658    8.283828518927962     25    
58315.43005253406    206.62749904683278    8.12891699049948      25    
58315.93005253406    202.82978060769847    8.055898557826106     25    
58316.43005253406    199.23283241499234    7.894186265731989     25    
58316.93005253406    195.8322504124586     7.497236862451298     25    
58317.43005253406    192.60697500561596    7.207746884064504     25    
58317.93005253406    189.55148063261356    7.283026784615069     25    
58318.43005253406    186.644651997572      7.364910315517291     25    
58318.93005253406    183.87881308964182    7.278324705671698     25    
58319.43005253406    181.23449857683963    7.138147259756355     25    
58319.93005253406    178.7022980075481     6.959781984726006     25    
58320.43005253406    176.26447754871944    6.780355970568082     25    
58320.93005253406    173.90987686135196    6.638249600150619     25    
58321.43005253406    171.62258158118334    6.5318803727069294    25    
58321.93005253406    169.3895423190257     6.5337423380049255    25    
58322.43005253406    167.19678293634487    6.467388600163127     25    
58322.93005253406    165.02928704854102    6.0266299692650485    25    
58323.43005253406    162.87502701401496    5.552128347095782     25    
58323.93005253406    160.71710371786972    5.485120656329038     25    
58324.43005253406    158.54530457478418    5.701366348663545     25    
58324.93005253406    156.34098499498407    6.015696498908804     25    