#mB  c  mBmB x1x1 cc mBx1 mBc x1c
15.159546361995442  -0.3  0.012168016954998388  0.07262318425294029  0.004113462395378173  0.013475097884757533  0.006580964927197862  0.009397734865296506
15.158676790006849  0.3  0.011910405607449286  0.07913478681852908  0.004025185939686181  0.012606645988272144  0.00644768390069955  0.009037887249998955
15.664128795749297  0.0  0.012779536511691019  0.08276160152313704  0.0043063067532068304  0.01294555128889448  0.006916246799824516  0.009374886013545228
16.1641287957493  0.0  0.014354124290770187  0.0993422346514621  0.004828538201722741  0.013267138591047403  0.007778842845019336  0.010055859031384009
16.6641287957493  0.0  0.017370591752056273  0.1372813050381166  0.005864538497476634  0.01488546742134804  0.009445058616317826  0.01210138203598368
16.16307354688309  -0.15  0.01486712263365759  0.100689663570344  0.004990336976391974  0.014252530691288453  0.008045586355479868  0.010648118648064584
16.162674894964045  0.15  0.01396958755182583  0.09864529565274546  0.004705640699572816  0.012490123662861674  0.007576880560931262  0.009593807436375
17.159546361995442  -0.3  0.030675117120239407  0.2714280292997061  0.010152962655758165  0.02904790404906772  0.016465465743497564  0.023766966244356542
17.15867679000685  0.3  0.0195863587180932  0.18939053585741336  0.006803588846879673  0.015061920524390543  0.01082525189370535  0.013809051578124312
