57610.138400164615    331.5406417661747     52.68652485554337     25    
57610.638400164615    396.2950640522775     52.26244956603584     25    
57611.138400164615    466.02198569085976    53.16008928275169     25    
57611.638400164615    540.4897805016255     58.69518228820991     25    
57612.138400164615    619.5606961340751     64.37844734847377     25    
57612.638400164615    702.959914865129      65.70178754543791     25    
57613.138400164615    790.5898795893731     65.35306345438634     25    
57613.638400164615    882.1385736363418     65.58930497315752     25    
57614.138400164615    977.542642550308      65.83819708809656     25    
57614.638400164615    1076.4588633088163    66.05146706039469     25    
57615.138400164615    1178.8520915104343    66.23953971677787     25    
57615.638400164615    1284.3538903761062    66.41108851555371     25    
57616.138400164615    1392.9513329633019    66.58006300923753     25    
57616.638400164615    1504.327350461871     66.89277727290421     25    
57617.138400164615    1618.4135177561886    67.26665491225108     25    
57617.638400164615    1734.6870228679525    66.94518449998272     25    
57618.138400164615    1852.9600334760041    66.0525293349744      25    
57618.638400164615    1968.72110266481      66.23239204252322     25    
57619.138400164615    2082.1737929382048    67.4372473498398      25    
57619.638400164615    2187.2446464654167    68.39325957222925     25    
57620.138400164615    2284.0997806103233    69.07901313235278     25    
57620.638400164615    2367.484149889126     69.4815057948611      25    
57621.138400164615    2436.6088814955506    69.51320923667403     25    
57621.638400164615    2494.171112430986     69.88023865463394     25    
57622.138400164615    2539.6241888698314    70.72545027299131     25    
57622.638400164615    2578.3737022596965    71.71814520009646     25    
57623.138400164615    2610.8672980686406    72.96405565853587     25    
57623.638400164615    2641.2185785985334    73.62038324324116     25    
57624.138400164615    2671.2921799471287    73.23441734234464     25    
57624.638400164615    2699.660720840349     72.66416892374829     25    
57625.138400164615    2726.9371436347496    72.10518140048576     25    
57625.638400164615    2750.1307864778546    71.89051190434729     25    
57626.138400164615    2768.1710484488067    72.56008323613334     25    
57626.638400164615    2779.2447161770765    73.19934373696204     25    
57627.138400164615    2781.2385665282186    73.10281945712013     25    
57627.638400164615    2775.1488728921477    72.78025418789609     25    
57628.138400164615    2760.64618247702      72.40325906542702     25    
57628.638400164615    2739.15377800299      72.17657300301305     25    
57629.138400164615    2712.1733925175186    72.73207416299549     25    
57629.638400164615    2680.293168562146     73.39771457321544     25    
57630.138400164615    2645.4893518989024    73.83082945099797     25    
57630.638400164615    2607.4143780573436    73.03566601558053     25    
57631.138400164615    2566.6711900511314    66.54403803299982     25    
57631.638400164615    2522.9122275866666    56.47255972146114     25    
57632.138400164615    2475.519248679487     53.011075512262614    25    
57632.638400164615    2424.4866871983436    54.19948512064153     25    
57633.138400164615    2369.0315433244264    54.12162991285922     25    
57633.638400164615    2309.4828543919216    53.63243972126291     25    
57634.138400164615    2247.080171981887     52.87135004786564     25    
57634.638400164615    2181.9252082292314    51.8958054204277      25    
57635.138400164615    2116.9092154138193    51.618699462741546    25    
57635.638400164615    2051.9158727483523    51.99130971287807     25    
57636.138400164615    1989.838740207667     52.0270791782109      25    
57636.638400164615    1930.6318620008751    51.73531493521033     25    
57637.138400164615    1875.4234552667178    50.76120496341164     25    
57637.638400164615    1824.3158327118192    48.88605337844138     25    
57638.138400164615    1777.0413399973625    47.84037248411131     25    
57638.638400164615    1733.6077244176886    48.06976497374063     25    
57639.138400164615    1693.8606785468187    48.20123785309194     25    
57639.638400164615    1657.8218386003102    48.00120239721986     25    
57640.138400164615    1625.1999809022466    47.53494843665245     25    
57640.638400164615    1595.9965739186582    46.596304552285645    25    
57641.138400164615    1569.8242840664282    45.95962564852281     25    
57641.638400164615    1546.61267301069      46.102712442443305    25    
57642.138400164615    1526.021903000621     46.32018409161172     25    
57642.638400164615    1507.990468000587     46.3423551361462      25    
57643.138400164615    1492.0448119654752    46.200503152879335    25    
57643.638400164615    1478.0090003998805    46.11152294587868     25    
57644.138400164615    1465.3560112426424    45.23537332547264     25    
57644.638400164615    1453.6775637116325    41.89881060928044     25    
57645.138400164615    1442.599239398778     38.22266326200393     25    
57645.638400164615    1431.54561706777      37.63114327603819     25    
57646.138400164615    1420.4028328968704    38.18201362626918     25    
57646.638400164615    1408.6937706904412    37.798400053467915    25    
57647.138400164615    1396.4479741514735    37.38967229356617     25    
57647.638400164615    1383.4638218397959    37.90423305478666     25    
57648.138400164615    1369.7142721215162    38.777893192324456    25    
57648.638400164615    1354.965569236478     39.060890896073786    25    
57649.138400164615    1339.2616078476092    38.94805959397708     25    
57649.638400164615    1322.5431338482488    38.04264038422041     25    
57650.138400164615    1304.867109012505     36.799107766983546    25    
57650.638400164615    1286.4831139793964    38.32944860929128     25    
57651.138400164615    1267.3898088012295    41.68241364988464     25    
57651.638400164615    1247.8706779083807    43.22080171443715     25    
57652.138400164615    1227.907748992689     43.40212937703433     25    
57652.638400164615    1207.6126569177372    42.95266159593387     25    
57653.138400164615    1186.985839845314     41.81722825562768     25    
57653.638400164615    1165.8569078424066    41.28758228335388     25    
57654.138400164615    1144.2328349105144    41.471432538827756    25    
57654.638400164615    1121.9375166685254    41.81594864581111     25    
57655.138400164615    1098.9510098432334    42.3735958591048      25    
57655.638400164615    1075.2827012220155    42.41958259592503     25    
57656.138400164615    1050.8821394164981    42.18593027645604     25    
57656.638400164615    1026.0444315816699    39.189371044137054    25    
57657.138400164615    1000.7835370040552    30.135808060900064    25    
57657.638400164615    975.3638836795998     21.25430966317895     25    
57658.138400164615    949.8240700376541     20.51019983271199     25    
57658.638400164615    924.4135313834815     21.339812952496278    25    
57659.138400164615    899.1948348041152     20.56607319557305     25    
57659.638400164615    874.4082382638044     20.006251527898407    25    
57660.138400164615    850.1586939494313     20.062483334798152    25    
57660.638400164615    826.6485018140158     20.39654723864877     25    
57661.138400164615    804.0574907769418     21.01144549644884     25    
57661.638400164615    782.4447024082995     21.433575024576644    25    
57662.138400164615    761.9896222557265     21.00508384358119     25    
57662.638400164615    742.5744345546426     20.18917808560425     25    
57663.138400164615    724.1393288233885     19.284930442239496    25    
57663.638400164615    706.6365082413149     18.414633538640416    25    
57664.138400164615    689.9547094875668     18.208886094386166    25    
57664.638400164615    674.0778834838663     18.34130885447543     25    
57665.138400164615    658.8960463550603     18.294631179590365    25    
57665.638400164615    644.4135829344318     18.178311542747736    25    
57666.138400164615    630.5662845270037     17.961344844600212    25    
57666.638400164615    617.3528135757674     17.671974682369203    25    
57667.138400164615    604.7125862762641     17.425426154953374    25    
57667.638400164615    592.6455833305976     17.2173170309952      25    
57668.138400164615    581.0886247462427     17.140717941501844    25    
57668.638400164615    570.0435475778323     17.184274009404277    25    
57669.138400164615    559.4457908838583     17.220355650053584    25    
57669.638400164615    549.298097264388      17.256578489633007    25    
57670.138400164615    539.5354756360304     18.049824440543432    25    
57670.638400164615    530.1606233371873     19.568713223130146    25    
57671.138400164615    521.1090699496797     20.51079562941295     25    
57671.638400164615    512.3825167431484     20.711045066352217    25    
57672.138400164615    503.9179647717244     21.834460030590684    25    