@INSTRUMENT MEGACAMPSF
@BAND g
@MAGSYS AB
@WEIGHTMAT weightmat_SNLS_g.dat
@X_FOCAL_PLANE -6.523065
@Y_FOCAL_PLANE 1.87569
#Date : MJD
#Flux : 
#Fluxerr : errors (but look at the weight matrix)
#ZP : 
#end
53411.62  0.82783998  0.408851473104  27.022436000000003
53446.53  7.5836189  0.421110346349  27.022436000000003
53462.49  2.8129579  0.811880996297  27.022436000000003
53463.57  0.010155054  2.33424460055  27.022436000000003
53466.61  1.3057965  0.458210687658  27.022436000000003
53469.52  1.3871087  0.442002356819  27.022436000000003
53473.59  1.6022923  0.572418786171  27.022436000000003
53495.44  0.15352848  0.48176432158  27.022436000000003
53500.31  1.0419005  0.353251095156  27.022436000000003
53502.39  0.43511419  0.466619831725  27.022436000000003
53505.39  0.46338904  0.714983254108  27.022436000000003
53518.45  -0.85298469  1.23547516139  27.022436000000003
53523.41  0.49041343  0.942527579638  27.022436000000003
53524.3  0.16967303  0.435361916581  27.022436000000003
53527.35  0.11026397  0.35081572321  27.022436000000003
53531.36  0.027080143  0.470621049478  27.022436000000003
53551.33  -0.10536565  0.329350721357  27.022436000000003
53553.41  0.46068899  0.461108913404  27.022436000000003
53563.34  0.4852921  1.28241429556  27.022436000000003
53578.34  -1.9305514  0.970831298781  27.022436000000003
53583.3  -0.16809601  0.560225080467  27.022436000000003
53586.29  0.39133993  0.509126380056  27.022436000000003
53743.63  -0.014949832  0.362850037699  27.022436000000003
53766.61  1.1219463  0.423084781684  27.022436000000003
53769.6  0.50050477  0.458513479322  27.022436000000003
53772.62  -0.4389293  0.558404832724  27.022436000000003
53799.48  1.5884416  0.473674399098  27.022436000000003
