55140.1061955474    1209.67717727775      329.86743868005914    25    
55140.6061955474    1450.6111795295626    328.47984595976715    25    
55141.1061955474    1710.086089848922     344.413010162314      25    
55141.6061955474    1987.223804336269     412.711420330247      25    
55142.1061955474    2281.298017421076     473.74203718738386    25    
55142.6061955474    2591.3569716037036    487.00160684351414    25    
55143.1061955474    2916.746218462178     485.55543243590284    25    
55143.6061955474    3256.443939799836     489.56455968642985    25    
55144.1061955474    3609.863951440195     492.7328841405359     25    
55144.6061955474    3975.917967392631     494.73481494015414    25    
55145.1061955474    4354.084474823092     495.84885953949237    25    
55145.6061955474    4743.2123128500525    496.097338367301      25    
55146.1061955474    5142.841047078838     496.0952299838547     25    
55146.6061955474    5552.429824612871     495.62898303798204    25    
55147.1061955474    5970.005173532448     497.69734096530107    25    
55147.6061955474    6396.2707513524365    510.331307650071      25    
55148.1061955474    6820.345071088448     527.5155841492001     25    
55148.6061955474    7222.925260026104     541.0502058318829     25    
55149.1061955474    7595.518157002014     552.5733871995759     25    
55149.6061955474    7907.967431563921     561.0394801298555     25    
55150.1061955474    8157.193793335182     566.849577664329      25    
55150.6061955474    8310.04274849917      568.3167565921386     25    
55151.1061955474    8378.867638185697     569.060558178963      25    
55151.6061955474    8375.35271064029      581.5374179577502     25    
55152.1061955474    8307.955408843434     600.6256793407005     25    
55152.6061955474    8211.816891737799     620.6911753542355     25    
55153.1061955474    8089.162720012238     638.2973491091517     25    
55153.6061955474    7976.41781707488      635.5809002120133     25    
55154.1061955474    7868.913785515463     615.074218682061      25    
55154.6061955474    7774.727542524646     565.4471324920618     25    
55155.1061955474    7691.062527521395     491.2318460186836     25    
55155.6061955474    7610.35029290334      465.8001335881608     25    
55156.1061955474    7532.416523197469     480.04315267095745    25    
55156.6061955474    7450.004275474354     481.6852470050316     25    
55157.1061955474    7363.486756761439     477.43636820290175    25    
55157.6061955474    7269.060153554721     476.2487748243254     25    
55158.1061955474    7166.935088628666     478.2805265121879     25    
55158.6061955474    7055.349515513198     494.5291110774068     25    
55159.1061955474    6934.32462953598      521.0075458416411     25    
55159.6061955474    6801.967847084463     529.8835316432512     25    
55160.1061955474    6658.391063711805     523.491867071135      25    
55160.6061955474    6503.451628492906     494.9936583397334     25    
55161.1061955474    6337.185023143486     441.69701034063127    25    
55161.6061955474    6160.552714227647     416.56876402122754    25    
55162.1061955474    5973.541073625767     423.527460649809      25    
55162.6061955474    5777.0038915105615    422.91408868195765    25    
55163.1061955474    5570.8002173624145    414.49355924084466    25    
55163.6061955474    5362.008586331565     404.10366754216165    25    
55164.1061955474    5150.335011965011     391.0215741221445     25    
55164.6061955474    4947.277320371712     394.2877076305585     25    
55165.1061955474    4752.7407177414525    415.82139098390786    25    
55165.6061955474    4577.85036826848      426.94359366106       25    
55166.1061955474    4423.196921572659     425.22870226624974    25    
55166.6061955474    4292.130959701248     431.51182154566067    25    
55167.1061955474    4185.327670091207     448.0280063737298     25    
55167.6061955474    4100.1699790346065    463.7993214341668     25    
55168.1061955474    4036.66743044153      478.94201988269515    25    
55168.6061955474    3992.745248519631     484.83689683730915    25    
55169.1061955474    3968.7022279271446    480.13608631115864    25    
55169.6061955474    3959.905219708441     466.02595809994136    25    
55170.1061955474    3966.534574309874     438.0333989182641     25    
55170.6061955474    3981.823186905741     420.9144084452559     25    
55171.1061955474    4005.33582495611      424.3179790325354     25    
55171.6061955474    4030.7214490750907    429.96888631888044    25    
55172.1061955474    4056.5045930465985    435.09901779922035    25    
55172.6061955474    4081.4302219676388    436.4984369075827     25    
55173.1061955474    4104.2321245611365    431.77718761380936    25    
55173.6061955474    4128.234912874314     426.0546359374961     25    
55174.1061955474    4153.767654784649     419.8118270883195     25    
55174.6061955474    4183.419436224187     417.08405648249726    25    
55175.1061955474    4218.56466877971      422.1997998210554     25    
55175.6061955474    4257.684163342242     422.7802540752152     25    
55176.1061955474    4301.73699801751      410.0243526052953     25    
55176.6061955474    4345.268200095639     403.00455199494166    25    
55177.1061955474    4387.122087286512     413.96295411511034    25    
55177.6061955474    4422.743304576961     423.459391606623      25    
55178.1061955474    4449.682355158888     424.7566986640402     25    
55178.6061955474    4467.3743336436355    418.12484970584944    25    
55179.1061955474    4473.9153122678945    398.20217014153627    25    
55179.6061955474    4472.83163916799      375.64216336428075    25    
55180.1061955474    4465.1121763698675    355.46304332215004    25    
55180.6061955474    4453.270304583852     343.3082016827708     25    
55181.1061955474    4439.426497732917     349.89694448257177    25    
55181.6061955474    4423.259421256385     359.7642641630694     25    
55182.1061955474    4406.219890317623     357.93244912012653    25    
55182.6061955474    4384.940593455898     364.2999593657462     25    
55183.1061955474    4357.77914925615      398.05026558414295    25    
55183.6061955474    4322.389377908341     431.23756692719       25    
55184.1061955474    4275.897184618986     451.3487560082985     25    
55184.6061955474    4218.581159726707     454.83387950686745    25    
55185.1061955474    4148.5448362281895    423.78171375308074    25    
55185.6061955474    4069.0247409109966    374.70054112489834    25    
55186.1061955474    3982.338881064577     320.32854117054075    25    
55186.6061955474    3890.485457069812     268.84495691544794    25    
55187.1061955474    3796.780443501381     263.0143150856052     25    
55187.6061955474    3701.8529650448822    276.5273195596754     25    
55188.1061955474    3608.4212175620423    275.37326401953334    25    
55188.6061955474    3515.597254386671     272.9636629163423     25    
55189.1061955474    3423.337788165058     275.7989848016935     25    
55189.6061955474    3331.411344020567     281.24210978318473    25    
55190.1061955474    3239.3141136797826    290.22699691774454    25    
55190.6061955474    3147.235444831367     297.04053275813794    25    
55191.1061955474    3054.999206011023     288.7145552923434     25    
55191.6061955474    2963.2433415094238    271.1872106841798     25    
55192.1061955474    2873.1005700324113    251.66735079521234    25    
55192.6061955474    2784.902746987076     228.66583937858903    25    
55193.1061955474    2700.0849804645613    203.0634049404873     25    
55193.6061955474    2618.6855817287665    177.34865901793896    25    
55194.1061955474    2541.8484166054172    168.3578772106577     25    
55194.6061955474    2469.2588223826597    170.99379457545547    25    
55195.1061955474    2400.7415606731397    169.82140894780076    25    
55195.6061955474    2336.216366558868     167.86116671985158    25    
55196.1061955474    2275.3261309168556    165.3600015498309     25    
55196.6061955474    2218.0393636241633    162.5586773335127     25    
55197.1061955474    2163.996302868142     160.51668606303312    25    
55197.6061955474    2113.1730871166806    159.10687905810758    25    
55198.1061955474    2065.2027498127995    158.17963378169466    25    
55198.6061955474    2020.0682103222339    158.09695538624047    25    
55199.1061955474    1977.3961450366432    159.99721810600255    25    
55199.6061955474    1937.1754065266339    164.59517834686054    25    
55200.1061955474    1899.0271618254835    174.97727090005364    25    
55200.6061955474    1862.9453490156895    192.44534245873703    25    
55201.1061955474    1828.5464734651239    229.91885634298413    25    