55934.033680937755    153.022331185353      68.75839060194771     25    
55934.533680937755    199.86795601869284    52.1381191310327      25    
55935.033680937755    255.29605454501217    75.49182642581411     25    
55935.533680937755    320.11413666966325    164.67060622371443    25    
55936.033680937755    394.8973371970823     224.48870044232686    25    
55936.533680937755    480.56323866889113    234.54774444004872    25    
55937.033680937755    577.5817951845981     229.51628892091213    25    
55937.533680937755    686.9708780594116     230.26122840043985    25    
55938.033680937755    809.1050445505961     230.80968465114523    25    
55938.533680937755    945.0926708842616     230.87114832090114    25    
55939.033680937755    1095.2227013381098    230.48267294477998    25    
55939.533680937755    1260.6842331864734    229.59324626036232    25    
55940.033680937755    1441.6903815901728    228.29708457815252    25    
55940.533680937755    1639.8421384438143    227.8096109233863     25    
55941.033680937755    1854.673022063632     226.35582249718396    25    
55941.533680937755    2087.886990857943     215.72640675576477    25    
55942.033680937755    2336.069925410154     199.43968271975353    25    
55942.533680937755    2587.1138462961153    194.5288008286043     25    
55943.033680937755    2839.520163644344     197.79910078553314    25    
55943.533680937755    3074.703427072322     199.6884951781576     25    
55944.033680937755    3292.905003612212     201.19631693915895    25    
55944.533680937755    3475.830049818176     201.56988490896927    25    
55945.033680937755    3625.39809774243      201.02902278495546    25    
55945.533680937755    3743.5100761977724    201.39792875197958    25    
55946.033680937755    3830.497691714245     202.55193748904904    25    
55946.533680937755    3897.338198494079     204.37513406119294    25    
55947.033680937755    3943.7328015820744    206.85843440678337    25    
55947.533680937755    3979.6570380096655    208.6076233953607     25    
55948.033680937755    4005.2593254899575    210.22254636256957    25    
55948.533680937755    4020.67661861911      193.65542989308233    25    
55949.033680937755    4026.296175303544     148.093235068337      25    
55949.533680937755    4017.741489104202     116.38000652286004    25    
55950.033680937755    3994.96694719697      121.48850188562726    25    
55950.533680937755    3954.506094832977     125.94959530697993    25    
55951.033680937755    3895.384704764475     124.90845202641174    25    
55951.533680937755    3820.644333281775     123.39477332117409    25    
55952.033680937755    3729.7478148455134    121.2563942647164     25    
55952.533680937755    3628.6869227505977    120.56969653707928    25    
55953.033680937755    3517.9853549070203    122.56077933781908    25    
55953.533680937755    3402.684016999299     123.62827254157311    25    
55954.033680937755    3284.2692394977307    122.46228445750617    25    
55954.533680937755    3164.039764001865     120.839650831818      25    
55955.033680937755    3042.9504907569317    118.90830767276422    25    
55955.533680937755    2920.5337079935493    117.8853086518593     25    
55956.033680937755    2796.77781461971      119.0976698008879     25    
55956.533680937755    2671.699817713621     120.06131301127631    25    
55957.033680937755    2545.0151418710734    119.4866239575522     25    
55957.533680937755    2417.7093553778213    118.03436102617242    25    
55958.033680937755    2289.961039176059     115.17352083795114    25    
55958.533680937755    2163.1120646193795    112.7309829918869     25    
55959.033680937755    2038.0028293078174    112.94442138045565    25    
55959.533680937755    1915.616604534982     113.63326262140336    25    
55960.033680937755    1797.0849923884732    114.88806589157728    25    
55960.533680937755    1682.8378531374922    112.56204042501075    25    
55961.033680937755    1573.7864709766247    96.02946513989366     25    
55961.533680937755    1470.1062716952613    73.44526642044373     25    
55962.033680937755    1372.3795626702577    68.09871277377408     25    
55962.533680937755    1280.8146879347078    71.31387789294752     25    
55963.033680937755    1196.2243914194469    71.4921044283881      25    
55963.533680937755    1118.2412685642978    71.42155167769097     25    
55964.033680937755    1046.804170913739     69.92313029124143     25    
55964.533680937755    981.4104737151875     67.99308663279729     25    
55965.033680937755    920.8766824103822     68.04770526359513     25    
55965.533680937755    865.0277801586819     69.10065806456632     25    
55966.033680937755    812.4900608568277     69.64947791659485     25    
55966.533680937755    763.3708608647293     69.78584232210646     25    
55967.033680937755    716.9616144525163     69.2079014202567      25    
55967.533680937755    673.4184007914264     67.27132757186548     25    
55968.033680937755    632.9013865305473     58.12539131612457     25    
55968.533680937755    595.417915731937      40.65177996374121     25    
55969.033680937755    561.1747220922607     31.747133888525752    25    
55969.533680937755    530.132717054136      34.42293105638813     25    
55970.033680937755    502.1686255715654     34.375277926902       25    
55970.533680937755    477.2595514341716     32.78125740245479     25    
55971.033680937755    454.85272144118943    32.71248715617432     25    
55971.533680937755    434.9624770857369     34.064183747606165    25    
55972.033680937755    417.03418607414704    34.95498815355956     25    
55972.533680937755    401.08399431526465    35.44070895619234     25    
55973.033680937755    386.5662402755553     34.867468512747244    25    
55973.533680937755    373.4938294333111     33.0736404974724      25    
55974.033680937755    361.33368017026777    31.33722326703861     25    
55974.533680937755    350.0922052460103     29.706677836218176    25    
55975.033680937755    339.2347714565056     29.090712104874743    25    
55975.533680937755    328.71916636427       29.988609565085724    25    
55976.033680937755    318.32353063051386    29.574428993510733    25    
55976.533680937755    307.968566842634      26.872935283304706    25    
55977.033680937755    297.86779220709695    24.688910301366455    25    
55977.533680937755    288.0246095445903     23.983957824030366    25    
55978.033680937755    278.62171481300476    24.001380472248982    25    
55978.533680937755    269.68897283123664    24.89618404261463     25    
55979.033680937755    261.34779460281305    25.306674172315144    25    
55979.533680937755    253.6384830024714     24.63788402621307     25    
55980.033680937755    246.60463246439676    23.553324203429856    25    
55980.533680937755    240.2626240809164     21.88914658469881     25    
55981.033680937755    234.6595824192078     20.791487014662227    25    
55981.533680937755    229.84757097761937    21.58767778413849     25    
55982.033680937755    225.74662515579774    22.171190231877056    25    
55982.533680937755    222.40170977864904    21.052478529742295    25    
55983.033680937755    219.54615876189533    19.894332490193698    25    
55983.533680937755    217.05761927487583    19.904637293935025    25    
55984.033680937755    214.73205960158162    20.373375950104275    25    
55984.533680937755    212.36049857633725    21.265637953321605    25    
55985.033680937755    209.8893728597542     21.849194117162913    25    
55985.533680937755    207.12649884993672    20.954477782130443    25    
55986.033680937755    204.21432626797434    19.655331399056465    25    
55986.533680937755    201.22891982301857    18.986843435537264    25    
55987.033680937755    198.23936399068356    19.05310663262187     25    
55987.533680937755    195.38384968928872    20.86300024988983     25    
55988.033680937755    192.67731570635763    23.06231620536768     25    
55988.533680937755    190.2398159514875     24.117683506801637    25    
55989.033680937755    188.0300447212728     24.543288340203052    25    
55989.533680937755    186.03102179587037    24.267020507867006    25    
55990.033680937755    184.23110463067553    23.437402012278845    25    
55990.533680937755    182.59126402697717    22.38885722916003     25    
55991.033680937755    181.10698722251908    21.121198291577752    25    
55991.533680937755    179.73776601715076    20.057070985889723    25    
55992.033680937755    178.48081328610286    19.156887953575264    25    
55992.533680937755    177.29404519143145    18.617976000540274    25    
55993.033680937755    176.1761002464672     18.31814714123567     25    
55993.533680937755    175.08361897485872    17.235325748514676    25    
55994.033680937755    174.0163655286515     15.583206798280202    25    
55994.533680937755    172.93000479247246    15.182746504231911    25    
55995.033680937755    171.8251265576959     16.121932271851396    25    
55995.533680937755    170.6567200693129     19.35869409711328     25    