#mB  c  mBmB x1x1 cc mBx1 mBc x1c
20.109060681331414  -0.3  0.0012416160056279895  0.04949006386118946  0.0009456666804285721  0.0053656767332282045  0.0006389298623973107  0.002623928734663544
20.1086110965896  0.3  0.0013918659870471293  0.05095042051300658  0.0008469852348504915  0.005523421124201018  0.0008834111298314927  0.0029230347082375686
20.613879066500974  0.0  0.00219448255399473  0.08613377075489163  0.0014623144841819002  0.00961732650713623  0.0012365688214243525  0.004804757650516238
21.113879066500978  0.0  0.0040732183804915115  0.16376348783393932  0.0026817366567269646  0.01820825796204217  0.0021212059000462117  0.008743905287711304
21.613879066500978  0.0  0.008395352172057792  0.3384822853843258  0.005512315517670115  0.03716630622860732  0.004084613308418817  0.017325234920708813
21.11271225285237  -0.15  0.003930848660142679  0.15969303746934335  0.0027813660661234825  0.01790285703414742  0.0017637181856884321  0.008325683983403147
21.112523738937025  0.15  0.004189901268324607  0.1656783417481114  0.0025745912496531968  0.01821079702032987  0.002381056369640107  0.00895963219196118
22.109060681331414  -0.3  0.01712091599225784  0.65166997788227  0.013432836911533186  0.07230144688730779  0.003933840606210272  0.030240164333145945
22.1086110965896  0.3  0.020146523327859715  0.7889939486417143  0.011398868513154267  0.08356401345443602  0.011560763637100974  0.04070232986999302
