#mB  c  mBmB x1x1 cc mBx1 mBc x1c
15.521856983677873  -0.3  0.0007143382674061538  0.010187196535289942  0.0004393040859864858  1.1986680058134894e-05  0.00043183650901511505  -0.00032199799101518005
15.521417752374004  0.3  0.0007557785945099155  0.00969977427192559  0.0004701764521186717  -3.570804605608093e-05  0.00047514861167772176  -0.00032670594257495217
16.026681184967366  0.0  0.0007970334323618523  0.010202941434055314  0.00047278766548795984  2.150818895639818e-06  0.00048451068448207725  -0.0003233253546627882
16.526681184967366  0.0  0.0009497000310675547  0.010891217167512431  0.0005182092707231882  4.6425831035678346e-05  0.0005612737633784748  -0.0003138169755349801
17.026681184967366  0.0  0.0013045433408491495  0.012427584025609326  0.0006250837518175408  0.0001715951076073596  0.0007405270448654579  -0.00027923814462787317
16.525511621124455  -0.15  0.0009620289488652296  0.011416579684444428  0.000519433634312638  7.188281260880663e-05  0.0005615559149916044  -0.0003128294907248937
16.52532828758244  0.15  0.0009403873335475159  0.010510482948658946  0.0005189097066100219  2.318874458532506e-05  0.0005624496292430396  -0.00031591853170546356
17.521856983677875  -0.3  0.0024801009743133707  0.022560424948950126  0.0009987883549482954  0.000768892567188562  0.0013099793331741243  -0.00018112693575280352
17.52141775237401  0.3  0.0018578701650707023  0.01270929562393002  0.0007967179469848914  0.00029241618916113433  0.0010408811994844168  -0.00021633339963122815
