50789.802231603804    0.6425911032859576     0.18574394169956823     25    
50790.302231603804    0.7149845664002512     0.18414442602802852     25    
50790.802231603804    0.7909317824305573     0.18169976224992718     25    
50791.302231603804    0.870247308107598      0.183027584249737       25    
50791.802231603804    0.9527890330379828     0.19278982601032682     25    
50792.302231603804    1.0386998534237857     0.2118676283669633      25    
50792.802231603804    1.1278622778255278     0.23180999458910495     25    
50793.302231603804    1.2200908629739315     0.24562737934534493     25    
50793.802231603804    1.31537349710325       0.2503692781350607      25    
50794.302231603804    1.4137882722948691     0.25004732544658886     25    
50794.802231603804    1.5151525026023542     0.2480730932830491      25    
50795.302231603804    1.6193049733240705     0.24757642061505453     25    
50795.802231603804    1.7263775513707456     0.24778891977016157     25    
50796.302231603804    1.8362828789024874     0.24797750305867988     25    
50796.802231603804    1.9488355126500214     0.2481342862353235      25    
50797.302231603804    2.063982374908283      0.24825361304819865     25    
50797.802231603804    2.1818342517294615     0.24833979548964039     25    
50798.302231603804    2.302216729135631      0.24839866063334798     25    
50798.802231603804    2.4249550027626015     0.2484349855860657      25    
50799.302231603804    2.550158880938392      0.2484345188071604      25    
50799.802231603804    2.677776654068378      0.2484124104637253      25    
50800.302231603804    2.8076228788832815     0.2483978323795487      25    
50800.802231603804    2.9396821701925804     0.24886176878506716     25    
50801.302231603804    3.0741680655846797     0.25028528284648444     25    
50801.802231603804    3.210600956221857      0.2507090973562195      25    
50802.302231603804    3.34847422603535       0.24800748103540465     25    
50802.802231603804    3.489132498371918      0.23976237677497936     25    
50803.302231603804    3.631585490359329      0.22815305881942305     25    
50803.802231603804    3.772962558750211      0.21767688119929673     25    
50804.302231603804    3.9115785860836914     0.21299686961954561     25    
50804.802231603804    4.049986651007332      0.2132661152329097      25    
50805.302231603804    4.185154754606252      0.2156557770602786      25    
50805.802231603804    4.3132374002389335     0.21747211017895746     25    
50806.302231603804    4.4346851185194485     0.2181022418628015      25    
50806.802231603804    4.550371714187974      0.21866972509352986     25    
50807.302231603804    4.656985178542497      0.21911506282105644     25    
50807.802231603804    4.751551690281091      0.2193591630406778      25    
50808.302231603804    4.83481724780926       0.21930641752996244     25    
50808.802231603804    4.90799366186231       0.21917298056809767     25    
50809.302231603804    4.971964096812419      0.21922335081900962     25    
50809.802231603804    5.0261067184006        0.2195948751204475      25    
50810.302231603804    5.070151539130578      0.22015264672673932     25    
50810.802231603804    5.106925288051459      0.22081683071446467     25    
50811.302231603804    5.138934800351503      0.22153702068156655     25    
50811.802231603804    5.1642749387126266     0.22250839032974312     25    
50812.302231603804    5.184107284531036      0.2234914251180262      25    
50812.802231603804    5.201045189811722      0.2241171403631659      25    
50813.302231603804    5.216492913105158      0.22482637238001904     25    
50813.802231603804    5.229115248232329      0.22604309530751918     25    
50814.302231603804    5.2391362556415615     0.22552455042603717     25    
50814.802231603804    5.24688011738426       0.2208141502305255      25    
50815.302231603804    5.252774708363133      0.20891816664649313     25    
50815.802231603804    5.256225312392658      0.1928669359346776      25    
50816.302231603804    5.256319414965125      0.17856451584781008     25    
50816.802231603804    5.252595976679482      0.1723628448302843      25    
50817.302231603804    5.245687082238306      0.1726568225414969      25    
50817.802231603804    5.2348918511767355     0.1754826694132571      25    
50818.302231603804    5.219395053611526      0.17699069891489216     25    
50818.802231603804    5.1990024673733615     0.17686277905298722     25    
50819.302231603804    5.174118803759816      0.176518148323591       25    
50819.802231603804    5.145024184433145      0.17611123386144326     25    
50820.302231603804    5.1118002561243365     0.17573039299924417     25    
50820.802231603804    5.074000812751306      0.17522795087171553     25    
50821.302231603804    5.032404613743064      0.17479025836305612     25    
50821.802231603804    4.9879477830921966     0.17465415633883533     25    
50822.302231603804    4.940482789036457      0.17508046374203315     25    
50822.802231603804    4.889814050482027      0.1758573178812396      25    
50823.302231603804    4.8368579306193356     0.1765099535570145      25    
50823.802231603804    4.7823588642067545     0.17683846501152253     25    
50824.302231603804    4.72576355285772       0.17791504444405384     25    
50824.802231603804    4.667370119668188      0.1781640971022708      25    
50825.302231603804    4.607745998142876      0.1754662990976952      25    
50825.802231603804    4.547018591994384      0.16695863009212267     25    
50826.302231603804    4.484929246805564      0.15313300803305763     25    
50826.802231603804    4.421803744982391      0.13866526522430153     25    
50827.302231603804    4.35793521266682       0.12988669766862354     25    
50827.802231603804    4.293099059780603      0.12820285818154936     25    
50828.302231603804    4.227433607435165      0.13010102008300498     25    
50828.802231603804    4.161250880040639      0.1320100615883772      25    
50829.302231603804    4.0947123603810605     0.13195106628896014     25    
50829.802231603804    4.027655378929101      0.13166520154017156     25    
50830.302231603804    3.960133760679682      0.13125316703456397     25    
50830.802231603804    3.8922140228051707     0.1307028344057654      25    
50831.302231603804    3.8239507317248806     0.12983046982459243     25    
50831.802231603804    3.755258981494871      0.12883303848663002     25    
50832.302231603804    3.6860185298856902     0.12807889622604002     25    
50832.802231603804    3.6161659105384647     0.12791483642105722     25    
50833.302231603804    3.5457823778464337     0.12826428389768313     25    
50833.802231603804    3.4747847870212216     0.12873591322096792     25    
50834.302231603804    3.4030733525815675     0.12894739269689634     25    
50834.802231603804    3.3304693552874025     0.12972351025240522     25    
50835.302231603804    3.257150518148046      0.13048989973983058     25    
50835.802231603804    3.183474404615662      0.1294727328050164      25    
50836.302231603804    3.1096160318601513     0.12456819906477726     25    
50836.802231603804    3.035162851026423      0.1145869113764389      25    
50837.302231603804    2.9607153226637637     0.10251998391487889     25    
50837.802231603804    2.88701549609291       0.09303896500149741     25    
50838.302231603804    2.8139511519195954     0.08965246226313488     25    
50838.802231603804    2.7413616246666512     0.09006374424863177     25    
50839.302231603804    2.6699784883680486     0.09153591742094946     25    
50839.802231603804    2.6004168577298103     0.09167471361336418     25    
50840.302231603804    2.5323179045566975     0.09145896377911157     25    
50840.802231603804    2.4657708921684818     0.09121861675183573     25    
50841.302231603804    2.4010415747727865     0.09081374215031345     25    
50841.802231603804    2.338304879323393      0.09007127325559741     25    
50842.302231603804    2.2774242493718493     0.08906473275710124     25    
50842.802231603804    2.218224494076024      0.08810947327987471     25    
50843.302231603804    2.160553113182594      0.08752511979041441     25    
50843.802231603804    2.104539631875729      0.08734222451111247     25    
50844.302231603804    2.050095211237456      0.08735812447421641     25    
50844.802231603804    1.9970305314046948     0.08737638221149432     25    
50845.302231603804    1.9452704492002368     0.08730718995015324     25    
50845.802231603804    1.8949238877956518     0.08725824762676446     25    
50846.302231603804    1.8458737328605674     0.08714848597121366     25    
50846.802231603804    1.7979975037926794     0.08692115107888732     25    
50847.302231603804    1.7513359270297078     0.08723633622474665     25    
50847.802231603804    1.705892042516622      0.0874050693962256      25    
50848.302231603804    1.661603912498871      0.08611241485560413     25    
50848.802231603804    1.6184398728429163     0.08167659845049298     25    
50849.302231603804    1.5764435866721689     0.07339502194892046     25    
50849.802231603804    1.5355661988965799     0.0636418558217938      25    
50850.302231603804    1.4957507106536485     0.056338729197119075    25    
50850.802231603804    1.4569982104692465     0.054196975465967884    25    
50851.302231603804    1.4193244897848514     0.05516965593207797     25    
50851.802231603804    1.3827169701076907     0.056659877045074594    25    
50852.302231603804    1.3471596328583553     0.05661445620419381     25    
50852.802231603804    1.3126432421351042     0.05597580589260497     25    
50853.302231603804    1.2792039800102386     0.05528599000159149     25    
50853.802231603804    1.2468823985998196     0.05487353884380485     25    
50854.302231603804    1.2156728284022513     0.0549387527661286      25    
50854.802231603804    1.1855660751545856     0.05528303936238085     25    
50855.302231603804    1.1566019071027038     0.055649909572108934    25    
50855.802231603804    1.1288265393328976     0.05582913367112449     25    
50856.302231603804    1.1022784388921598     0.05595235554786871     25    
50856.802231603804    1.0768596597666054     0.05597590987830695     25    
50857.302231603804    1.0524521567023644     0.05579037625168037     25    
50857.802231603804    1.0291156318277297     0.05536202645580605     25    
50858.302231603804    1.0068954636082377     0.05473732083008941     25    
50858.802231603804    0.985468239667764      0.053859418473893035    25    
50859.302231603804    0.9645454851106935     0.052629230989911534    25    
50859.802231603804    0.9443607765300255     0.05068704602039226     25    
50860.302231603804    0.9247614007540427     0.04846238830003109     25    
50860.802231603804    0.9054095439675197     0.04669722065935417     25    
50861.302231603804    0.8861329188369356     0.04609974642250678     25    
50861.802231603804    0.867110956910753      0.04641077854667545     25    
50862.302231603804    0.8482643098362478     0.04692487326873237     25    
50862.802231603804    0.8294956102537501     0.046957697754182466    25    
50863.302231603804    0.8106765718717134     0.046393011492064526    25    
50863.802231603804    0.7919808001379629     0.0456030257038572      25    
50864.302231603804    0.7736791057518935     0.044924434535158785    25    
50864.802231603804    0.7559020768322958     0.04462824891457799     25    
50865.302231603804    0.7384463278486297     0.044579621780783174    25    
50865.802231603804    0.7215674377677236     0.044672980862494084    25    
50866.302231603804    0.7055610326555505     0.04481862724103425     25    
50866.802231603804    0.6904203963169784     0.045109778565442966    25    
50867.302231603804    0.6760649388727773     0.04549364329719385     25    
50867.802231603804    0.6625662123788814     0.04575669824781084     25    
50868.302231603804    0.6500261422590085     0.0458153007190247      25    
50868.802231603804    0.6385257386754073     0.04596757206398526     25    
50869.302231603804    0.6277943528601477     0.04573944993563287     25    
50869.802231603804    0.617524991405771      0.044530087087936446    25    
50870.302231603804    0.6077743369308293     0.04138650581763519     25    
50870.802231603804    0.5986064148778801     0.03652954906840238     25    
50871.302231603804    0.5896799557236274     0.03143839992320428     25    
50871.802231603804    0.5807090865194119     0.028392168372753355    25    
50872.302231603804    0.5718742724092742     0.02786169727634998     25    
50872.802231603804    0.5631098090152283     0.02855087890335733     25    
50873.302231603804    0.5542576119025973     0.0290574386382671      25    
50873.802231603804    0.5451841167998166     0.028704464832437267    25    
50874.302231603804    0.5359722444666785     0.028155036531761313    25    
50874.802231603804    0.5268090938910851     0.027678833385692766    25    
50875.302231603804    0.5178585830939919     0.027541087116305898    25    
50875.802231603804    0.5089722545779186     0.02775546102256503     25    
50876.302231603804    0.5002574325540653     0.028167337078663965    25    
50876.802231603804    0.4919392499483211     0.028639630559642745    25    
50877.302231603804    0.4841219715000746     0.02917015183748679     25    
50877.802231603804    0.4766802441057629     0.029851825572614628    25    
50878.302231603804    0.4697091204096267     0.030419135185988308    25    
50878.802231603804    0.46331566106984856    0.030612906257941594    25    
50879.302231603804    0.4575654320952348     0.03035764354495179     25    
50879.802231603804    0.4523491102266656     0.02983366299244211     25    
50880.302231603804    0.44752095212553666    0.029237141381955135    25    
50880.802231603804    0.443013320657537      0.02870978363760684     25    
50881.302231603804    0.4389406994878071     0.028145138557580003    25    
50881.802231603804    0.4351498035212008     0.027553654836518244    25    
50882.302231603804    0.4314641982652833     0.026963871288948747    25    
50882.802231603804    0.4279257009748156     0.026316785490197957    25    
50883.302231603804    0.4245518800519938     0.025647487404427863    25    
50883.802231603804    0.42121765154054286    0.025092565845253264    25    
50884.302231603804    0.4178218261950381     0.024800480612433153    25    
50884.802231603804    0.4144153349040509     0.02479346589541239     25    
50885.302231603804    0.4110136274504229     0.024892236902587295    25    
50885.802231603804    0.40761828601961997    0.02490355071279366     25    
50886.302231603804    0.4042214781706942     0.024752602364397747    25    
50886.802231603804    0.40082655893424946    0.024533155311126636    25    
50887.302231603804    0.3974537260766602     0.024294817651390386    25    
50887.802231603804    0.3941189600732474     0.024079334013985307    25    
50888.302231603804    0.39080684780124963    0.023853659510454872    25    
50888.802231603804    0.3875295377435459     0.02363832927090541     25    
50889.302231603804    0.3843072351471242     0.02347249434078424     25    
50889.802231603804    0.38114226671503587    0.023380744225545706    25    
50890.302231603804    0.37802525931100556    0.023344412546667595    25    
50890.802231603804    0.3749759752036961     0.023345650900479062    25    
50891.302231603804    0.37201234765177765    0.023357813438647256    25    
50891.802231603804    0.3691204227552095     0.02329100385368783     25    
50892.302231603804    0.3663089369908009     0.023276281968255347    25    
50892.802231603804    0.3635980956055395     0.023505178320454453    25    
50893.302231603804    0.3609945600523271     0.024169349341378897    25    
50893.802231603804    0.35848565248460734    0.025187393633806624    25    
50894.302231603804    0.3560901051314735     0.026220519934131655    25    
50894.802231603804    0.35382720317852906    0.026966006580946306    25    
50895.302231603804    0.3516856536612857     0.02718119635794195     25    
50895.802231603804    0.34967018019406737    0.027271654619255643    25    
50896.302231603804    0.34780098802386195    0.02780450268997875     25    
50896.802231603804    0.3460884724970067     0.028961484800874477    25    