#Date  :
#Flux  :
#Fluxerr  :
#ZP  :
#end  :
@INSTRUMENT  CNIa02
@BAND  SDSS_r
@MAGSYS  AB
58056.40310000023  4655.860935229591  102.91695345047326  25.0
58091.32420000015  1398.2988484658388  100.45470502084834  25.0
58100.09439999983  878.213279898008  37.20775884412335  25.0
58045.4589999998  1966.0746338791048  38.02725480662899  25.0
58049.45259999996  3515.604405282976  55.04585241553238  25.0
58051.452200000174  4040.173353730007  63.25933197386797  25.0
58053.45390000008  4401.492842868152  68.91672028640566  25.0
58055.45390000008  4681.661397243647  68.99151195935829  25.0
58058.45820000023  4870.796664925367  107.66806839906717  25.0
58060.40670000017  4425.883723626269  101.90973885262531  25.0
58063.4084999999  3819.4427084004606  112.57077560108749  25.0
58065.45580000011  3512.36790465681  84.1102701743887  25.0
58067.41770000011  2913.39922257017  69.76683604566028  25.0
58071.46070000017  2387.8112829131783  35.188087455189724  25.0
58076.41380000021  2201.9122114844777  56.785010623082265  25.0
58083.45970000001  2072.0488977590053  145.04049467841304  25.0
58089.41069999989  1506.6070661867434  87.42109248362435  25.0
58098.27190000005  897.8421709097264  28.116068780702253  25.0
58099.370699999854  934.1142557364784  22.36912662810022  25.0
