9 9
0.5152231236701547  -0.003074585604468892  -0.00428432240045145  -0.004773787648314473  -0.0038836012539646184  -0.004578210235193291  -0.007627162404964555  -0.014151699030934502  -0.009552297866951347  
-0.003074585604468893  0.24614057255814564  -0.0020537147508942065  -0.0022672273541565636  -0.0018091792249703802  -0.002106960959023263  -0.0036938170613220363  -0.006669847930568962  -0.00440663394593457  
-0.004284322400451451  -0.0020537147508942065  0.37277189171803315  -0.003424910274133321  -0.002655086484958919  -0.003000080692085338  -0.005807979814301305  -0.00979114876189242  -0.0061980570903998975  
-0.004773787648314473  -0.0022672273541565636  -0.0034249102741333204  0.4011601495058381  -0.0029153200036919416  -0.0033177476045582995  -0.006183290016023875  -0.010697523741667544  -0.006875056800762791  
-0.003883601253964618  -0.0018091792249703804  -0.002655086484958918  -0.0029153200036919416  0.3156445212779869  -0.002682662443658951  -0.004746818266967858  -0.008474818222118013  -0.005542372688938628  
-0.00457821023519329  -0.0021069609590232624  -0.0030000806920853383  -0.0033177476045582995  -0.0026826624436589504  0.3593609156550816  -0.0053588106342448375  -0.009776170256062781  -0.006529520331776368  
-0.007627162404964553  -0.0036938170613220363  -0.005807979814301302  -0.006183290016023874  -0.004746818266967857  -0.005358810634244836  0.6663738551333241  -0.01761750028940116  -0.011108392892797591  
-0.0141516990309345  -0.006669847930568964  -0.009791148761892422  -0.010697523741667544  -0.008474818222118012  -0.009776170256062781  -0.01761750028940116  1.1364634510702911  -0.020333805866875054  
-0.009552297866951347  -0.004406633945934571  -0.006198057090399897  -0.00687505680076279  -0.005542372688938628  -0.006529520331776368  -0.01110839289279759  -0.020333805866875054  0.7362663994361585  
