#mB  c  mBmB x1x1 cc mBx1 mBc x1c
14.783445274123975  -0.3  0.014934032758087358  2.3430615160551405  0.0013368826144047894  -0.12553965951797488  -3.431845485896767e-05  0.028501029076754208
14.78422696581929  0.3  0.010582471889248726  1.5645422494194832  0.0012912392939283563  -0.0830395961087579  0.0001173816611660103  0.024555470127764486
15.288955167448737  0.0  0.017562573466956402  2.6929072984415434  0.0016921256476639401  -0.1382514364123257  0.00023842180388760796  0.03595905186566252
15.788955167448737  0.0  0.03220462460294944  4.898621571729038  0.0026539235312102124  -0.25403778903408164  0.000567175239960212  0.06004647231457226
16.28895516744874  0.0  0.0670313758208916  9.96027944485365  0.0049529810793837266  -0.5199795776301904  0.0016960273345998623  0.11364499924082558
15.787461314746258  -0.15  0.03932644046476907  6.066002723232856  0.0027827637610318237  -0.32249597147391623  0.00047037536685129726  0.06416347573818816
15.78788890567195  0.15  0.025577294356468223  3.8543211635943853  0.0025393623247566945  -0.1886932070768581  0.0007867638376206545  0.05429709086832338
16.783445274123977  -0.3  0.3341270013743855  55.03312948107953  0.01295415640955095  -3.28906476604737  -0.0012086616648966627  0.3604425498737699
16.78422696581929  0.3  0.08981906249663038  13.548422991318759  0.009515322288784307  -0.6209348346139487  0.004609082215890153  0.21058764046331208
