#mB  c  mBmB x1x1 cc mBx1 mBc x1c
12.97393009349294  -0.3  0.0006151765890326446  0.052882803047110884  0.00042151290124626173  0.0025069279867248207  0.0004181383484066469  0.0009130737783828185
12.974329043547392  0.3  0.0006957826081722367  0.0569377092362578  0.0004624447761756899  0.002624760398850582  0.0004809731765396473  0.0009948488045659052
13.479225068689818  0.0  0.0006574807346984078  0.05518890520945267  0.0004428985001583532  0.0025835188486834273  0.0004507587586215506  0.0009606045524744776
13.979225068689818  0.0  0.0006660211738911117  0.05591304933033853  0.00044642964124816116  0.002630383627317457  0.00045582164795714375  0.000983231289938979
14.47922506868982  0.0  0.0006872746969910537  0.057711609881949115  0.00045522644697831594  0.0027463633444174125  0.00046842418049772484  0.0010392344707322641
13.97783287025037  -0.15  0.0006477652486260777  0.055122287146572364  0.00043741364972585  0.002613604839574979  0.0004413555426100829  0.0009691495835184073
13.978068938393422  0.15  0.0006851791051322043  0.05675286175912662  0.0004559810984807886  0.002649957708782656  0.0004708741017565135  0.0009995512662931468
14.97393009349294  -0.3  0.000724844192027945  0.06373856343390195  0.00047613179569344936  0.003169890352855569  0.0004857110918740144  0.0012282408510228074
14.974329043547392  0.3  0.0007628445739417823  0.061813457912568204  0.0004873880575588668  0.0029551934638896863  0.0005199778219962596  0.0011567457624997125
