50893.05197476682    1.704814581537782     0.29791992373087833    25    
50893.55197476682    1.9347657294953065    0.29788386804578704    25    
50894.05197476682    2.176976542315083     0.29798859180821125    25    
50894.55197476682    2.430000468232417     0.3006706712339475     25    
50895.05197476682    2.6940762366351745    0.30797910698379205    25    
50895.55197476682    2.9688274943515265    0.3166201005472858     25    
50896.05197476682    3.252868521957842     0.3220115428401948     25    
50896.55197476682    3.5466543416102407    0.32340332545406075    25    
50897.05197476682    3.8495314750275713    0.3232267474345085     25    
50897.55197476682    4.1602155900213225    0.32354144715394495    25    
50898.05197476682    4.479296891727766     0.32414257618753833    25    
50898.55197476682    4.805885331650479     0.32467496272388713    25    
50899.05197476682    5.138838519730118     0.3251129396466625     25    
50899.55197476682    5.478800734295007     0.32545150723090116    25    
50900.05197476682    5.824685911527498     0.32574204012833663    25    
50900.55197476682    6.1755341583914705    0.3260012857089989     25    
50901.05197476682    6.531962716619204     0.3261877581620977     25    
50901.55197476682    6.892730061965896     0.32648644533992616    25    
50902.05197476682    7.257275118788351     0.3256300886535722     25    
50902.55197476682    7.626118364595457     0.32344950424834057    25    
50903.05197476682    7.99700044178632      0.32721198261440204    25    
50903.55197476682    8.370681048316092     0.34410852216574145    25    
50904.05197476682    8.746834211672283     0.36833571769540135    25    
50904.55197476682    9.116787737389341     0.38665391543976135    25    
50905.05197476682    9.48031232325865      0.39352707561839395    25    
50905.55197476682    9.83691649714751      0.39500930919685245    25    
50906.05197476682    10.175199339609383    0.3961965347932041     25    
50906.55197476682    10.49574607446234     0.39832957440208205    25    
50907.05197476682    10.797190874893472    0.39995573237778226    25    
50907.55197476682    11.06988484268091     0.40091361461940667    25    
50908.05197476682    11.311785469809706    0.4005807903467512     25    
50908.55197476682    11.527211922689471    0.4000411960857786     25    
50909.05197476682    11.719078472878811    0.40097376055398076    25    
50909.55197476682    11.884031254396234    0.40349920250903676    25    
50910.05197476682    12.028585031685632    0.40677947326326214    25    
50910.55197476682    12.16080266614077     0.41036917963485514    25    
50911.05197476682    12.276707011072505    0.41504353364192687    25    
50911.55197476682    12.382307143754439    0.4187887869453364     25    
50912.05197476682    12.484902328057565    0.42037911004158024    25    
50912.55197476682    12.582341403584577    0.42163321545119653    25    
50913.05197476682    12.673187086628158    0.4168049834792963     25    
50913.55197476682    12.757838989037175    0.3972566455417985     25    
50914.05197476682    12.836897618766697    0.36185734989368057    25    
50914.55197476682    12.904789052297126    0.3292781095903998     25    
50915.05197476682    12.959085812801199    0.31932141419901233    25    
50915.55197476682    13.001425278371656    0.32441742464081563    25    
50916.05197476682    13.02671492732024     0.3302661720204858     25    
50916.55197476682    13.032006916763121    0.3302799187332476     25    
50917.05197476682    13.019531649616715    0.32939863009920634    25    
50917.55197476682    12.991049229050734    0.3284759470636686     25    
50918.05197476682    12.945111593439313    0.32730770381251095    25    
50918.55197476682    12.8836504329213      0.3262081880518355     25    
50919.05197476682    12.812494353352276    0.32656364801154275    25    
50919.55197476682    12.730451051347762    0.32960150277818356    25    
50920.05197476682    12.63927110840895     0.33327086353610796    25    
50920.55197476682    12.54434123639563     0.33488131769100044    25    
50921.05197476682    12.445214238657476    0.3358918472017325     25    
50921.55197476682    12.341613137346274    0.3339912827393405     25    
50922.05197476682    12.234695858533136    0.3243984391060392     25    
50922.55197476682    12.124852113829645    0.3031380257586933     25    
50923.05197476682    12.010419557847346    0.28012663939460475    25    
50923.55197476682    11.889977476275275    0.26923419544934907    25    
50924.05197476682    11.764343915063147    0.27009188237417087    25    
50924.55197476682    11.632115359938025    0.2738985001565297     25    
50925.05197476682    11.49186331867602     0.27411860871806826    25    
50925.55197476682    11.344108806465888    0.27337657493189155    25    
50926.05197476682    11.189261365799704    0.27221961777159204    25    
50926.55197476682    11.02714018920879     0.2703253880075045     25    
50927.05197476682    10.857696580773018    0.26771161084660877    25    
50927.55197476682    10.682813490980264    0.26619109107140215    25    
50928.05197476682    10.502968641714965    0.2674157755409126     25    
50928.55197476682    10.317860889956181    0.2702338933563307     25    
50929.05197476682    10.129499855459287    0.27209318594198545    25    
50929.55197476682    9.937708185600643     0.27317878789803596    25    
50930.05197476682    9.742859252763902     0.27310251555120035    25    
50930.55197476682    9.547772150610976     0.2684371249860865     25    
50931.05197476682    9.351738360678686     0.2549691998383982     25    
50931.55197476682    9.155851134296295     0.23753861081233132    25    
50932.05197476682    8.963475669074283     0.226057451587749      25    
50932.55197476682    8.773535567537406     0.22374804340417784    25    
50933.05197476682    8.58756409645161      0.2251519599199636     25    
50933.55197476682    8.408723922342025     0.22514643235777018    25    
50934.05197476682    8.23626954104538      0.22445784998728457    25    
50934.55197476682    8.070683628947384     0.22346101679053215    25    
50935.05197476682    7.913192994324964     0.22144519868671783    25    
50935.55197476682    7.7636861093337775    0.21809083659129871    25    
50936.05197476682    7.621437099651071     0.21494190841823257    25    
50936.55197476682    7.486007992392081     0.21362050321586984    25    
50937.05197476682    7.3577020294265925    0.2138041118384079     25    
50937.55197476682    7.235847484914854     0.2142767699931813     25    
50938.05197476682    7.12013184621665      0.21425033347183184    25    
50938.55197476682    7.010833272769698     0.21412870247149968    25    
50939.05197476682    6.906801741935866     0.21374350137389797    25    
50939.55197476682    6.807753317845321     0.21317735317119577    25    
50940.05197476682    6.713893570712        0.212388993957702      25    
50940.55197476682    6.62356422932956      0.21051345748450848    25    
50941.05197476682    6.536570731332014     0.20627698288045285    25    
50941.55197476682    6.4529694748034085    0.2007378444129126     25    
50942.05197476682    6.371074549751468     0.19692662290791382    25    
50942.55197476682    6.2908412586481495    0.1965138747756544     25    
50943.05197476682    6.212246248277165     0.19757645530673848    25    
50943.55197476682    6.1342551328119574    0.19775924775881254    25    
50944.05197476682    6.05688823002792      0.19621435788507385    25    
50944.55197476682    5.980193778363        0.19458562304853733    25    
50945.05197476682    5.90389137885565      0.19476021989927259    25    
50945.55197476682    5.828080172023722     0.19732721224713984    25    
50946.05197476682    5.752627796220978     0.20035255169885544    25    
50946.55197476682    5.67729421739083      0.20197754823843597    25    
50947.05197476682    5.6020804650857645    0.20271779811036605    25    
50947.55197476682    5.527151146164348     0.20245356865491165    25    
50948.05197476682    5.452552947167447     0.20083474035949572    25    
50948.55197476682    5.378120006374636     0.1980117807404646     25    
50949.05197476682    5.304480582835457     0.1936490528387423     25    
50949.55197476682    5.2320304887933915    0.18650517463731123    25    
50950.05197476682    5.16049731982595      0.1760642274366398     25    
50950.55197476682    5.0905478745386965    0.1671788924759618     25    
50951.05197476682    5.022682031702274     0.16482987146175723    25    
50951.55197476682    4.9566225721783574    0.1668990232252145     25    
50952.05197476682    4.892129988487163     0.16826906112583326    25    
50952.55197476682    4.82956073514387      0.165876581385099      25    
50953.05197476682    4.768591722877381     0.16200578349460887    25    
50953.55197476682    4.707554668317999     0.1593483723280727     25    
50954.05197476682    4.646539353636713     0.15911499979665678    25    
50954.55197476682    4.585311122643086     0.16010900492123556    25    
50955.05197476682    4.52212106838193      0.1613768196063183     25    
50955.55197476682    4.456908585280005     0.16336395398518663    25    
50956.05197476682    4.3898186572051       0.16535771917317685    25    
50956.55197476682    4.320315809040845     0.165855045292412      25    
50957.05197476682    4.247856878348086     0.165340773691885      25    
50957.55197476682    4.173664808574754     0.16317302615538523    25    
50958.05197476682    4.099114261283757     0.15759732002955834    25    
50958.55197476682    4.023459252877026     0.14656971490933052    25    
50959.05197476682    3.9479283275862675    0.13471600169215173    25    
50959.55197476682    3.873966969137246     0.12884972098837497    25    
50960.05197476682    3.800933920316005     0.12904871567341442    25    
50960.55197476682    3.7295557616812576    0.13043685470399521    25    
50961.05197476682    3.660689420026687     0.12895970882366392    25    
50961.55197476682    3.594068905280176     0.12586021772200492    25    
50962.05197476682    3.5291786538544305    0.1233571738936997     25    
50962.55197476682    3.4658325307908253    0.12309645029018032    25    
50963.05197476682    3.4041781561689377    0.12431711496781905    25    
50963.55197476682    3.3435870053809413    0.12613497600315884    25    
50964.05197476682    3.2838006037293743    0.12868913085151173    25    
50964.55197476682    3.224990345845297     0.13180479016976873    25    
50965.05197476682    3.166846511926948     0.13332923852389883    25    
50965.55197476682    3.1091270515530125    0.13213151113567204    25    
50966.05197476682    3.0520779896563384    0.1293233109807206     25    
50966.55197476682    2.9961087005879024    0.12621981134701063    25    
50967.05197476682    2.941119131008692     0.12366951577655835    25    
50967.55197476682    2.8872638456869537    0.12041952917936025    25    
50968.05197476682    2.835028062034309     0.114472529483416      25    
50968.55197476682    2.7843158659442784    0.10310091750011044    25    
50969.05197476682    2.7352370885814095    0.08961992384201795    25    
50969.55197476682    2.6881032450559426    0.08121828764484688    25    
50970.05197476682    2.6429138392344083    0.08034165617165268    25    
50970.55197476682    2.599540323933956     0.08218557683247366    25    
50971.05197476682    2.5579083345673386    0.08214804244674549    25    
50971.55197476682    2.5180780103906923    0.08124772383691155    25    
50972.05197476682    2.4799193159461277    0.08024204624892889    25    
50972.55197476682    2.443323291797466     0.07929356636419674    25    
50973.05197476682    2.4083600023254332    0.07828986460844689    25    
50973.55197476682    2.3748885195551175    0.07747814973921248    25    
50974.05197476682    2.342825203133011     0.07708174984083457    25    
50974.55197476682    2.3122278415209685    0.07700934292971467    25    
50975.05197476682    2.282942463580273     0.07717634785850197    25    
50975.55197476682    2.2549153515096765    0.076856603299892      25    
50976.05197476682    2.2281828109129997    0.07645332454377939    25    
50976.55197476682    2.2025824309573023    0.07875945610962554    25    
50977.05197476682    2.178095019863168     0.08611451569417637    25    
50977.55197476682    2.154726193437235     0.0953035290224761     25    
50978.05197476682    2.1323107276151565    0.10167954023451403    25    
50978.55197476682    2.1108654911291995    0.10330716461408722    25    
50979.05197476682    2.090359272029386     0.10361654152218273    25    
50979.55197476682    2.0706319612175643    0.1066952111078895     25    