51244.46878659551    155.40466014941475    47.587538962792294    25    
51244.96878659551    190.92077183998995    45.69783857440738     25    
51245.46878659551    230.4674317680517     48.15672802477266     25    
51245.96878659551    274.1558261920851     63.56159694707826     25    
51246.46878659551    322.06959501617354    76.71428303918773     25    
51246.96878659551    374.3330882234716     78.89387657160805     25    
51247.46878659551    431.0172695554184     77.62565616147783     25    
51247.96878659551    492.2586775957874     77.76071383626066     25    
51248.46878659551    558.1165750474239     77.8668169202996      25    
51248.96878659551    628.7387139706688     77.89038310322154     25    
51249.46878659551    704.1736311538274     77.841546973929       25    
51249.96878659551    784.5793170097547     77.70948088562662     25    
51250.46878659551    869.9945575362659     77.52283548791281     25    
51250.96878659551    960.7253384588089     77.45016420551978     25    
51251.46878659551    1056.5233657139709    77.26543432066323     25    
51251.96878659551    1157.81855498828      76.09869793680072     25    
51252.46878659551    1262.9239078264293    74.55600303158808     25    
51252.96878659551    1367.2111653620304    74.5003479681512      25    
51253.46878659551    1469.6994223785891    75.34253418260994     25    
51253.96878659551    1563.2441677244876    75.93683948880671     25    
51254.46878659551    1647.7482541520196    76.41975073227285     25    
51254.96878659551    1715.9414961261496    76.54558922399573     25    
51255.46878659551    1769.2349734971053    76.41881151584379     25    
51255.96878659551    1809.648815311464     76.55257121940778     25    
51256.46878659551    1837.7347251955657    76.87565822932996     25    
51256.96878659551    1859.9638760565424    77.37633172786596     25    
51257.46878659551    1876.2186820374764    78.00315961024333     25    
51257.96878659551    1892.7232765002846    78.45508544541109     25    
51258.46878659551    1909.1094018328388    78.63343458117936     25    
51258.96878659551    1925.5071865361338    74.27411388697735     25    
51259.46878659551    1941.8910144573356    64.65274506819824     25    
51259.96878659551    1955.3720803170506    59.91534457864323     25    
51260.46878659551    1966.0109518987797    61.40683508206853     25    
51260.96878659551    1971.2056976366925    62.1333212352349      25    
51261.46878659551    1970.8978800916618    61.86536641004317     25    
51261.96878659551    1964.3364245110172    61.43900160550147     25    
51262.46878659551    1951.4341329528495    60.825545755647155    25    
51262.96878659551    1932.3971701599248    60.604489487123075    25    
51263.46878659551    1907.2140862756423    60.93315310979935     25    
51263.96878659551    1876.030118509962     61.05884335191526     25    
51264.46878659551    1838.6991532565903    61.08914056296838     25    
51264.96878659551    1796.4098749564628    59.35112471853055     25    
51265.46878659551    1749.0985247467022    54.5971952986088      25    
51265.96878659551    1698.4984936727574    51.30849701422049     25    
51266.46878659551    1644.7380152709643    51.5145181855792      25    
51266.96878659551    1589.4166320479546    51.8246859200555      25    
51267.46878659551    1532.6925482591244    51.37433801781997     25    
51267.96878659551    1476.2671778249946    50.742638415303844    25    
51268.46878659551    1420.397803173294     49.837244150540634    25    
51268.96878659551    1366.8040058413796    49.225844216000745    25    
51269.46878659551    1315.9032522020382    49.33260157769653     25    
51269.96878659551    1269.2172507720486    49.441677444898055    25    
51270.46878659551    1227.6613399833639    49.506755696191725    25    
51270.96878659551    1191.0572964112816    48.680674406082346    25    
51271.46878659551    1159.8621055961517    45.52513800756847     25    
51271.96878659551    1132.9495763539894    42.726052048980094    25    
51272.46878659551    1109.9115451227042    42.925010546905575    25    
51272.96878659551    1089.9968122074247    43.74367012323692     25    
51273.46878659551    1072.606545164585     43.833417086268135    25    
51273.96878659551    1057.3702024840507    43.69493527523233     25    
51274.46878659551    1043.7930428318384    43.15544866566009     25    
51274.96878659551    1031.7286505770126    42.708520153466324    25    
51275.46878659551    1020.9025926431862    43.0720773639114      25    
51275.96878659551    1011.1228067455872    43.62175859036666     25    
51276.46878659551    1002.079686834415     43.817572329798814    25    
51276.96878659551    993.6519481462016     43.81741570513803     25    
51277.46878659551    985.5508367693019     43.572290843633176    25    
51277.96878659551    977.7021326191294     43.15009374011751     25    
51278.46878659551    969.868535644157      42.578237368805944    25    
51278.96878659551    961.9744161520972     42.00900246963058     25    
51279.46878659551    953.7665596198227     41.94411513855357     25    
51279.96878659551    945.1909688891591     42.03116979361161     25    
51280.46878659551    935.9931640619432     41.486284977518714    25    
51280.96878659551    926.1357451111187     40.77749003400148     25    
51281.46878659551    915.3714320705258     41.00587086231626     25    
51281.96878659551    903.6713356818102     41.715634567964386    25    
51282.46878659551    890.7455160629567     42.09827686942342     25    
51282.96878659551    876.6384526637946     42.24874872511553     25    
51283.46878659551    861.265871848401      41.59983288685112     25    
51283.96878659551    844.6970939497292     40.65578648482529     25    
51284.46878659551    827.1931269209083     42.29773249343594     25    
51284.96878659551    808.7636536596999     45.45834042102317     25    
51285.46878659551    789.695382166947      46.67337856854839     25    
51285.96878659551    769.9802084026709     46.545792742380435    25    
51286.46878659551    749.840668208872      45.984341780096614    25    
51286.96878659551    729.2653577397389     44.983098933622536    25    
51287.46878659551    708.3632330193392     44.670969849840404    25    
51287.96878659551    687.1316921251273     44.97533475532036     25    
51288.46878659551    665.663691999845      45.346070160194735    25    
51288.96878659551    643.9576099689448     45.79043112134212     25    
51289.46878659551    622.2804315287252     45.81437411674534     25    
51289.96878659551    600.616606628822      45.510010955400105    25    
51290.46878659551    579.5468162656155     40.50600720341163     25    
51290.96878659551    559.0584089276864     27.37102707548232     25    
51291.46878659551    539.7495652517559     16.647927282567565    25    
51291.96878659551    521.645193697557      17.988219688652944    25    
51292.46878659551    505.0046172538897     19.033156208149396    25    
51292.96878659551    489.9049344341972     18.46781210427526     25    
51293.46878659551    475.9653944019093     18.02381776778085     25    
51293.96878659551    463.1889291197528     17.767577809416334    25    
51294.46878659551    451.2019240981244     17.721352553128842    25    
51294.96878659551    439.96644498681735    17.974470241750744    25    
51295.46878659551    429.2444577459708     18.030289147419815    25    
51295.96878659551    418.96759279278257    17.704805612131647    25    
51296.46878659551    409.1453190492866     17.408810713720705    25    
51296.96878659551    399.76733639667134    17.242045532410348    25    
51297.46878659551    390.8367501160072     17.202752076917143    25    
51297.96878659551    382.3564796547051     17.34668630148963     25    
51298.46878659551    374.31031638281047    17.506543798606216    25    
51298.96878659551    366.703495206732      17.65348485421013     25    
51299.46878659551    359.4899165150175     17.66796391587542     25    
51299.96878659551    352.6587978420286     17.43542153167988     25    
51300.46878659551    346.1687654565519     17.12570019403278     25    
51300.96878659551    340.0036441004978     16.791021325578487    25    
51301.46878659551    334.126185619353      16.500303492842438    25    
51301.96878659551    328.51702167870025    16.333314805280885    25    
51302.46878659551    323.142230229852      16.251925150289996    25    
51302.96878659551    317.9789838030666     16.273824705258463    25    
51303.46878659551    312.9969525142527     16.32070847025599     25    
51303.96878659551    308.16958370002794    16.27873116273246     25    
51304.46878659551    303.4703389391174     16.283945495290848    25    
51304.96878659551    298.86887459601434    16.293473336576405    25    
51305.46878659551    294.3423764614735     16.702944270440312    25    
51305.96878659551    289.85690971745674    17.596549099664845    25    