53610.17905496795    0.9609446364935919     0.34203645640408914    25    
53610.67905496795    1.117671056697512      0.3394237657699464     25    
53611.17905496795    1.2870658513069198     0.33950714033055224    25    
53611.67905496795    1.469677588607566      0.365611456782523      25    
53612.17905496795    1.665345037287054      0.42487482770456114    25    
53612.67905496795    1.8743829143763675     0.4795103509049544     25    
53613.17905496795    2.0972123089642114     0.5030520452358451     25    
53613.67905496795    2.3336252343620654     0.505235521907453      25    
53614.17905496795    2.5841106421740894     0.5033386089382571     25    
53614.67905496795    2.8488771561605617     0.5065407175209264     25    
53615.17905496795    3.1278400065195906     0.5098252801826518     25    
53615.67905496795    3.4215687943020696     0.5129550191790039     25    
53616.17905496795    3.730000488793663      0.5159090218537365     25    
53616.67905496795    4.053317712356664      0.5188392393060131     25    
53617.17905496795    4.392022203526523      0.5218861056502807     25    
53617.67905496795    4.745910665460554      0.5249497941931248     25    
53618.17905496795    5.115386710470334      0.5285146447452375     25    
53618.67905496795    5.501315052074229      0.5340306944898502     25    
53619.17905496795    5.903543724659138      0.5413786926293195     25    
53619.67905496795    6.31948727677054       0.5447545559855002     25    
53620.17905496795    6.754897234281575      0.5379141298479656     25    
53620.67905496795    7.202039949527902      0.527300397236004      25    
53621.17905496795    7.637596038416329      0.5268771028905253     25    
53621.67905496795    8.070629664525192      0.5404377384845841     25    
53622.17905496795    8.482443166512823      0.5579564400525743     25    
53622.67905496795    8.847069456115658      0.5710190068146557     25    
53623.17905496795    9.175972973217668      0.5818309246920076     25    
53623.67905496795    9.446142108104427      0.5905104838433715     25    
53624.17905496795    9.637416062725773      0.5956130993464206     25    
53624.67905496795    9.760611764210218      0.5979629637443429     25    
53625.17905496795    9.827472941217463      0.6019011682960146     25    
53625.67905496795    9.831199483156277      0.6091706417091082     25    
53626.17905496795    9.784670155480475      0.6174439912881011     25    
53626.67905496795    9.714907860594263      0.6249842801008263     25    
53627.17905496795    9.612290443493652      0.6336265472478025     25    
53627.67905496795    9.494888739954476      0.6387267072677336     25    
53628.17905496795    9.383499534209063      0.6358411828532177     25    
53628.67905496795    9.27020707067902       0.6266715892103648     25    
53629.17905496795    9.156848058963696      0.6097879604166128     25    
53629.67905496795    9.04754915610607       0.5774707073935768     25    
53630.17905496795    8.938300798748738      0.5353260144695389     25    
53630.67905496795    8.819620010299715      0.508635982558377      25    
53631.17905496795    8.693384347656385      0.5087992540054458     25    
53631.67905496795    8.55575666233312       0.5177335637130679     25    
53632.17905496795    8.398761523579672      0.5176542521231322     25    
53632.67905496795    8.223422775195028      0.5119968538860187     25    
53633.17905496795    8.033600458433169      0.5043868677345117     25    
53633.67905496795    7.829352293820187      0.4950461397461224     25    
53634.17905496795    7.61071601796656       0.4837940471238306     25    
53634.67905496795    7.388251155900299      0.47624926655472966    25    
53635.17905496795    7.161878118730103      0.47683350361660154    25    
53635.67905496795    6.93367340564795       0.4801702922027545     25    
53636.17905496795    6.713207856365131      0.4787859668107143     25    
53636.67905496795    6.499520037450311      0.47451564332730767    25    
53637.17905496795    6.292389674994915      0.4642035257572018     25    
53637.67905496795    6.093684755872685      0.43967428038635564    25    
53638.17905496795    5.903231807750396      0.39837107387931936    25    
53638.67905496795    5.717100765625146      0.36133444983368473    25    
53639.17905496795    5.534249936123395      0.34896355955481373    25    
53639.67905496795    5.354921428812812      0.35071831312850643    25    
53640.17905496795    5.175270306117601      0.35021450822573597    25    
53640.67905496795    4.994720133961365      0.345359640363039      25    
53641.17905496795    4.814273757503205      0.3395665502819318     25    
53641.67905496795    4.633902211017846      0.3322611903287866     25    
53642.17905496795    4.45287096283865       0.3220848748817566     25    
53642.67905496795    4.274139808252721      0.31441272950565813    25    
53643.17905496795    4.099396226153381      0.31537801314212655    25    
53643.67905496795    3.927804777253558      0.32237879274823233    25    
53644.17905496795    3.7625911574651942     0.3273739892013714     25    
53644.67905496795    3.6047324625159596     0.3296416805682183     25    
53645.17905496795    3.4534861390267038     0.3288173068523244     25    
53645.67905496795    3.3093208152072107     0.318598096756678      25    
53646.17905496795    3.17283018680366       0.29282067691671       25    
53646.67905496795    3.0423685772134705     0.2638966059158785     25    
53647.17905496795    2.916508349276911      0.2507311047778192     25    
53647.67905496795    2.7959733896855385     0.2514668709780627     25    
53648.17905496795    2.67893340740355       0.2535399058354342     25    
53648.67905496795    2.564355501337236      0.2508123852879871     25    
53649.17905496795    2.452824695241557      0.24672389982786933    25    
53649.67905496795    2.3439661828835114     0.23923327168930456    25    
53650.17905496795    2.2373164857898513     0.22513600520125107    25    
53650.67905496795    2.1337130670832556     0.20876193852134567    25    
53651.17905496795    2.0341972533167283     0.19815404133165368    25    
53651.67905496795    1.9383119691307698     0.19374722758308022    25    
53652.17905496795    1.8470003948928715     0.19178721337547944    25    
53652.67905496795    1.7611395095641884     0.19006778335500016    25    
53653.17905496795    1.6803440046728597     0.1896605836887495     25    
53653.67905496795    1.6046826387164481     0.1886477223320443     25    
53654.17905496795    1.5345290055793073     0.18627875690843093    25    
53654.67905496795    1.4693952315546013     0.1830464798903464     25    
53655.17905496795    1.4082298671307618     0.17860008159253377    25    
53655.67905496795    1.3513732977969155     0.1714912215593711     25    
53656.17905496795    1.2981561572997988     0.1648754395254826     25    
53656.67905496795    1.2477242819224181     0.16388251669946038    25    
53657.17905496795    1.2004796383780454     0.1685055193690853     25    
53657.67905496795    1.1555416889915835     0.17054449393337884    25    
53658.17905496795    1.112520686563477      0.16354655766583898    25    
53658.67905496795    1.0715815391722288     0.15089398196165482    25    
53659.17905496795    1.0318588020554829     0.14020185612804875    25    
53659.67905496795    0.9934533959238859     0.13438779464105283    25    
53660.17905496795    0.9560882038082202     0.1307952961842579     25    
53660.67905496795    0.9189663050345465     0.1278956503658194     25    
53661.17905496795    0.8821392776693123     0.12644155801938334    25    
53661.67905496795    0.8458799929855858     0.12509347789158512    25    
53662.17905496795    0.8100664119068157     0.1216771839973148     25    
53662.67905496795    0.7746508688759982     0.11667895911340644    25    
53663.17905496795    0.7411863334680654     0.1143857840839833     25    
53663.67905496795    0.7098501666917573     0.11779352569281615    25    
53664.17905496795    0.6807771286044757     0.12396991358216825    25    
53664.67905496795    0.6556064031574106     0.12938119628954292    25    
53665.17905496795    0.6344162519349933     0.13475269255503214    25    
53665.67905496795    0.6168811010531676     0.1389508902705623     25    
53666.17905496795    0.6032575290447965     0.13935719216587733    25    
53666.67905496795    0.5939217164513633     0.13561636861034082    25    
53667.17905496795    0.5865393204637527     0.13367619242487644    25    
53667.67905496795    0.5801687683232387     0.1386703084336101     25    
53668.17905496795    0.5752032665529022     0.14723785116071023    25    
53668.67905496795    0.5689302769807234     0.15416440713050286    25    
53669.17905496795    0.5610314258697636     0.1598978022224393     25    
53669.67905496795    0.5516434469518008     0.16354993541198307    25    
53670.17905496795    0.5397082036031841     0.16129932067085728    25    
53670.67905496795    0.5248293025339651     0.15195547451612806    25    
53671.17905496795    0.508704094119866      0.1393808755314881     25    
53671.67905496795    0.49244274025668733    0.12662255083575233    25    
53672.17905496795    0.47544314049195713    0.11147692395962208    25    
53672.67905496795    0.45974197399667416    0.0986215475876054     25    
53673.17905496795    0.44605468261322345    0.09337342522020871    25    
53673.67905496795    0.43402522197354443    0.09347602244601755    25    
53674.17905496795    0.42464717523445683    0.09429160543029601    25    
53674.67905496795    0.4184099602691469     0.09400928630093347    25    
53675.17905496795    0.4142243249698713     0.09665392879273299    25    
53675.67905496795    0.41109114000897584    0.1063217335185472     25    
53676.17905496795    0.4095390862714791     0.12155629751928052    25    
53676.67905496795    0.4082681224476748     0.13592100285912545    25    
53677.17905496795    0.40646292587681515    0.1480437645739519     25    
53677.67905496795    0.4045196632423703     0.1591110404773491     25    
53678.17905496795    0.401562152219824      0.16406263808734528    25    
53678.67905496795    0.3971746871542148     0.16048429463740355    25    
53679.17905496795    0.39186036180539313    0.1518271487518977     25    
53679.67905496795    0.38609342628881627    0.14207838313270163    25    
53680.17905496795    0.379644729223486      0.129442227001207      25    
53680.67905496795    0.37300955679303527    0.11596106672890025    25    
53681.17905496795    0.36667984111696206    0.1058278206518282     25    
53681.67905496795    0.3604312546568247     0.09856268146268446    25    
53682.17905496795    0.3546995902448447     0.09290875499798179    25    
53682.67905496795    0.349739545145834      0.08879160005815818    25    
53683.17905496795    0.34537923591275493    0.08645822293413863    25    
53683.67905496795    0.3415632208455486     0.08412861122626862    25    
53684.17905496795    0.3383294533473269     0.08139649716414414    25    
53684.67905496795    0.3355999674038551     0.07904759914951616    25    
53685.17905496795    0.3332647043473541     0.07768674149555466    25    
53685.67905496795    0.3313743005848615     0.0772757270406262     25    
53686.17905496795    0.3298206679103491     0.07766685863302014    25    
53686.67905496795    0.3285393260235936     0.07901419449609295    25    
53687.17905496795    0.32756174366597723    0.08119981283165564    25    
53687.67905496795    0.3267538176163502     0.08301465360901075    25    
53688.17905496795    0.32611573661881615    0.08391930714992843    25    
53688.67905496795    0.3256204333352236     0.08456348576303471    25    
53689.17905496795    0.32514142066516366    0.08528969492851295    25    
53689.67905496795    0.32472258687757044    0.08421919503482347    25    
53690.17905496795    0.32427902033714995    0.08630837997087454    25    
53690.67905496795    0.3237186564529104     0.09335993505937483    25    
53691.17905496795    0.3230885275444061     0.1014663419499741     25    
53691.67905496795    0.3222661554163041     0.1255197018122393     25    
53692.17905496795    0.3212141757241396     0.15821661896003308    25    