53610.17905496795    2.0068781608943005    0.3808608676783823     25    
53610.67905496795    2.30434883879396      0.38140343462091325    25    
53611.17905496795    2.620447333766406     0.38217494777044714    25    
53611.67905496795    2.953981808868989     0.38468806690132407    25    
53612.17905496795    3.3053025603901167    0.38986598055416277    25    
53612.67905496795    3.673725824076995     0.39522471366384354    25    
53613.17905496795    4.058336728353764     0.3981109395500295     25    
53613.67905496795    4.459587151729229     0.3990789859956705     25    
53614.17905496795    4.876414782363419     0.3996183920036313     25    
53614.67905496795    5.308366357625088     0.4005422355763429     25    
53615.17905496795    5.755626051087776     0.4014092679796422     25    
53615.67905496795    6.216956329352901     0.4021757411427948     25    
53616.17905496795    6.692494134959449     0.4028203148335202     25    
53616.67905496795    7.181842696742226     0.40339049655044384    25    
53617.17905496795    7.683911921566766     0.40393301997353387    25    
53617.67905496795    8.199143498633315     0.40439230632535245    25    
53618.17905496795    8.726660526969065     0.40494830347959054    25    
53618.67905496795    9.26606214214243      0.40464389036329884    25    
53619.17905496795    9.817738958391653     0.4033708662188881     25    
53619.67905496795    10.378572668810987    0.4077827531075722     25    
53620.17905496795    10.951906107332439    0.4240286090727499     25    
53620.67905496795    11.53285075649656     0.4448776700855509     25    
53621.17905496795    12.105331223972708    0.4584050492143293     25    
53621.67905496795    12.675402953916938    0.4631553170115544     25    
53622.17905496795    13.230605501015184    0.4647682228511573     25    
53622.67905496795    13.753544125990459    0.4673061197881378     25    
53623.17905496795    14.251944323256161    0.46982135792155094    25    
53623.67905496795    14.710165496035524    0.4716966534541563     25    
53624.17905496795    15.114976395672958    0.4723906386430474     25    
53624.67905496795    15.473422751418283    0.4722248337882006     25    
53625.17905496795    15.791393562867071    0.4729473777248338     25    
53625.67905496795    16.06473186056918     0.47516357017212035    25    
53626.17905496795    16.301101878711393    0.4781202883977487     25    
53626.67905496795    16.516112917082282    0.48141704319183215    25    
53627.17905496795    16.70429351911219     0.48571884896867035    25    
53627.67905496795    16.875823383768623    0.4891482795244118     25    
53628.17905496795    17.04294532594195     0.49124447605150956    25    
53628.67905496795    17.201293491787375    0.493018830619252      25    
53629.17905496795    17.348931093271496    0.4860400459990916     25    
53629.67905496795    17.48802352475565     0.4589778680510636     25    
53630.17905496795    17.6158039108393      0.419586946092258      25    
53630.67905496795    17.722292226899075    0.39401131599593925    25    
53631.17905496795    17.809463962383983    0.3928277353316451     25    
53631.67905496795    17.873281918617725    0.4003625193718519     25    
53632.17905496795    17.905389253274315    0.40235559070087834    25    
53632.67905496795    17.906931682523794    0.40173946839484304    25    
53633.17905496795    17.881631818403307    0.4007283893135906     25    
53633.67905496795    17.829426429950228    0.3995915183741329     25    
53634.17905496795    17.750412322829472    0.39820374479748455    25    
53634.67905496795    17.655102651107132    0.3979425033654935     25    
53635.17905496795    17.543430755915807    0.4000894883854748     25    
53635.67905496795    17.41744397568406     0.40291111213114544    25    
53636.17905496795    17.28665756691195     0.40379327778909907    25    
53636.67905496795    17.150270764722265    0.4030463228036481     25    
53637.17905496795    17.007633567904055    0.40062661588892967    25    
53637.67905496795    16.860291210334093    0.3953293116858423     25    
53638.17905496795    16.70828055618286     0.38685981760909455    25    
53638.67905496795    16.546857104035485    0.3800510352005616     25    
53639.17905496795    16.37473032552178     0.3785916995204277     25    
53639.67905496795    16.192216320879538    0.37991193563878345    25    
53640.17905496795    15.994685790878144    0.3803716703670112     25    
53640.67905496795    15.78114270662465     0.37947801834207523    25    
53641.17905496795    15.553392061822628    0.3780863737661575     25    
53641.67905496795    15.312103948407817    0.37618427030671986    25    
53642.17905496795    15.055907897374814    0.3734041827121145     25    
53642.67905496795    14.789706537700207    0.3711986561079363     25    
53643.17905496795    14.516299376513837    0.37114972012207426    25    
53643.67905496795    14.234295460128871    0.3725737269649884     25    
53644.17905496795    13.949339986102908    0.3733204029614894     25    
53644.67905496795    13.661821039388231    0.37541774949144885    25    
53645.17905496795    13.372360660458765    0.3754965078302982     25    
53645.67905496795    13.085597371462715    0.3640172846868985     25    
53646.17905496795    12.800197025666723    0.3337266916428345     25    
53646.67905496795    12.518595030651987    0.2996591556499037     25    
53647.17905496795    12.243723690247057    0.28417927578762114    25    
53647.67905496795    11.974122422217441    0.28500431542579546    25    
53648.17905496795    11.713368495210172    0.2884597652023002     25    
53648.67905496795    11.463434056730346    0.28757855856557474    25    
53649.17905496795    11.223221954824375    0.28647556215506204    25    
53649.67905496795    10.993675465732846    0.2847286802261687     25    
53650.17905496795    10.775602872406006    0.2816707387953329     25    
53650.67905496795    10.567566033434176    0.27845557296201473    25    
53651.17905496795    10.367874494520853    0.27684353435236175    25    
53651.67905496795    10.177285993655842    0.2768944205703967     25    
53652.17905496795    9.994212029024627     0.2772651879351174     25    
53652.67905496795    9.817418397905604     0.27705699521519095    25    
53653.17905496795    9.647499199101118     0.2766683876576348     25    
53653.67905496795    9.483054169192469     0.27587419303470956    25    
53654.17905496795    9.323775774796266     0.2755983996196917     25    
53654.67905496795    9.169760758965158     0.27451178665554815    25    
53655.17905496795    9.020248186753422     0.26886857775819956    25    
53655.67905496795    8.875466127073537     0.25562044867681777    25    
53656.17905496795    8.734974628679483     0.24135713607502057    25    
53656.67905496795    8.59826240707793      0.235079869129245      25    
53657.17905496795    8.465660532053313     0.23578731688956725    25    
53657.67905496795    8.336102355025924     0.23737854571943848    25    
53658.17905496795    8.209294242923086     0.23605221558671366    25    
53658.67905496795    8.085294419044727     0.2340602634133918     25    
53659.17905496795    7.9624114009197084    0.23336160924252997    25    
53659.67905496795    7.8408602728328605    0.23500527485215766    25    
53660.17905496795    7.720068658383797     0.23734744091550572    25    
53660.67905496795    7.598465460545262     0.23853000919938663    25    
53661.17905496795    7.476272615594922     0.23893127175902737    25    
53661.67905496795    7.353625238101037     0.23837518127685134    25    
53662.17905496795    7.230109730781494     0.23658056259604074    25    
53662.67905496795    7.105768819621184     0.23366942512300254    25    
53663.17905496795    6.98261882384832      0.2290018158754416     25    
53663.67905496795    6.860880086634339     0.22060005655690582    25    
53664.17905496795    6.740737374706589     0.21039027581088945    25    
53664.67905496795    6.624325085824987     0.2043032341357372     25    
53665.17905496795    6.511645180310905     0.20455177967687646    25    
53665.67905496795    6.402502403139623     0.2064720681896206     25    
53666.17905496795    6.297420813841185     0.205412531029377      25    
53666.67905496795    6.196703958126376     0.20211174358188733    25    
53667.17905496795    6.098014691304046     0.1991777739230732     25    
53667.67905496795    6.000425841866583     0.19833927287357042    25    
53668.17905496795    5.904322961255686     0.19868256265986273    25    
53668.67905496795    5.806993966990921     0.19936696175005553    25    
53669.17905496795    5.708103881912622     0.20069004685271488    25    
53669.67905496795    5.607817352785591     0.20202567390254625    25    
53670.17905496795    5.505116971268047     0.20225087992138777    25    
53670.67905496795    5.399566361458727     0.2027135151896613     25    
53671.17905496795    5.292968580358231     0.19974344802751004    25    
53671.67905496795    5.186515028927694     0.18727109027389174    25    
53672.17905496795    5.079560467118631     0.16447195470714704    25    
53672.67905496795    4.974279925665536     0.14411890876054786    25    
53673.17905496795    4.871337882312497     0.138777563738348      25    
53673.67905496795    4.770472972486635     0.14156355714966742    25    
53674.17905496795    4.673081124078358     0.1423620472242883     25    
53674.67905496795    4.579382759953368     0.1398479368935535     25    
53675.17905496795    4.488854524508718     0.13723053955855732    25    
53675.67905496795    4.401228708662474     0.13633081016092066    25    
53676.17905496795    4.316674590923158     0.1369010449970745     25    
53676.67905496795    4.234715291196884     0.13814130365210203    25    
53677.17905496795    4.155071799676823     0.14004047287351923    25    
53677.67905496795    4.077878242869066     0.14253323117687017    25    
53678.17905496795    4.002752134296227     0.143595215917364      25    
53678.67905496795    3.9295930018344483    0.142322316445591      25    
53679.17905496795    3.858492530556318     0.13981147354077594    25    
53679.67905496795    3.7894313495130145    0.13735973804843427    25    
53680.17905496795    3.722402882890454     0.13568952242477936    25    
53680.67905496795    3.657432730799781     0.1322497934111673     25    
53681.17905496795    3.5945452649588363    0.12313439683734764    25    
53681.67905496795    3.533733129926731     0.10743260253771673    25    
53682.17905496795    3.474983576570349     0.09313104570463336    25    
53682.67905496795    3.418319709033526     0.08886509096216254    25    
53683.17905496795    3.363713584460227     0.0905464877992329     25    
53683.67905496795    3.311058199368214     0.0913755323078803     25    
53684.17905496795    3.260381393831372     0.09057463064749911    25    
53684.67905496795    3.211625028451586     0.08966820083164194    25    
53685.17905496795    3.164690168482746     0.0888455900481571     25    
53685.67905496795    3.1196223323758323    0.08801963303959769    25    
53686.17905496795    3.076324356686686     0.08738154242595246    25    
53686.67905496795    3.034738278310174     0.08711640295456297    25    
53687.17905496795    2.994892385358464     0.08714169964341849    25    
53687.67905496795    2.9566661287789073    0.08735755669760371    25    
53688.17905496795    2.9200596782387382    0.08658804132970864    25    
53688.67905496795    2.885048702167515     0.08657478411897053    25    
53689.17905496795    2.851519497851796     0.09110474285886419    25    
53689.67905496795    2.819511517656678     0.10119991871788989    25    
53690.17905496795    2.7889484321912286    0.11072711551764572    25    
53690.67905496795    2.7597474820770205    0.11487662006987073    25    
53691.17905496795    2.7319509459522404    0.11525788581071633    25    
53691.67905496795    2.7054487248178374    0.1169524524417558     25    
53692.17905496795    2.680207230842824     0.12114096031313223    25    