#Date  :
#Flux  :
#Fluxerr  :
#ZP  :
#end  :
@INSTRUMENT  SDSS
@BAND  SDSS_z
@MAGSYS  AB
53975.183534  1.248  5.485  23.909419999999997
53996.189421  0.16  3.717  23.909419999999997
53998.157787  1.465  3.584  23.909419999999997
54005.194501  14.0  3.912  23.909419999999997
54008.148081  3.871  3.707  23.909419999999997
54010.142323  7.272  3.597  23.909419999999997
54020.140334  5.713  4.154  23.909419999999997
54028.130411  6.403  5.114  23.909419999999997
54030.133326  2.082  3.575  23.909419999999997
54032.122489  8.086  5.608  23.909419999999997
54034.192242  2.589  6.979  23.909419999999997
54037.113963  5.369  3.85  23.909419999999997
54040.12802  -6.311  4.91  23.909419999999997
54047.118045  11.34  7.592  23.909419999999997
54050.111645  -4.305  5.653  23.909419999999997
54053.117417  2.457  5.399  23.909419999999997
54056.118732  -4.755  7.643  23.909419999999997
54057.087304  6.473  6.0  23.909419999999997
54059.113129  4.861  8.905  23.909419999999997
54061.123914  -0.937  6.609  23.909419999999997
54062.117704  -9.73  6.945  23.909419999999997
54068.106765  4.039  6.792  23.909419999999997
