56575.41034050459    23.052159008970445    5.838583478789218     25    
56575.91034050459    26.997666307397463    5.811899465273551     25    
56576.41034050459    31.198223566553803    5.842956175546692     25    
56576.91034050459    35.629078776456815    6.1624217659100795    25    
56577.41034050459    40.293686172895434    6.64630148034359      25    
56577.91034050459    45.15996782583054     6.8964735877590275    25    
56578.41034050459    50.23328212884368     6.908821712983455     25    
56578.91034050459    55.48506875636697     6.892026161537737     25    
56579.41034050459    60.91174673524689     6.910084114536651     25    
56579.91034050459    66.49797576934074     6.924978363913476     25    
56580.41034050459    72.22381529295346     6.935562497544384     25    
56580.91034050459    78.08947787914438     6.9424795272788185    25    
56581.41034050459    84.06422310281172     6.9461175387221745    25    
56581.91034050459    90.15397601039201     6.946129651127223     25    
56582.41034050459    96.32820931268786     6.951120325464723     25    
56582.91034050459    102.5949522991611     7.021503198169237     25    
56583.41034050459    108.91113806464061    6.973131304673997     25    
56583.91034050459    115.29333094205866    6.532388794494517     25    
56584.41034050459    121.65732402178676    5.915950876132826     25    
56584.91034050459    127.80272849482472    5.6998676452074735    25    
56585.41034050459    133.76623590508035    5.820965585440336     25    
56585.91034050459    139.22583028037903    5.918376637667822     25    
56586.41034050459    144.20866374930128    5.963239698398073     25    
56586.91034050459    148.50841075660884    5.993621501340642     25    
56587.41034050459    151.95735607963692    5.994148975132088     25    
56587.91034050459    154.67798716571548    5.990034756780132     25    
56588.41034050459    156.70857556002068    6.020012437516759     25    
56588.91034050459    158.066038896052      6.0717167653116215    25    
56589.41034050459    159.01370828648894    6.132368412327188     25    
56589.91034050459    159.5105814318264     6.2108604010407245    25    
56590.41034050459    159.76935769850243    6.251388333059751     25    
56590.91034050459    159.86718687924244    6.259375122034241     25    
56591.41034050459    159.77928464849015    6.181835951920764     25    
56591.91034050459    159.5506647705846     5.87333415356755      25    
56592.41034050459    159.15129437505638    5.427703704062132     25    
56592.91034050459    158.51707296324693    5.239630664713916     25    
56593.41034050459    157.65944196309667    5.310729326846517     25    
56593.91034050459    156.5210724280398     5.363922513377571     25    
56594.41034050459    155.0796891462177     5.342428395254537     25    
56594.91034050459    153.37609001547034    5.310927326045099     25    
56595.41034050459    151.41162836107048    5.278752806718023     25    
56595.91034050459    149.21649328492106    5.253245806355105     25    
56596.41034050459    146.86856944198576    5.277725940929066     25    
56596.91034050459    144.35390807201108    5.342047763370988     25    
56597.41034050459    141.76153163883254    5.3669000984280775    25    
56597.91034050459    139.0915551426054     5.367064943657288     25    
56598.41034050459    136.36460458277546    5.261785463706247     25    
56598.91034050459    133.59833472937964    4.906104088638353     25    
56599.41034050459    130.7839638755637     4.48456058264493      25    
56599.91034050459    127.92187227522763    4.351552150588087     25    
56600.41034050459    125.01190926692955    4.410001205506446     25    
56600.91034050459    122.05377410210431    4.426351363824231     25    
56601.41034050459    119.04769111237475    4.407047469647636     25    
56601.91034050459    115.99222003359075    4.373584600843964     25    
56602.41034050459    112.88749789559256    4.311009001131391     25    
56602.91034050459    109.73214681640928    4.256737689063047     25    
56603.41034050459    106.52451488686853    4.262998021394708     25    
56603.91034050459    103.26506813836623    4.298050827153501     25    
56604.41034050459    99.95015605059933     4.319949144304512     25    
56604.91034050459    96.5782701639184      4.344565902567956     25    
56605.41034050459    93.1800212368497      4.1904237558752016    25    
56605.91034050459    89.74710075151441     3.6895911434058712    25    
56606.41034050459    86.32191837107271     3.166914289776714     25    
56606.91034050459    82.92612098167565     3.0339253664425225    25    
56607.41034050459    79.56972448207341     3.086923757798541     25    
56607.91034050459    76.30203017150843     3.0806426632179735    25    
56608.41034050459    73.11355366372497     3.0658076441735687    25    
56608.91034050459    70.03123376570113     3.0297325168943496    25    
56609.41034050459    67.05670869689703     2.960908861320651     25    
56609.91034050459    64.18736249756806     2.9037321905511364    25    
56610.41034050459    61.423764711068294    2.8872200756275714    25    
56610.91034050459    58.76573797404653     2.88561819181525      25    
56611.41034050459    56.21378481410604     2.8798519043858413    25    
56611.91034050459    53.767537476196324    2.8735944893002547    25    
56612.41034050459    51.425538486064106    2.861591343725085     25    
56612.91034050459    49.18833499631944     2.859447791153315     25    
56613.41034050459    47.05244655592095     2.74675649730665      25    
56613.91034050459    45.017789791199874    2.377910643582307     25    
56614.41034050459    43.082209813159864    1.953577529180981     25    
56614.91034050459    41.24475274458899     1.8378202443389535    25    
56615.41034050459    39.503505217863975    1.901509225877951     25    
56615.91034050459    37.8509120769929      1.8978610492816645    25    
56616.41034050459    36.28877910626215     1.8579144726096253    25    
56616.91034050459    34.80197911948324     1.841752572928164     25    
56617.41034050459    33.391641618075056    1.8658969239465015    25    
56617.91034050459    32.046997293704884    1.89213249102046      25    
56618.41034050459    30.76061139960804     1.9032127606580744    25    
56618.91034050459    29.533037364008184    1.901654092043247     25    
56619.41034050459    28.356732166090296    1.874134464355126     25    
56619.91034050459    27.233505737107468    1.822252887036791     25    
56620.41034050459    26.166647076180958    1.7328514029516595    25    
56620.91034050459    25.15561815146542     1.5784851609577706    25    
56621.41034050459    24.203408042443435    1.4547716738823004    25    
56621.91034050459    23.312537747417444    1.4516184691981406    25    
56622.41034050459    22.479957007140317    1.4829466478374278    25    
56622.91034050459    21.705237223161383    1.4580293074938395    25    
56623.41034050459    20.986387837953384    1.409672267791206     25    
56623.91034050459    20.310004573024905    1.386449449970132     25    
56624.41034050459    19.678648630435873    1.3884161670732067    25    
56624.91034050459    19.07873570364614     1.3993632916992242    25    
56625.41034050459    18.50850010372703     1.4227900770344488    25    
56625.91034050459    17.96366226466027     1.440634249784698     25    
56626.41034050459    17.437549590695095    1.4440148928852612    25    
56626.91034050459    16.932550538049878    1.4246968086324474    25    
56627.41034050459    16.44805767531574     1.3187842291323708    25    
56627.91034050459    15.98416447413892     1.1068144773637942    25    
56628.41034050459    15.54109798058026     0.9528035727105019    25    
56628.91034050459    15.118696578701439    0.9496945086009025    25    
56629.41034050459    14.717628576461646    0.9714317708089225    25    
56629.91034050459    14.337867925821477    0.9394977984457955    25    
56630.41034050459    13.98017207471186     0.9043641448248042    25    
56630.91034050459    13.646026305675303    0.9090123506420872    25    
56631.41034050459    13.33520641038773     0.9420549564252972    25    
56631.91034050459    13.049878708608432    0.979476124769066     25    
56632.41034050459    12.790352584064303    1.0272736676830196    25    
56632.91034050459    12.55511184374376     1.0504237367781029    25    
56633.41034050459    12.345927604006944    1.0254336727299636    25    
56633.91034050459    12.157582773177424    0.9811654804798267    25    
56634.41034050459    11.984862447227794    0.9434664271561825    25    
56634.91034050459    11.82784143241741     0.9052962825936297    25    
56635.41034050459    11.677480573120762    0.8746262620007028    25    
56635.91034050459    11.535156048954217    0.8511760975185728    25    
56636.41034050459    11.394984413233674    0.8392763876156375    25    
56636.91034050459    11.255146271482584    0.846928114253291     25    
56637.41034050459    11.1170210662113      0.8545979182564366    25    
56637.91034050459    10.980444224517305    0.8439062132619195    25    
56638.41034050459    10.845791359762156    0.8243078950475368    25    
56638.91034050459    10.714017392464884    0.8037202356726111    25    
56639.41034050459    10.584942538762098    0.78048895917475      25    
56639.91034050459    10.459621538148117    0.7621396845146906    25    
56640.41034050459    10.337947870118846    0.7505343507088549    25    
56640.91034050459    10.220724479111045    0.7431076854938835    25    
56641.41034050459    10.108275093708496    0.7329391105419685    25    
56641.91034050459    10.000888371877286    0.732971727058256     25    
56642.41034050459    9.899391949407113     0.7699404063903231    25    
56642.91034050459    9.803665071373663     0.8303567446150056    25    
56643.41034050459    9.714766177090794     0.8695771976424531    25    
56643.91034050459    9.632522317476246     0.8749092370852215    25    
56644.41034050459    9.557865516635637     0.934306301027441     25    