56575.41034050459    11.29660144501003     3.8490261176373575    25    
56575.91034050459    13.273839579957972    3.7747641069656996    25    
56576.41034050459    15.38333704442738     3.8844011121083524    25    
56576.91034050459    17.612991478369032    4.825703463593675     25    
56577.41034050459    19.964491811499833    6.039952698285119     25    
56577.91034050459    22.422153715183867    6.6070936316223765    25    
56578.41034050459    24.988597146687418    6.6287816349783375    25    
56578.91034050459    27.64985769086248     6.5813218702602905    25    
56579.41034050459    30.40418445045017     6.606037963885417     25    
56579.91034050459    33.24407687146271     6.6194949072847225    25    
56580.41034050459    36.159785123248135    6.618716505929362     25    
56580.91034050459    39.15141314224241     6.60655044085262      25    
56581.41034050459    42.20393056554133     6.589373506834889     25    
56581.91034050459    45.320234412228736    6.564214053982452     25    
56582.41034050459    48.485567384081875    6.562293725420254     25    
56582.91034050459    51.70628010513956     6.643229622463743     25    
56583.41034050459    54.953825644101016    6.637793430029415     25    
56583.91034050459    58.24670027515595     6.2916397056292865    25    
56584.41034050459    61.516974796174225    5.837396974584874     25    
56584.91034050459    64.60891986719732     5.870271233619809     25    
56585.41034050459    67.55104465464852     6.282496007665727     25    
56585.91034050459    70.088508882728       6.5948829528907424    25    
56586.41034050459    72.24095794220852     6.778092307072234     25    
56586.91034050459    73.85285575186407     6.912794549997333     25    
56587.41034050459    74.77698045465483     6.94442306739189      25    
56587.91034050459    75.14841631464803     7.01132617730456      25    
56588.41034050459    75.04453560612313     7.36111865367153      25    
56588.91034050459    74.47647062648744     7.8761082256937005    25    
56589.41034050459    73.75181862786319     8.35518246380241      25    
56589.91034050459    72.82297486674341     8.867958442948986     25    
56590.41034050459    71.93651937267195     9.04778338335543      25    
56590.91034050459    71.18919347340812     8.699538080507056     25    
56591.41034050459    70.53372308143028     8.053288013327867     25    
56591.91034050459    70.00999214139065     7.147183823140371     25    
56592.41034050459    69.57892122270731     5.977436760421914     25    
56592.91034050459    69.12936116979992     5.3667689685260545    25    
56593.41034050459    68.6818003608071      5.450226439929484     25    
56593.91034050459    68.13075589333906     5.5782141354085475    25    
56594.41034050459    67.4556076293322      5.624036713883776     25    
56594.91034050459    66.66544873139513     5.702739458770576     25    
56595.41034050459    65.74120404160001     5.79627347300243      25    
56595.91034050459    64.70575150448856     5.946253930384573     25    
56596.41034050459    63.59649166010689     6.306146235681623     25    
56596.91034050459    62.40674039086413     6.808614798100111     25    
56597.41034050459    61.17942609334707     6.995374448084741     25    
56597.91034050459    59.915479714891624    6.819003061402335     25    
56598.41034050459    58.620985260212606    6.4880096845908       25    
56598.91034050459    57.304241368405364    5.957256890066726     25    
56599.41034050459    55.95802926361351     5.400823085673769     25    
56599.91034050459    54.57716300309069     5.335755639194992     25    
56600.41034050459    53.16264246405681     5.600564935967886     25    
56600.91034050459    51.7075971830111      5.739009208775349     25    
56601.41034050459    50.20595501394292     5.7708637451582865    25    
56601.91034050459    48.70078892722602     5.739922121462549     25    
56602.41034050459    47.1851221425165      5.569879349809579     25    
56602.91034050459    45.70669152806703     5.455999717517822     25    
56603.41034050459    44.309299148227176    5.682181677086417     25    
56603.91034050459    42.99458091741359     6.048452004261131     25    
56604.41034050459    41.8372551173905      6.214710171779061     25    
56604.91034050459    40.82724837652383     6.230083215409608     25    
56605.41034050459    39.97425120934457     6.214867164479751     25    
56605.91034050459    39.29064230707834     6.151921436664064     25    
56606.41034050459    38.74175778131423     6.1422857082291555    25    
56606.91034050459    38.31337890544604     6.336077533416972     25    
56607.41034050459    37.99805393288922     6.5654477400574525    25    
56607.91034050459    37.7626288885357      6.589085895118274     25    
56608.41034050459    37.613142252987906    6.460769486712931     25    
56608.91034050459    37.520455346424605    6.158162329170175     25    
56609.41034050459    37.48686119468277     5.5697505150155155    25    
56609.91034050459    37.49642105144827     5.036023134670346     25    
56610.41034050459    37.54463892262194     4.85441904088076      25    
56610.91034050459    37.62438957271713     4.838603079188442     25    
56611.41034050459    37.718373422677736    4.853273901575753     25    
56611.91034050459    37.831645961276216    4.921406353625746     25    
56612.41034050459    37.96310782987548     4.904633119382736     25    
56612.91034050459    38.10996108662556     4.787976155216514     25    
56613.41034050459    38.293684156813924    4.735489138564923     25    
56613.91034050459    38.51512690418548     4.820368098535031     25    
56614.41034050459    38.78597101688505     4.944242234082231     25    
56614.91034050459    39.12306629588067     5.0668641104627925    25    
56615.41034050459    39.51906623118087     5.176301015222599     25    
56615.91034050459    39.973156307720366    5.147489259054081     25    
56616.41034050459    40.487201357627065    4.984836280713674     25    
56616.91034050459    41.02545461517966     4.927734506082558     25    
56617.41034050459    41.59071073036194     5.0694010312350875    25    
56617.91034050459    42.15761750435368     5.189128937276089     25    
56618.41034050459    42.70792313642318     5.162236746991968     25    
56618.91034050459    43.24457591792603     5.055769678254487     25    
56619.41034050459    43.752018806837434    4.83921354691328      25    
56619.91034050459    44.234388772658555    4.520877580597058     25    
56620.41034050459    44.707410458190644    4.543455306013451     25    
56620.91034050459    45.16864063026391     4.9972835883039854    25    
56621.41034050459    45.63182678685853     5.404321117400267     25    
56621.91034050459    46.10710879954883     5.603878608634644     25    
56622.41034050459    46.58398815355395     5.742702421635751     25    
56622.91034050459    47.06277408451928     5.825886376147113     25    
56623.41034050459    47.53571151249226     5.901406115044471     25    
56623.91034050459    47.954345704434154    6.308843262486659     25    
56624.41034050459    48.32793668218443     7.023839765852024     25    
56624.91034050459    48.60725060930578     7.565141651843463     25    
56625.41034050459    48.78394938193933     7.927949035562026     25    
56625.91034050459    48.84805355195046     8.024459086226493     25    
56626.41034050459    48.776436775716256    7.60747775557086      25    
56626.91034050459    48.58246194500408     6.803829462835123     25    
56627.41034050459    48.280837782465724    5.877675360169141     25    
56627.91034050459    47.86862963767433     4.658248962764502     25    
56628.41034050459    47.36635125978116     3.697375251833273     25    
56628.91034050459    46.772285306647696    3.5173511711336536    25    
56629.41034050459    46.10121405442301     3.632576641194344     25    
56629.91034050459    45.36001603648996     3.695563541862138     25    
56630.41034050459    44.553340281374695    3.8799958079991206    25    
56630.91034050459    43.69695054728903     4.24385031582398      25    
56631.41034050459    42.78838078365628     4.719202397184024     25    
56631.91034050459    41.84724633700802     5.105613535502008     25    
56632.41034050459    40.870433936415544    5.459652004387628     25    
56632.91034050459    39.875127734014136    5.5913572623767305    25    
56633.41034050459    38.86414865818419     5.360221930100745     25    
56633.91034050459    37.846479124300565    4.931662088010244     25    
56634.41034050459    36.83551031036785     4.430273698330275     25    
56634.91034050459    35.83055569370659     3.7985898687428388    25    
56635.41034050459    34.85196848542916     3.2292178279993182    25    
56635.91034050459    33.89666154123622     2.7343683610812217    25    
56636.41034050459    32.97775261821406     2.374731977377099     25    
56636.91034050459    32.099440009837416    2.2947433949978193    25    
56637.41034050459    31.25824291632462     2.335305214119834     25    
56637.91034050459    30.45430097352086     2.337051388295303     25    
56638.41034050459    29.68669903075369     2.3556152545800844    25    
56638.91034050459    28.95279483369167     2.366525544372492     25    
56639.41034050459    28.253086322103798    2.3739609620518163    25    
56639.91034050459    27.584652228585046    2.3806407921378847    25    
56640.41034050459    26.9477875784741      2.3904615386493497    25    
56640.91034050459    26.340268490496303    2.3885895377816415    25    
56641.41034050459    25.761198347273652    2.3605159776032365    25    
56641.91034050459    25.209777665035833    2.3207902827778986    25    
56642.41034050459    24.68371417591143     2.2652947090097015    25    
56642.91034050459    24.183342329711262    2.2055998760206785    25    
56643.41034050459    23.70573061179649     2.2698129889752723    25    
56643.91034050459    23.251358031931588    2.3564719098999305    25    
56644.41034050459    22.817643202337855    2.9170887762821076    25    