#mB  c  mBmB x1x1 cc mBx1 mBc x1c
21.194257918458664  -0.3  0.0004541979029812504  0.022771678128562785  0.00030796603249627803  0.0013879194832708548  0.00024802178517027116  0.0005586590570253832
21.193920608857347  0.3  0.00047247358774163135  0.014441675299174743  0.0003265756026717876  0.000884835710992391  0.00030240108971148465  0.00031325883508225716
21.699139373716932  0.0  0.000603091870195233  0.02848929887879601  0.0003917798501267959  0.0018326447344895857  0.00034676338409481784  0.0007699695324448711
22.199139373716932  0.0  0.0009210020323847354  0.05189975547829027  0.0005562632451461059  0.003498209098683418  0.0004891336275299745  0.0015220799414231783
22.699139373716935  0.0  0.0016667702660746893  0.10627149260758122  0.0009384053258597667  0.0075015553569769  0.0008108865636717374  0.0033284770858210224
22.19794273650697  -0.15  0.0009264766688499163  0.0593072971821231  0.0005634261792062349  0.003940901778638693  0.00044075970708946195  0.0016746022205770203
22.19781040003472  0.15  0.0009169097729605117  0.04513518040488123  0.0005485868982574977  0.0030656353223696294  0.0005230282365011212  0.0013439675555761447
23.194257918458664  -0.3  0.003462769647123903  0.28454418367400647  0.001772851174418446  0.0202293143292035  0.0007651820295425544  0.008135742153227482
23.193920608857347  0.3  0.0035520388626232133  0.1753282235808528  0.0018245089060955034  0.013115952721966558  0.002019360521850925  0.0062383253669210615
