57828.050763438005    2329.392236766121      1260.4475130755757    25    
57828.550763438005    2683.547513679653      1210.5096148090222    25    
57829.050763438005    3026.5148452827607     1379.1456353064705    25    
57829.550763438005    3349.575841277127      2083.958251287678     25    
57830.050763438005    3644.963909542983      2617.1639379739095    25    
57830.550763438005    3903.493349409427      2706.736784053607     25    
57831.050763438005    4117.858008155778      2671.8937785102803    25    
57831.550763438005    4278.418616685537      2683.6521362795875    25    
57832.050763438005    4378.315719730125      2685.8956726709957    25    
57832.550763438005    4407.470221714443      2675.1752312962517    25    
57833.050763438005    4359.455622875021      2654.1347471907834    25    
57833.550763438005    4223.766743105134      2621.6086314816002    25    
57834.050763438005    3994.396296199446      2586.1672611378003    25    
57834.550763438005    3658.5036098053433     2590.606850061622     25    
57835.050763438005    3215.490027688613      2556.5399937000093    25    
57835.550763438005    2646.8913993103993     2283.192119611359     25    
57836.050763438005    1982.7550544524315     1959.0539405491645    25    
57836.550763438005    1252.0814029451803     1252.0814029451803    25    
57837.050763438005    481.92635190822836     481.92635190822847    25    
57837.550763438005    -274.32439074282956    274.32439074282973    25    
57838.050763438005    -999.9863682673447     999.9863682673448     25    
57838.550763438005    -1636.6931546803958    1636.6931546803958    25    
57839.050763438005    -2187.740920967398     2187.740920967398     25    
57839.550763438005    -2628.464906237236     2628.464906237236     25    
57840.050763438005    -2961.5052639505298    2961.5052639505298    25    
57840.550763438005    -3178.7530383848825    3178.7530383848825    25    
57841.050763438005    -3280.9796200625433    3280.9796200625433    25    
57841.550763438005    -3255.3613228849276    3255.3613228849276    25    
57842.050763438005    -3123.6025413405023    3123.6025413405023    25    
57842.550763438005    -2920.8863213496757    2920.8863213496757    25    
57843.050763438005    -2666.678421129584     2666.678421129584     25    
57843.550763438005    -2426.532946588204     2426.532946588204     25    
57844.050763438005    -2208.884645190382     2208.884645190382     25    
57844.550763438005    -2087.786968433763     2087.786968433763     25    
57845.050763438005    -2039.8290750778485    2039.8290750778485    25    
57845.550763438005    -2053.152237402465     2053.152237402465     25    
57846.050763438005    -2106.6906862310675    2106.6906862310675    25    
57846.550763438005    -2130.784182466319     2130.784182466319     25    
57847.050763438005    -2119.231564899031     2119.231564899031     25    
57847.550763438005    -1995.0141235799022    1995.0141235799022    25    
57848.050763438005    -1777.10870564311      1777.10870564311      25    
57848.550763438005    -1473.3268957220089    1473.3268957220089    25    
57849.050763438005    -1100.8907514771533    1100.8907514771533    25    
57849.550763438005    -730.0427733884854     730.0427733884856     25    
57850.050763438005    -365.34320892471305    365.34320892471317    25    
57850.550763438005    -80.75713863387897     80.75713863387959     25    
57851.050763438005    130.7304508559846      130.73045085598497    25    
57851.550763438005    243.39579716058347     243.3957971605837     25    
57852.050763438005    263.78748924844376     263.78748924844393    25    
57852.550763438005    205.04124892664052     205.04124892664078    25    
57853.050763438005    67.9410275294623       67.94102752946304     25    
57853.550763438005    -135.7661108047759     135.76611080477628    25    
57854.050763438005    -403.5796329224922     403.5796329224923     25    
57854.550763438005    -711.1745032877838     711.1745032877839     25    
57855.050763438005    -1056.411247560021     1056.411247560021     25    
57855.550763438005    -1403.4631936990347    1403.4631936990347    25    
57856.050763438005    -1751.9137985031286    1751.9137985031286    25    
57856.550763438005    -2063.8890661880587    2063.8890661880587    25    
57857.050763438005    -2342.385182510297     2342.385182510297     25    
57857.550763438005    -2579.7037893059965    2579.7037893059965    25    
57858.050763438005    -2778.461482230442     2778.461482230442     25    
57858.550763438005    -2961.0776120434516    2961.0776120434516    25    
57859.050763438005    -3127.5459760408335    3127.5459760408335    25    
57859.550763438005    -3301.517476872933     3301.517476872933     25    
57860.050763438005    -3481.279912527959     3481.279912527959     25    
57860.550763438005    -3662.2786230910056    3662.2786230910056    25    
57861.050763438005    -3843.3131385724714    3843.3131385724714    25    
57861.550763438005    -3988.7134541863466    3988.7134541863466    25    
57862.050763438005    -4098.769616620728     4098.769616620728     25    
57862.550763438005    -4136.547572825765     4136.547572825765     25    
57863.050763438005    -4102.726302992031     4102.726302992031     25    
57863.550763438005    -3993.2833878088773    3993.2833878088773    25    
57864.050763438005    -3808.0657636011015    3808.0657636011015    25    
57864.550763438005    -3583.242597754499     3583.242597754499     25    
57865.050763438005    -3318.4492525191704    3318.4492525191704    25    
57865.550763438005    -3050.5544163562045    3050.5544163562045    25    
57866.050763438005    -2780.301997912598     2780.301997912598     25    
57866.550763438005    -2513.025347651944     2513.025347651944     25    
57867.050763438005    -2250.6605499789976    2250.6605499789976    25    
57867.550763438005    -1955.9574529383488    1955.9574529383488    25    
57868.050763438005    -1629.186881393115     1629.186881393115     25    
57868.550763438005    -1232.464021896071     1232.464021896071     25    
57869.050763438005    -763.0668974981306     763.0668974981307     25    
57869.550763438005    -220.53406970600048    220.5340697060007     25    
57870.050763438005    399.91755602451525     399.91755602451536    25    
57870.550763438005    1042.7698999284173     1042.7698999284173    25    
57871.050763438005    1707.9709557791875     1707.9709557791875    25    
57871.550763438005    2340.7345091756874     2340.7345091756874    25    
57872.050763438005    2937.8412789237595     2937.8412789237595    25    
57872.550763438005    3466.7912591841045     3090.730114054849     25    
57873.050763438005    3922.4196970712715     2918.913860812332     25    
57873.550763438005    4308.546579849815      2636.965936988339     25    
57874.050763438005    4624.693344399268      2169.549163832345     25    
57874.550763438005    4873.708363493799      1862.66366004108      25    
57875.050763438005    5055.270737451296      1927.7044759072733    25    
57875.550763438005    5174.656436909398      1957.7154528986673    25    
57876.050763438005    5231.27151094257       1861.5485380872697    25    
57876.550763438005    5235.788109252877      1863.076172606389     25    
57877.050763438005    5188.719027236828      2010.5932669240772    25    
57877.550763438005    5100.438335828237      2181.498291204916     25    
57878.050763438005    4971.401724624531      2384.4143589458563    25    
57878.550763438005    4813.546317033935      2444.465577016264     25    
57879.050763438005    4627.2096926309405     2305.2438802619645    25    
57879.550763438005    4427.900446778648      2089.256174054081     25    
57880.050763438005    4217.072863032268      1785.7396542364172    25    
57880.550763438005    4010.063962070436      1469.079617591893     25    
57881.050763438005    3809.79800724367       1177.773900093787     25    
57881.550763438005    3625.9265231455042     957.7917406676376     25    
57882.050763438005    3462.6247666476193     921.1686158283236     25    
57882.550763438005    3316.8004277014797     920.3647696601586     25    
57883.050763438005    3188.7344782125083     900.4369388327761     25    
57883.550763438005    3075.650374112131      876.5198349757793     25    
57884.050763438005    2977.1105850470526     840.0542360787498     25    
57884.550763438005    2890.727111341702      804.9654103973469     25    
57885.050763438005    2816.0144322024103     776.8201459942933     25    
57885.550763438005    2750.633709242375      752.4197307592499     25    
57886.050763438005    2694.0490895307566     724.9000559626711     25    
57886.550763438005    2643.973237666327      722.8991991833933     25    
57887.050763438005    2599.817626884277      754.9578180621833     25    
57887.550763438005    2559.348766465737      822.9899762336013     25    
57888.050763438005    2521.923114115145      861.806587971653      25    
57888.550763438005    2485.363365492784      1091.1442459608504    25    