53637.77867363446    1.0680706668299684    0.28980426945906584    25    
53638.27867363446    1.2421883730870407    0.28394164649380316    25    
53638.77867363446    1.4303008183838788    0.2805094832649083     25    
53639.27867363446    1.6329831200057434    0.3070708863060699     25    
53639.77867363446    1.850075008884745     0.3716029571249266     25    
53640.27867363446    2.0818763468493073    0.4308637826128366     25    
53640.77867363446    2.328853968373386     0.4561713833014988     25    
53641.27867363446    2.5907799631578836    0.45686395580929756    25    
53641.77867363446    2.8681301170737323    0.4517722837320767     25    
53642.27867363446    3.161190793242726     0.4523421510527856     25    
53642.77867363446    3.46981081721629      0.4531335319177768     25    
53643.27867363446    3.794569567144645     0.45363736309997427    25    
53643.77867363446    4.135501175923603     0.4538184721005544     25    
53644.27867363446    4.4926751523698005    0.45371509959859535    25    
53644.77867363446    4.866661923236488     0.4533346478996403     25    
53645.27867363446    5.257292697725854     0.4526124918977358     25    
53645.77867363446    5.6648805499282515    0.45170542916806433    25    
53646.27867363446    6.090115010530915     0.4505998343643175     25    
53646.77867363446    6.533151884277289     0.44890638407478245    25    
53647.27867363446    6.992472228720013     0.4484260341066208     25    
53647.77867363446    7.470411423753937     0.4510462737072961     25    
53648.27867363446    7.966028380781606     0.4558412556712538     25    
53648.77867363446    8.46261221581425      0.46007012646518947    25    
53649.27867363446    8.961639001687498     0.4626818165895532     25    
53649.77867363446    9.457950120508453     0.46469312061133944    25    
53650.27867363446    9.929566590527841     0.4666774493251727     25    
53650.77867363446    10.382377031261319    0.4688283047501895     25    
53651.27867363446    10.80598890706844     0.47058734504270006    25    
53651.77867363446    11.182721240387032    0.47125231493260317    25    
53652.27867363446    11.516326672530607    0.47072645799257795    25    
53652.77867363446    11.812207818556816    0.47035576252988953    25    
53653.27867363446    12.06976630455023     0.4710829336848223     25    
53653.77867363446    12.289311780310534    0.47241496209989986    25    
53654.27867363446    12.486268593626153    0.47419630282742165    25    
53654.77867363446    12.661134365334338    0.4769865815187645     25    
53655.27867363446    12.815921880231791    0.47993672085923106    25    
53655.77867363446    12.964283387904787    0.4818789731767367     25    
53656.27867363446    13.10628213866083     0.4883068724659573     25    
53656.77867363446    13.239223329574315    0.4862587960047065     25    
53657.27867363446    13.363673581009678    0.4548348196308858     25    
53657.77867363446    13.480902257019915    0.3849094821884708     25    
53658.27867363446    13.583549927760444    0.31161002758191053    25    
53658.77867363446    13.668142944807318    0.2869511466409867     25    
53659.27867363446    13.73641125203477     0.2975977559270373     25    
53659.77867363446    13.781191594227206    0.3076852988160336     25    
53660.27867363446    13.79973451996158     0.30747637097604735    25    
53660.77867363446    13.794919537052891    0.30639950311367103    25    
53661.27867363446    13.768313038650396    0.30497991629472837    25    
53661.77867363446    13.71766375363511     0.3027236248655735     25    
53662.27867363446    13.64823339450066     0.300723548740876      25    
53662.77867363446    13.565397253982276    0.30058959326816603    25    
53663.27867363446    13.466450999890958    0.30220450659472187    25    
53663.77867363446    13.357312846250789    0.30356496740096156    25    
53664.27867363446    13.242069293171868    0.30165475659724295    25    
53664.77867363446    13.118521576291515    0.29829377023722925    25    
53665.27867363446    12.987300084691515    0.30170746711653534    25    
53665.77867363446    12.849726617475527    0.317872673144084      25    
53666.27867363446    12.703885085631274    0.33733030220128507    25    
53666.77867363446    12.546542784935545    0.348461755717011      25    
53667.27867363446    12.378745104094602    0.35135346797326095    25    
53667.77867363446    12.198653473060496    0.351074655054792      25    
53668.27867363446    12.00324708483763     0.35083019966430173    25    
53668.77867363446    11.79290769790407     0.34954735285354366    25    
53669.27867363446    11.571064891424982    0.34757387068884643    25    
53669.77867363446    11.337820356440494    0.34487914790946134    25    
53670.27867363446    11.093441530187091    0.3415317458809779     25    
53670.77867363446    10.84631202251859     0.33938800247955747    25    
53671.27867363446    10.595839297972436    0.33957549311622426    25    
53671.77867363446    10.34411786709785     0.3406120880596184     25    
53672.27867363446    10.098879064820046    0.3408892645489625     25    
53672.77867363446    9.858591285849322     0.34205865825996856    25    
53673.27867363446    9.624944374134127     0.3401839586568047     25    
53673.77867363446    9.40101459334112      0.32884292846931834    25    
53674.27867363446    9.185821689261433     0.30706456032920143    25    
53674.77867363446    8.979116423325353     0.28795006005264484    25    
53675.27867363446    8.78093700620957      0.28364857047049175    25    
53675.77867363446    8.59125149227369      0.2879467977031663     25    
53676.27867363446    8.409874601345358     0.29120212638539544    25    
53676.77867363446    8.23724006479955      0.29132841201071613    25    
53677.27867363446    8.072616852035784     0.290688578089684      25    
53677.77867363446    7.9147615194357055    0.28922992772738676    25    
53678.27867363446    7.764511276910522     0.2862847600740291     25    
53678.77867363446    7.619977274099944     0.28367642711828267    25    
53679.27867363446    7.479396304111107     0.28363792360568635    25    
53679.77867363446    7.343706976535109     0.2857273414635169     25    
53680.27867363446    7.2105794128275535    0.28768154034860033    25    
53680.77867363446    7.078743917741758     0.28838885290342       25    
53681.27867363446    6.948910887203497     0.28849872184716563    25    
53681.77867363446    6.820351402774718     0.28765768723127855    25    
53682.27867363446    6.692495842669924     0.2874405685095154     25    
53682.77867363446    6.566226179833137     0.2851395516723285     25    
53683.27867363446    6.442666253799683     0.2749602372246385     25    
53683.77867363446    6.321353163558001     0.25246723915734115    25    
53684.27867363446    6.2031659223198155    0.22852634188230372    25    
53684.77867363446    6.0892036391243325    0.21844327804820593    25    
53685.27867363446    5.979132955144008     0.22007452353104012    25    
53685.77867363446    5.87247317178051      0.2227589859180811     25    
53686.27867363446    5.769621197067203     0.2203605332971168     25    
53686.77867363446    5.670142064828453     0.2168256866314152     25    
53687.27867363446    5.571547595162019     0.21501821536033083    25    
53687.77867363446    5.474219689867487     0.21618516991954462    25    
53688.27867363446    5.377279387175624     0.2184613372729281     25    
53688.77867363446    5.278345050606546     0.22000176225053866    25    
53689.27867363446    5.177773247081613     0.22139196243119175    25    
53689.77867363446    5.075612895210112     0.2217690454646496     25    
53690.27867363446    4.971196295345195     0.22044907131365035    25    
53690.77867363446    4.864486314101616     0.21794667375858257    25    
53691.27867363446    4.757972264715474     0.21170302814369127    25    
53691.77867363446    4.652265997783678     0.1970160789620015     25    
53692.27867363446    4.547222507292202     0.17603727064175229    25    
53692.77867363446    4.445584098394242     0.160790234785225      25    
53693.27867363446    4.347490085738907     0.15834027309036375    25    
53693.77867363446    4.252872951726462     0.16110812389985396    25    
53694.27867363446    4.162735069405249     0.16074968757529573    25    
53694.77867363446    4.077395577895274     0.15779458992916048    25    
53695.27867363446    3.995303529213994     0.15496777125034233    25    
53695.77867363446    3.9154452231041996    0.1540025422165611     25    
53696.27867363446    3.838396259617274     0.15436541552348115    25    
53696.77867363446    3.7623711937224606    0.15511243949776213    25    
53697.27867363446    3.686625411907405     0.15619330403063003    25    
53697.77867363446    3.611569293467173     0.15748575860994155    25    
53698.27867363446    3.536416058961308     0.15761374920586085    25    
53698.77867363446    3.4606691924653403    0.15781456595986668    25    
53699.27867363446    3.385212819301241     0.15573493519717027    25    
53699.77867363446    3.31102651901419      0.14607873214413142    25    
53700.27867363446    3.2376321655007865    0.12423561489013715    25    
53700.77867363446    3.1660202972443363    0.09945663805175112    25    
53701.27867363446    3.0970741369389168    0.08899263840752306    25    
53701.77867363446    3.030376352504959     0.09182208303310686    25    
53702.27867363446    2.966620280396024     0.0954787794092735     25    
53702.77867363446    2.9062542545598253    0.09412401715326019    25    
53703.27867363446    2.848939183816261     0.0918993937696981     25    
53703.77867363446    2.794364904788714     0.09024481570028232    25    
53704.27867363446    2.742635116799818     0.08937790158619952    25    
53704.77867363446    2.6935447303096445    0.08899693933747217    25    
53705.27867363446    2.6467278894887034    0.08920137188452362    25    
53705.77867363446    2.6023432115901874    0.09027552861305482    25    
53706.27867363446    2.560089336336424     0.09114027040780955    25    
53706.77867363446    2.5197251787683403    0.09074569015401703    25    
53707.27867363446    2.481377305898906     0.08945767522590507    25    
53707.77867363446    2.444703702746586     0.08814534771474754    25    
53708.27867363446    2.409640101097937     0.0875457513796319     25    
53708.77867363446    2.3761868566127777    0.08700592371807679    25    
53709.27867363446    2.343989805396246     0.08523233383956455    25    
53709.77867363446    2.3131082645821763    0.08107504113236208    25    
53710.27867363446    2.2834260095436107    0.07642735304950499    25    
53710.77867363446    2.2546859858094574    0.07429759263373319    25    
53711.27867363446    2.2269676572606465    0.07490901534188561    25    
53711.77867363446    2.200177923860107     0.07592464875198725    25    
53712.27867363446    2.1742337140074643    0.07562908888486669    25    
53712.77867363446    2.1491782397226813    0.0747353519476145     25    
53713.27867363446    2.1248952523214384    0.07365516370222022    25    
53713.77867363446    2.101367222143067     0.07243766051625215    25    
53714.27867363446    2.0785901832069373    0.07108071622195238    25    
53714.77867363446    2.056443713371334     0.06993259117722357    25    
53715.27867363446    2.0349573162213486    0.06902094219742194    25    
53715.77867363446    2.0140742946286463    0.06830906190893109    25    
53716.27867363446    1.9936947405636067    0.06789290576169289    25    
53716.77867363446    1.9738656625059388    0.06789140445268746    25    
53717.27867363446    1.9544922402514413    0.06779337311581522    25    
53717.77867363446    1.9355101042310445    0.0669880907732817     25    
53718.27867363446    1.9169539272604674    0.06567544696073006    25    
53718.77867363446    1.8987056863389495    0.06493737203004499    25    
53719.27867363446    1.880751470637277     0.06489693690304865    25    
53719.77867363446    1.8630837767485668    0.06564711948516899    25    
53720.27867363446    1.845582959580804     0.06817175417525743    25    