53163.396410910595    0.5650479680781471     0.06325453549971871     25    
53163.896410910595    0.6223493601698448     0.06298845414973846     25    
53164.396410910595    0.6819380944178921     0.06244740214307657     25    
53164.896410910595    0.743540249738017      0.06275104529636426     25    
53165.396410910595    0.8069016799568651     0.06500708229711188     25    
53165.896410910595    0.8722170195182521     0.06996281470144304     25    
53166.396410910595    0.9394106457501438     0.07579332911874581     25    
53166.896410910595    1.0082086375682662     0.08058144066514354     25    
53167.396410910595    1.0784161735320146     0.08298992914344037     25    
53167.896410910595    1.150274029544006      0.08356520238469257     25    
53168.396410910595    1.2236011167406577     0.08327204870921032     25    
53168.896410910595    1.2981235140376932     0.08294360778506718     25    
53169.396410910595    1.3737452745490886     0.08309545052787456     25    
53169.896410910595    1.4506742159925994     0.08327643755607393     25    
53170.396410910595    1.5286633331349226     0.08344377279814692     25    
53170.896410910595    1.6074387048917878     0.08359240278596451     25    
53171.396410910595    1.687042808753578      0.08371804746711281     25    
53171.896410910595    1.7675714046095232     0.08382473697848074     25    
53172.396410910595    1.848751120678434      0.08391997924217963     25    
53172.896410910595    1.930321768453067      0.08401018194382844     25    
53173.396410910595    2.0124626018909706     0.08407747417826662     25    
53173.896410910595    2.0951194211402653     0.08413612112547972     25    
53174.396410910595    2.1780183051166815     0.08421789632641458     25    
53174.896410910595    2.2609670695758735     0.08424725398173075     25    
53175.396410910595    2.3442727785308817     0.0837491672355241      25    
53175.896410910595    2.4276588076924703     0.08346254945858853     25    
53176.396410910595    2.51070868176765       0.08435419362048235     25    
53176.896410910595    2.5934774378950007     0.08741622797997352     25    
53177.396410910595    2.6765559874178777     0.09240654575902658     25    
53177.896410910595    2.75867922766173       0.0975439130552488      25    
53178.396410910595    2.838461090252168      0.10131280067470501     25    
53178.896410910595    2.9161476364446925     0.10312333019015982     25    
53179.396410910595    2.9923168948931864     0.10387040913925266     25    
53179.896410910595    3.0651918075764826     0.10417052407625998     25    
53180.396410910595    3.1330353459948554     0.1046051287473401      25    
53180.896410910595    3.1967421923860058     0.10514575088525883     25    
53181.396410910595    3.2562436018052154     0.10558614871701408     25    
53181.896410910595    3.3100509060989958     0.10591683112383313     25    
53182.396410910595    3.3567620786010366     0.10610378150725801     25    
53182.896410910595    3.3964623863199765     0.10600904668647504     25    
53183.396410910595    3.430081016656981      0.10584128588453226     25    
53183.896410910595    3.4584941016804143     0.10588169938829002     25    
53184.396410910595    3.4818910090751        0.10635645466408272     25    
53184.896410910595    3.499197360347412      0.10715876408394562     25    
53185.396410910595    3.5121606215789547     0.10813318033147554     25    
53185.896410910595    3.522769588939134      0.10913621700271374     25    
53186.396410910595    3.5311506429980213     0.1102675251716779      25    
53186.896410910595    3.5362721088124336     0.11159128562785889     25    
53187.396410910595    3.5399059938542763     0.1126969841843227      25    
53187.896410910595    3.5438408109130495     0.11319534316716681     25    
53188.396410910595    3.5480381665945235     0.1135369753414078      25    
53188.896410910595    3.5518665672640184     0.11353512446813004     25    
53189.396410910595    3.555425464127398      0.11233795734624796     25    
53189.896410910595    3.5588646446035486     0.10890339923873403     25    
53190.396410910595    3.562571834839613      0.10176405989059616     25    
53190.896410910595    3.5659620112118966     0.09258595255820987     25    
53191.396410910595    3.5682292563085976     0.08434469623057209     25    
53191.896410910595    3.568918158939495      0.0806113526979002      25    
53192.396410910595    3.568693304687317      0.08093334857217956     25    
53192.896410910595    3.566971928776464      0.08300247543987319     25    
53193.396410910595    3.5630173316991818     0.08454960484629027     25    
53193.896410910595    3.55646524402024       0.08454293019033204     25    
53194.396410910595    3.547707239231189      0.08415092461212313     25    
53194.896410910595    3.536829353610673      0.08360489308188754     25    
53195.396410910595    3.523905064995352      0.0831073959181138      25    
53195.896410910595    3.508654083220845      0.08252225458994371     25    
53196.396410910595    3.491236626275611      0.0818658250963257      25    
53196.896410910595    3.4722137828797943     0.0814398793749058      25    
53197.396410910595    3.452076597955995      0.08156508500174928     25    
53197.896410910595    3.4303947226700275     0.08247452666359396     25    
53198.396410910595    3.4073820310119003     0.08369073375734351     25    
53198.896410910595    3.3835661063490443     0.08462628054195045     25    
53199.396410910595    3.3593491734810432     0.0849530184696595      25    
53199.896410910595    3.3344632145683373     0.08520211948213324     25    
53200.396410910595    3.3088839360557754     0.08488767348681583     25    
53200.896410910595    3.282648613518199      0.08335866576563758     25    
53201.396410910595    3.255868431819144      0.07952150611259144     25    
53201.896410910595    3.228555559026406      0.07315320461626319     25    
53202.396410910595    3.2004252941585616     0.06610113942528505     25    
53202.896410910595    3.171186687571066      0.06100312676760927     25    
53203.396410910595    3.1409308440841954     0.05961243727397335     25    
53203.896410910595    3.1097090661292244     0.06051742269655768     25    
53204.396410910595    3.077252011909226      0.0620051047255938      25    
53204.896410910595    3.043298238734558      0.06251550958249322     25    
53205.396410910595    3.007831279186143      0.06241140832529755     25    
53205.896410910595    2.9710070564141637     0.06213943842219043     25    
53206.396410910595    2.9329645409195164     0.06172910285564828     25    
53206.896410910595    2.8937507491951417     0.06114094843002358     25    
53207.396410910595    2.8531131179737583     0.060171087032038835    25    
53207.896410910595    2.811407673914494      0.05916859310799668     25    
53208.396410910595    2.7690805916595456     0.05858054386439589     25    
53208.896410910595    2.7262562745140473     0.05883763736745576     25    
53209.396410910595    2.6826183985236822     0.059784345160167514    25    
53209.896410910595    2.6385768466531667     0.060843533418794504    25    
53210.396410910595    2.5945735491211286     0.061463308668652815    25    
53210.896410910595    2.550589684307374      0.06146363686115456     25    
53211.396410910595    2.506471453729115      0.06113553128531453     25    
53211.896410910595    2.4624583223110648     0.06065129544574488     25    
53212.396410910595    2.418778237664555      0.06017299839915493     25    
53212.896410910595    2.3753540096674493     0.059571430631334625    25    
53213.396410910595    2.332155293587691      0.05889455715433804     25    
53213.896410910595    2.2892507997790714     0.05832654289380988     25    
53214.396410910595    2.246689848594662      0.05805167827169615     25    
53214.896410910595    2.2044136725093653     0.05808127192304456     25    
53215.396410910595    2.16246480353997       0.05823380855941572     25    
53215.896410910595    2.1209083685265204     0.05831819250966655     25    
53216.396410910595    2.0797575418497405     0.058244222265007056    25    
53216.896410910595    2.0389549182122515     0.058136437088923826    25    
53217.396410910595    1.9985939813338336     0.05790814527623415     25    
53217.896410910595    1.9587765514017381     0.05745667424331785     25    
53218.396410910595    1.9194719280496644     0.056578095519643525    25    
53218.896410910595    1.8806492921758815     0.0553593878380619      25    
53219.396410910595    1.842444894727732      0.054192948961625506    25    
53219.896410910595    1.8049885110863002     0.053498826858479086    25    
53220.396410910595    1.7681937477466956     0.053405327040516544    25    
53220.896410910595    1.7320848452872448     0.05363601867108056     25    
53221.396410910595    1.696792907882526      0.05390100628155725     25    
53221.896410910595    1.662435672214079      0.05395859020133275     25    
53222.396410910595    1.6289816654016371     0.05394590160356056     25    
53222.896410910595    1.5963771623372232     0.053870731902337377    25    
53223.396410910595    1.5645810920195462     0.053681037180448844    25    
53223.896410910595    1.5336194392014941     0.053300473013856715    25    
53224.396410910595    1.50357354327344       0.052706530972347565    25    
53224.896410910595    1.474238069939374      0.05205921324545432     25    
53225.396410910595    1.4453897252477532     0.05153471276267235     25    
53225.896410910595    1.4170429401558728     0.05120353390724347     25    
53226.396410910595    1.3892953266590797     0.05097663212514362     25    
53226.896410910595    1.3619232691447634     0.05083958121334535     25    
53227.396410910595    1.3347053302851375     0.05078158252396227     25    
53227.896410910595    1.3076607758000989     0.05092061322458352     25    
53228.396410910595    1.2808607971199197     0.051160726390658946    25    
53228.896410910595    1.2542918563813985     0.05128491086071275     25    
53229.396410910595    1.2279206207362252     0.0510664106428786      25    
53229.896410910595    1.2016325156076872     0.050377802354480354    25    
53230.396410910595    1.1756056161043367     0.049543414002539914    25    
53230.896410910595    1.1500776095632312     0.04896879153627929     25    
53231.396410910595    1.1251623467437124     0.049028806278700286    25    
53231.896410910595    1.1006596857151714     0.049621555064253954    25    
53232.396410910595    1.0767764737617966     0.050378562166816465    25    
53232.896410910595    1.053758925013671      0.05094482783514242     25    
53233.396410910595    1.03170635078872       0.051228354756232025    25    
53233.896410910595    1.0104892981016276     0.051414973882110505    25    
53234.396410910595    0.9901041574139355     0.05140075155143769     25    
53234.896410910595    0.9705523589190235     0.05107670021319432     25    
53235.396410910595    0.9520077381088056     0.050424065675401544    25    
53235.896410910595    0.9343381970761628     0.04948129575618804     25    
53236.396410910595    0.9172130575710196     0.04825520793025948     25    
53236.896410910595    0.9003566637802856     0.046694491722536015    25    
53237.396410910595    0.884053031088727      0.04437456218566795     25    
53237.896410910595    0.8681287630591966     0.04171425834047639     25    
53238.396410910595    0.8522353477343853     0.03948144250717948     25    
53238.896410910595    0.8361308353417083     0.03855417742913084     25    
53239.396410910595    0.82001886515115       0.03891091102187613     25    
53239.896410910595    0.8038584906743096     0.03969105243909458     25    
53240.396410910595    0.787568533342159      0.04003059914797582     25    
53240.896410910595    0.7710027072151553     0.039371093061514977    25    
53241.396410910595    0.7541877109978763     0.03811321645252463     25    
53241.896410910595    0.7374369663218823     0.03675983203478538     25    
53242.396410910595    0.7210652969221182     0.03587191234127985     25    
53242.896410910595    0.7049188621835822     0.03560607257980199     25    
53243.396410910595    0.6889882540042869     0.03569386627565069     25    
53243.896410910595    0.6736200963856481     0.03597551199489243     25    
53244.396410910595    0.6591313647622317     0.03632135268628413     25    
53244.896410910595    0.6453797470999939     0.03694639326311371     25    
53245.396410910595    0.6323447324946009     0.037660044408435484    25    
53245.896410910595    0.6201202147798157     0.038139484942983685    25    
53246.396410910595    0.6088339988040634     0.038120474528275626    25    
53246.896410910595    0.5985696695316688     0.03769415499913916     25    
53247.396410910595    0.5890323145491528     0.03702488203911294     25    
53247.896410910595    0.5798924247814194     0.036268224871210036    25    
53248.396410910595    0.5710969318140146     0.03542670218096434     25    
53248.896410910595    0.5628657386802391     0.03436820827857357     25    
53249.396410910595    0.5548484500639337     0.033332604554000556    25    
53249.896410910595    0.5466776616596942     0.032600803553302166    25    
53250.396410910595    0.5383772884242246     0.03239529478159582     25    
53250.896410910595    0.5300634724897493     0.03251570793247967     25    
53251.396410910595    0.5215831391534049     0.03262898162721262     25    
53251.896410910595    0.5127798374600239     0.032405596731615645    25    
53252.396410910595    0.5035506651883581     0.03172596461718147     25    
53252.896410910595    0.4940902594922299     0.030871000820807893    25    
53253.396410910595    0.48465057682437995    0.03019110083959265     25    
53253.896410910595    0.47539176312402665    0.030015042472255095    25    
53254.396410910595    0.46607367874891587    0.030245485936695873    25    
53254.896410910595    0.4569123445617441     0.030714939712119377    25    
53255.396410910595    0.44820369942640537    0.03127951708360504     25    
53255.896410910595    0.4400734619147098     0.031964480117067005    25    
53256.396410910595    0.4323366740167343     0.03288971487833683     25    
53256.896410910595    0.42512134825816617    0.033712968972212286    25    
53257.396410910595    0.418571008860902      0.03410570132732287     25    
53257.896410910595    0.4127983061799047     0.03391280213530493     25    
53258.396410910595    0.4076999343027297     0.033329292490432816    25    
53258.896410910595    0.4030954830501638     0.03256171770021945     25    
53259.396410910595    0.3988189588487872     0.03182360395122278     25    
53259.896410910595    0.3950209852527146     0.03112357904642686     25    
53260.396410910595    0.39162847933989337    0.030345042240224582    25    
53260.896410910595    0.38841982490199595    0.02939225926318788     25    
53261.396410910595    0.38522861420833915    0.02810748383838924     25    
53261.896410910595    0.38221793885918703    0.026246006699618477    25    
53262.396410910595    0.3792975979927102     0.024154862603585663    25    
53262.896410910595    0.37631574159407855    0.0223946124550708      25    
53263.396410910595    0.373175176376144      0.02158201815006498     25    
53263.896410910595    0.369954603300516      0.021589037951741424    25    
53264.396410910595    0.366675785739734      0.021917608027479555    25    
53264.896410910595    0.36335441022393383    0.022061528934159285    25    
53265.396410910595    0.35997745047083257    0.021865010912147823    25    
53265.896410910595    0.35654281594437975    0.02157524594486033     25    
53266.396410910595    0.3530907687810725     0.021241153643097213    25    
53266.896410910595    0.3496596062310887     0.020910960922308038    25    
53267.396410910595    0.3462229438329076     0.02054733563176877     25    
53267.896410910595    0.34278875928434865    0.02016151312577422     25    
53268.396410910595    0.3393973711390809     0.019812535320621813    25    
53268.896410910595    0.3360793148418776     0.01955574809131959     25    
53269.396410910595    0.33279947390013903    0.01937316160885012     25    
53269.896410910595    0.3295823198481687     0.019252634417018074    25    
53270.396410910595    0.326468171239634      0.019190293899749886    25    
53270.896410910595    0.3234739803598539     0.01912658110976195     25    
53271.396410910595    0.3205675413932529     0.019000027536541966    25    
53271.896410910595    0.3177839983565653     0.01903505366984279     25    
53272.396410910595    0.3151636698034593     0.019467707816080274    25    
53272.896410910595    0.3127041035057428     0.020527737069444957    25    
53273.396410910595    0.31038764703297406    0.02198992942685962     25    
53273.896410910595    0.308254295530264      0.023395149997239465    25    
53274.396410910595    0.3063430739170473     0.024380164149275418    25    
53274.896410910595    0.3046301850002704     0.024717729033622612    25    
53275.396410910595    0.30312029154002873    0.024817304875292562    25    
53275.896410910595    0.30185371208999073    0.025231617839330752    25    
53276.396410910595    0.30086267998986316    0.02633611354131556     25    