#mB  c  mBmB x1x1 cc mBx1 mBc x1c
20.278449758854606  -0.3  0.0003223689110955881  0.015577069491055357  0.00021374137992247392  0.0010173094089502954  0.00019300091848815237  0.0003383655807342841
20.2793999378392  0.3  0.00036636230714151937  0.01355525385497268  0.00024332417007541328  0.0009236541821641375  0.00023898186877321364  0.0003347305398230149
20.784054251089728  0.0  0.0003830702577397761  0.018830718804027886  0.00024853375638964287  0.0011977944229698881  0.00023740504662232579  0.00042160130179949747
21.284054251089728  0.0  0.00046789596702976054  0.029621932689128598  0.00029382665969139045  0.0017407473854745257  0.00028121428807530353  0.0006166363845334549
21.784054251089728  0.0  0.0006541591473593095  0.05538006778863017  0.0003959602921886087  0.0029749982769184708  0.00037607551077963817  0.001063228165144728
21.282515650626863  -0.15  0.0004585821975902606  0.03298543315097421  0.00029233906071768367  0.0018952901853088128  0.00026358417152377037  0.000645620086194857
21.283027554066265  0.15  0.000477346167549572  0.02674234955042388  0.00029716180976440695  0.001601411712318819  0.00029620092079717195  0.0005785939520787139
22.278449758854606  -0.3  0.0010218814247624263  0.15659498849596146  0.0006404640564735446  0.007324770993774213  0.00038533212347581985  0.001980429082320746
22.2793999378392  0.3  0.0011321546017173394  0.08048631360755185  0.0006240231098223982  0.0043551622241820185  0.0006958415962307142  0.0017766132909105684
