#mB  c  mBmB x1x1 cc mBx1 mBc x1c
22.07518778718864  -0.3  0.0002975232363027185  0.028335348067988677  0.00025458332730369945  0.0013450917176262996  0.00018711339778973917  0.0004328453630995328
22.07572718897908  0.3  0.0003325988378835407  0.02630368628459477  0.0002835342125811244  0.00124545949577714  0.00023340748337093078  0.0003696555570237815
22.580561633085104  0.0  0.000359324634458319  0.041266448611355526  0.0003051957211486475  0.0017889359165874992  0.00023416450598834018  0.0005654071600472269
23.080561633085107  0.0  0.00045290315652792956  0.07274576575347486  0.00038012148899584086  0.002840830784062333  0.0002766853397385  0.0008796287793935824
23.580561633085107  0.0  0.0006619793964510668  0.14623327610999495  0.0005485866674279822  0.005237749766448314  0.00036649883483324045  0.0015917294226164209
23.079132130774667  -0.15  0.0004429795524988686  0.07605093794114444  0.000374366548559384  0.002970107266398416  0.0002486436830602693  0.0009152159515577964
23.079438479826628  0.15  0.0004623434862958058  0.06830723093736363  0.0003867190312324409  0.0026417827639400467  0.00030047384045519686  0.0007863021638027601
24.07518778718864  -0.3  0.0010924262294082995  0.3272632156787415  0.0007849614873562047  0.011059703923290712  0.000257718098538871  0.0030292752892085565
24.07572718897908  0.3  0.001219636474195941  0.27180228148603724  0.000985513723797527  0.008714068699556432  0.0007851853134799991  0.002271045195294209
