#mB  c  mBmB x1x1 cc mBx1 mBc x1c
21.02221127048073  -0.3  0.0005187806780028538  0.027031628981688403  0.00030443159444422537  0.002197591768948975  0.00029525794372811036  0.0009567991887407127
21.02293614709136  0.3  0.0005174028058683827  0.014935648472842632  0.0003045783368322137  0.0014147787523064543  0.00033193474975059455  0.000661735578694728
21.527689262944154  0.0  0.0008139326756344377  0.0391512177463688  0.00044281732472202897  0.003358695773231633  0.00048688877440406143  0.0015979270262620501
22.02768926294415  0.0  0.0014632491156696948  0.08372727893999954  0.0007544892763601432  0.006914931984755771  0.0008503014236036111  0.0032716690318938275
22.527689262944154  0.0  0.0030158052916132044  0.19322187170297062  0.0015050597366766188  0.015532571060968984  0.0017145671558728751  0.007275988007431883
22.026210499720733  -0.15  0.0013933720191046137  0.09660875743425985  0.0007254980374712828  0.0074413094495911995  0.0007435563244122075  0.003248241920387814
22.02660966015285  0.15  0.001513102121917202  0.07032792927586798  0.0007723534615455164  0.006241979062421044  0.0009243994173257853  0.0031144364402255877
23.02221127048073  -0.3  0.005712678541775815  0.5797767903724701  0.0027935336024451415  0.03981814068838021  0.0021349574795413275  0.014208470472650446
23.02293614709136  0.3  0.007669081318150343  0.3096508947828602  0.0036653240369825977  0.02985694554508237  0.0048208650274837485  0.0159113237754081
