#mB  c  mBmB x1x1 cc mBx1 mBc x1c
18.804833646838965  -0.3  0.0004088628012470928  0.008754081674645  0.00023167829122461856  0.0009514928264648606  0.00022916529342722688  0.00018674370756991418
18.80568427411247  0.3  0.00042401028139121876  0.0076406644360532535  0.00024473986790265795  0.0007968965281738197  0.00024946277132822204  0.00011233723679251925
19.310382245526718  0.0  0.00043819268892454595  0.009102277444041521  0.00024879131845415226  0.0009509287625435911  0.0002513378894714613  0.00017063718907110552
19.810382245526718  0.0  0.0004915515048674921  0.011484203328534927  0.0002728239099453385  0.0011719471944984926  0.00027918876104325997  0.00024099029624776168
20.310382245526718  0.0  0.0006099393825522332  0.016777108169114867  0.00032426021745793544  0.0016683426764271313  0.0003401109907541978  0.00040057712272812345
19.80887008442291  -0.15  0.0005023513959627368  0.012962209533413987  0.0002760624422216449  0.001337083688299865  0.0002795817292736353  0.00030812846914219386
19.809332171169324  0.15  0.00048579062739512435  0.01039197217712221  0.0002720704011803107  0.0010491161225238803  0.00028079792880278897  0.000190712647425945
20.804833646838965  -0.3  0.001023836508362519  0.04485535896601857  0.000520056306537424  0.004399528527837231  0.0005177626158760585  0.0013430671373998305
20.80568427411247  0.3  0.0007935639094307071  0.018880214036881893  0.0004036660358743987  0.0018146221041346053  0.0004567475576803422  0.00041837918725037143
