52911.90632849264    0.49175620104944123    0.06925251297803016     25    
52912.40632849264    0.5454093451472153     0.0693687268337683      25    
52912.90632849264    0.6014899430379907     0.069458760598624       25    
52913.40632849264    0.6597913970406312     0.06971286733357393     25    
52913.90632849264    0.7201502099764481     0.07033230556516949     25    
52914.40632849264    0.7827264832904346     0.07142266635802356     25    
52914.90632849264    0.847397174935431      0.07264048409214437     25    
52915.40632849264    0.9139556872303016     0.07360308524934317     25    
52915.90632849264    0.982367824503698      0.07408352743384176     25    
52916.40632849264    1.0527413076856804     0.07427551883333433     25    
52916.90632849264    1.1248761737366781     0.07435776864803778     25    
52917.40632849264    1.1985817396296188     0.07449690449547917     25    
52917.90632849264    1.2739915682432128     0.07467052206406737     25    
52918.40632849264    1.351036341944968      0.07483114255799055     25    
52918.90632849264    1.4295094630537513     0.07497499675257356     25    
52919.40632849264    1.5093157295598687     0.07509758269268761     25    
52919.90632849264    1.5906039648070078     0.07519937033990176     25    
52920.40632849264    1.673194109680321      0.0752899267212265      25    
52920.90632849264    1.7568815645874816     0.07537888320593188     25    
52921.40632849264    1.8417468152746344     0.07545102327177346     25    
52921.90632849264    1.927787537807106      0.07551636512585032     25    
52922.40632849264    2.0147971345037554     0.07560948851247143     25    
52922.90632849264    2.102657876672457      0.07564838678934956     25    
52923.40632849264    2.1916074058147723     0.07529379842578877     25    
52923.90632849264    2.2813394986356186     0.07524090617922295     25    
52924.40632849264    2.371456880050077      0.07632257372497844     25    
52924.90632849264    2.4624612903388465     0.07934435251284853     25    
52925.40632849264    2.5543457779965126     0.08357992772484482     25    
52925.90632849264    2.645423086278263      0.0875196317309336      25    
52926.40632849264    2.7342728993197234     0.08996744817816171     25    
52926.90632849264    2.8223972645108457     0.0911307518274928      25    
52927.40632849264    2.9085966017442573     0.09167140000902205     25    
52927.90632849264    2.9906366666735016     0.0920878114680505      25    
52928.40632849264    3.0677423472617473     0.09266668077262387     25    
52928.90632849264    3.1412741842268295     0.09316428179806834     25    
52929.40632849264    3.2094663873831664     0.0935464817974374      25    
52929.90632849264    3.270440090640375      0.09378840173838163     25    
52930.40632849264    3.323936524616422      0.0937470071221628      25    
52930.90632849264    3.37089122179637       0.09357237732119542     25    
52931.40632849264    3.411986805575681      0.09355000618011243     25    
52931.90632849264    3.4473978999308446     0.09391590844681913     25    
52932.40632849264    3.4762217443050294     0.0945731779337273      25    
52932.90632849264    3.500096117679631      0.09538329014262        25    
52933.40632849264    3.5209206042440777     0.09622239014374383     25    
52933.90632849264    3.538326328660486      0.09724489273140757     25    
52934.40632849264    3.5519742023279934     0.09838783291222991     25    
52934.90632849264    3.563602936994575      0.09924772389430951     25    
52935.40632849264    3.574710544631406      0.09953984117953135     25    
52935.90632849264    3.584608667564833      0.09965519013831302     25    
52936.40632849264    3.5931866547295606     0.09921579621913054     25    
52936.90632849264    3.6006620163838345     0.09763673106668301     25    
52937.40632849264    3.6073302621682872     0.09386080075377003     25    
52937.90632849264    3.6130821631443095     0.0879290009962055      25    
52938.40632849264    3.6173335870336643     0.08189322556517918     25    
52938.90632849264    3.6195442299432896     0.07835007409915846     25    
52939.40632849264    3.620078770442335      0.07803990852628959     25    
52939.90632849264    3.618756214666062      0.07935150581551706     25    
52940.40632849264    3.6150412499802425     0.08061710692515568     25    
52940.90632849264    3.608553859569703      0.08074146784949379     25    
52941.40632849264    3.5995339436333857     0.0804858726892965      25    
52941.90632849264    3.5881126127930707     0.08010484340484444     25    
52942.40632849264    3.5743955276847763     0.07977831727131818     25    
52942.90632849264    3.558149796269113      0.07940129956566506     25    
52943.40632849264    3.539535870512139      0.07900517917909153     25    
52943.90632849264    3.519048360036077      0.07883486681857851     25    
52944.40632849264    3.497021658380623      0.07916726548492492     25    
52944.90632849264    3.473070429622269      0.08010179093576403     25    
52945.40632849264    3.4475437458189        0.08113697160778063     25    
52945.90632849264    3.4209223638208672     0.08173804949461304     25    
52946.40632849264    3.393268634278873      0.0818614071252883      25    
52946.90632849264    3.3643938374675857     0.08171314977940743     25    
52947.40632849264    3.334544302361278      0.08097634962606245     25    
52947.90632849264    3.303940343247735      0.07924100935219247     25    
52948.40632849264    3.272471951863299      0.07583528138542583     25    
52948.90632849264    3.2401545329273045     0.07170196124505031     25    
52949.40632849264    3.2070796457251576     0.06835061769729872     25    
52949.90632849264    3.1732727346409884     0.06712271032910386     25    
52950.40632849264    3.1386782940379114     0.06740777604213732     25    
52950.90632849264    3.1033823041931066     0.06819219668730633     25    
52951.40632849264    3.0674710944504127     0.0685054663037443      25    
52951.90632849264    3.030872995251643      0.06841063940652597     25    
52952.40632849264    2.9936293379802126     0.06821201030210094     25    
52952.90632849264    2.9558703199214698     0.06792688177261964     25    
52953.40632849264    2.9176620833056988     0.06750678468051868     25    
52953.90632849264    2.8788970638267295     0.06684352909563522     25    
52954.40632849264    2.839708636182781      0.06622905891622033     25    
52954.90632849264    2.8002560213754575     0.06599965557576383     25    
52955.40632849264    2.7604963938200897     0.06642517032296799     25    
52955.90632849264    2.7204108823641575     0.06723018160277949     25    
52956.40632849264    2.680159139865581      0.06795915402956558     25    
52956.90632849264    2.6398630861050205     0.06828105033274977     25    
52957.40632849264    2.599400921935062      0.06854974907558906     25    
52957.90632849264    2.558868130692853      0.06848165755603713     25    
52958.40632849264    2.5184161481322045     0.06762684654870733     25    
52958.90632849264    2.4780625419565894     0.06529092829104548     25    
52959.40632849264    2.43773632237178       0.06158613079179023     25    
52959.90632849264    2.3975789192512944     0.057781441215316066    25    
52960.40632849264    2.357720829030562      0.05542625996023304     25    
52960.90632849264    2.3180647022005454     0.054836852435934696    25    
52961.40632849264    2.2786656166375674     0.05514781894361895     25    
52961.90632849264    2.2396657665954307     0.05550835907137756     25    
52962.40632849264    2.2011335629366044     0.05539979313581221     25    
52962.90632849264    2.162979188758421      0.05526119054471073     25    
52963.40632849264    2.1252888429606527     0.055033155013268366    25    
52963.90632849264    2.088159732633346      0.05460600325968967     25    
52964.40632849264    2.0515677022539967     0.0538058813898685      25    
52964.90632849264    2.0155030124172084     0.05280061824631834     25    
52965.40632849264    1.9800230842711388     0.051927654450373326    25    
52965.90632849264    1.9451662018880227     0.051509758260781656    25    
52966.40632849264    1.910889268040481      0.05149352311401448     25    
52966.90632849264    1.8772302360003037     0.05164272926646366     25    
52967.40632849264    1.8442407418693119     0.051725253144715586    25    
52967.90632849264    1.8119585863812042     0.05168500429041776     25    
52968.40632849264    1.7803510645821066     0.05162141367442571     25    
52968.90632849264    1.749363311753716      0.05149866295357522     25    
52969.40632849264    1.7189582357380124     0.05128385016285659     25    
52969.90632849264    1.6892301466905297     0.05098798015278352     25    
52970.40632849264    1.6600677312998724     0.050613481915825466    25    
52970.90632849264    1.6313033991520975     0.05015428553903955     25    
52971.40632849264    1.602895748700758      0.04953424212934693     25    
52971.90632849264    1.5749427618379854     0.048729405048200426    25    
52972.40632849264    1.5472852175906415     0.04797628450025409     25    
52972.90632849264    1.5197601348504655     0.04753288063160347     25    
52973.40632849264    1.4923817123506133     0.04754107298672871     25    
52973.90632849264    1.4651991317667645     0.0477600070287529      25    
52974.40632849264    1.4382136457453771     0.04788174776870239     25    
52974.90632849264    1.4113867904693747     0.04761489774618945     25    
52975.40632849264    1.384661818078749      0.046997389093589234    25    
52975.90632849264    1.3582220584207172     0.04637921051389029     25    
52976.40632849264    1.3322685479389642     0.04613699464053921     25    
52976.90632849264    1.306737060730555      0.0465049365880438      25    
52977.40632849264    1.2816131759999077     0.04720947084711985     25    
52977.90632849264    1.2571052720775877     0.04787911116472216     25    
52978.40632849264    1.2333900752908247     0.0482228391468166      25    
52978.90632849264    1.2103865924669883     0.04841601597096448     25    
52979.40632849264    1.1880726474229621     0.04843932800157378     25    
52979.90632849264    1.1664581972877577     0.048202696394971344    25    
52980.40632849264    1.145636580640787      0.04760838148669574     25    
52980.90632849264    1.1255903234877802     0.04669616215523971     25    
52981.40632849264    1.1060676838478454     0.04561161451582892     25    
52981.90632849264    1.086843249488236      0.04448168572524357     25    
52982.40632849264    1.0681011576108703     0.043063740174904726    25    
52982.90632849264    1.0497258123186424     0.041565407866028074    25    
52983.40632849264    1.0314489612299949     0.04041997040411006     25    
52983.90632849264    1.0131180699060574     0.04009272651975745     25    
52984.40632849264    0.9948784518041579     0.0404928957448561      25    
52984.90632849264    0.9766802012090193     0.041008272141408994    25    
52985.40632849264    0.9584567258354401     0.041033917891719035    25    
52985.90632849264    0.9400888417441383     0.040325835800118615    25    
52986.40632849264    0.9217057050876405     0.0392795102843742      25    
52986.90632849264    0.9035460477776461     0.03837011774539152     25    
52987.40632849264    0.8857570137998086     0.038034336797299784    25    
52987.90632849264    0.8681437683392896     0.03813099246731951     25    
52988.40632849264    0.8509081630515427     0.03845449392978371     25    
52988.90632849264    0.8343111864679028     0.03882663441785466     25    
52989.40632849264    0.8183952340960257     0.039319489888221724    25    
52989.90632849264    0.8030578803887027     0.03994791203827298     25    
52990.40632849264    0.7883731664574976     0.04042072685014411     25    
52990.90632849264    0.7744272277912568     0.04049226104038329     25    
52991.40632849264    0.7613080976383086     0.040277773077546104    25    
52991.90632849264    0.7488250347437349     0.03978245386667483     25    
52992.40632849264    0.7367392446113978     0.038935904638975574    25    
52992.90632849264    0.7250076170701949     0.03746479586713713     25    
52993.40632849264    0.7137658924501706     0.03527975162168481     25    
52993.90632849264    0.7027577874513301     0.0330450266190323      25    
52994.40632849264    0.6917281393073635     0.03160530508169452     25    
52994.90632849264    0.6807625114837661     0.03130429950176507     25    
52995.40632849264    0.6698722612805178     0.0315766588133668      25    
52995.90632849264    0.6589459742537961     0.03177594003565947     25    
52996.40632849264    0.6478677718074999     0.03137555199037352     25    
52996.90632849264    0.6366432788713071     0.030569985497952774    25    
52997.40632849264    0.6254473241306172     0.029735498902461098    25    
52997.90632849264    0.614461243213383      0.02927107175839679     25    
52998.40632849264    0.6036086629195712     0.029313912555839015    25    
52998.90632849264    0.5928920433166426     0.029662008389884226    25    
52999.40632849264    0.5825255916703974     0.03016574975630103     25    
52999.90632849264    0.5726771868813767     0.030749996129661016    25    
53000.40632849264    0.5632221223019516     0.03161960155681713     25    
53000.90632849264    0.5542169095349713     0.03246338199001987     25    
53001.40632849264    0.5457666899055846     0.03291397261406984     25    
53001.90632849264    0.5379588473623736     0.032758790646273336    25    
53002.40632849264    0.5307331861677607     0.03219017627438588     25    
53002.90632849264    0.5239632115035057     0.03142356346584509     25    
53003.40632849264    0.5175391781181504     0.030676724019706173    25    
53003.90632849264    0.5115657283521935     0.02994798970162169     25    
53004.40632849264    0.5059667890712244     0.029108906130255817    25    
53004.90632849264    0.5005861907311479     0.028037047739913622    25    
53005.40632849264    0.4953575910555632     0.026477398749088842    25    
53005.90632849264    0.4903769444428704     0.02429883033781466     25    
53006.40632849264    0.4855426479629947     0.02202276849182207     25    
53006.90632849264    0.48074382088658585    0.020410139341760832    25    
53007.40632849264    0.47598530184251936    0.019918263595762205    25    
53007.90632849264    0.4713000083046717     0.020096521909940428    25    
53008.40632849264    0.4666797815435309     0.020353425077538737    25    
53008.90632849264    0.46211712837291746    0.02022946783807556     25    
53009.40632849264    0.4576132478890311     0.01996460182745789     25    
53009.90632849264    0.45317524845074486    0.01965808983538431     25    
53010.40632849264    0.44881033485065436    0.01936198004336721     25    
53010.90632849264    0.4445172805491896     0.019068081648966076    25    
53011.40632849264    0.44029451748664566    0.018764032105311915    25    
53011.90632849264    0.4361492495953647     0.018504258767128336    25    
53012.40632849264    0.4320872496576569     0.018341433225619274    25    
53012.90632849264    0.4281029643060806     0.018268320894089       25    
53013.40632849264    0.42420058345883355    0.018263348287917786    25    
53013.90632849264    0.4203873119085101     0.018309490969518952    25    
53014.40632849264    0.41666448515315935    0.018306207624681898    25    
53014.90632849264    0.4130282326851729     0.018251574385521083    25    
53015.40632849264    0.40948549884717655    0.018433380035138953    25    
53015.90632849264    0.4060429762719936     0.019134871232462138    25    
53016.40632849264    0.40269609351849217    0.02052427377567505     25    
53016.90632849264    0.3994471387280489     0.02213615479558652     25    
53017.40632849264    0.3963033166932575     0.023487160546102306    25    
53017.90632849264    0.393268062202903      0.024187890811289046    25    
53018.40632849264    0.3903361277952379     0.024342571461968138    25    
53018.90632849264    0.3875137354762918     0.024592296544666863    25    
53019.40632849264    0.38480803498251503    0.025555816768706503    25    