54047.14168065949    1.308074825154304     0.6402816138084084     25    
54047.64168065949    1.5554151599362982    0.6128707346572182     25    
54048.14168065949    1.827230184439802     0.604822171951765      25    
54048.64168065949    2.1254681517088088    0.740767613032047      25    
54049.14168065949    2.449491900925979     0.9821302340252013     25    
54049.64168065949    2.8010496531150926    1.1504689636562344     25    
54050.14168065949    3.1808744667973126    1.1903067923536714     25    
54050.64168065949    3.5889592820189886    1.1746255948655568     25    
54051.14168065949    4.027392374238267     1.167992779939687      25    
54051.64168065949    4.495616595445901     1.1701855628358973     25    
54052.14168065949    4.995140128241397     1.1717348044639384     25    
54052.64168065949    5.527036085580306     1.1724249384563163     25    
54053.14168065949    6.091017362680656     1.1723759277619525     25    
54053.64168065949    6.689232244606676     1.171543185291796      25    
54054.14168065949    7.321283608965267     1.1697670739747503     25    
54054.64168065949    7.98839959352766      1.167538945028402      25    
54055.14168065949    8.693015267755436     1.1656330301422573     25    
54055.64168065949    9.434335406673103     1.1638400885507199     25    
54056.14168065949    10.208324812551464    1.1604741562516436     25    
54056.64168065949    11.028756860321081    1.1529220456614562     25    
54057.14168065949    11.865594194968041    1.1462763391740918     25    
54057.64168065949    12.684744142760932    1.1479237292614992     25    
54058.14168065949    13.500828450733083    1.15656919345225       25    
54058.64168065949    14.250304163989135    1.1652486930059747     25    
54059.14168065949    14.925079800522054    1.1721782546891206     25    
54059.64168065949    15.513647746963692    1.1778800054021745     25    
54060.14168065949    15.960310993939533    1.179782544700542      25    
54060.64168065949    16.269654902570686    1.1773703937750337     25    
54061.14168065949    16.47111486853795     1.1757525022303752     25    
54061.64168065949    16.561092301997398    1.1777365165377347     25    
54062.14168065949    16.55579261382607     1.1815589060069887     25    
54062.64168065949    16.51551515799947     1.1871068225457562     25    
54063.14168065949    16.423458552610846    1.1958645411242441     25    
54063.64168065949    16.323344282048524    1.2019935453510002     25    
54064.14168065949    16.25063913746542     1.2106307260752913     25    
54064.64168065949    16.189748281169905    1.214007160397153      25    
54065.14168065949    16.15128813051235     1.1646639210618217     25    
54065.64168065949    16.139951371332494    1.0217407307654756     25    
54066.14168065949    16.141740285440083    0.8617917160593395     25    
54066.64168065949    16.147967810900727    0.8092722506169014     25    
54067.14168065949    16.16142928660187     0.8353703531603063     25    
54067.64168065949    16.166550697111123    0.8541685325689853     25    
54068.14168065949    16.165582404479238    0.8524341058568352     25    
54068.64168065949    16.15035240657038     0.8479522558499848     25    
54069.14168065949    16.109583990402015    0.8423467927456103     25    
54069.64168065949    16.047463478543673    0.8348052506445712     25    
54070.14168065949    15.947961336649241    0.8311000910053522     25    
54070.64168065949    15.810504990467946    0.835676574251705      25    
54071.14168065949    15.630671462434952    0.8420570648670485     25    
54071.64168065949    15.393953623180359    0.8428084639825655     25    
54072.14168065949    15.1019382285573      0.8400069082263937     25    
54072.64168065949    14.766243148122886    0.8304270630996083     25    
54073.14168065949    14.383860218284177    0.8065741381696632     25    
54073.64168065949    13.964065892517848    0.7774172778748886     25    
54074.14168065949    13.531822144870779    0.7639868527186826     25    
54074.64168065949    13.079066331277163    0.767761325596444      25    
54075.14168065949    12.627730131517183    0.7727246861874383     25    
54075.64168065949    12.189786152925715    0.769775366416566      25    
54076.14168065949    11.761718202505309    0.7639506848379747     25    
54076.64168065949    11.359180249013592    0.7566646195583565     25    
54077.14168065949    10.980231412539181    0.7461489830316214     25    
54077.64168065949    10.62870452911469     0.7377914928290291     25    
54078.14168065949    10.308352180590633    0.7380582210974356     25    
54078.64168065949    10.018091746826913    0.7435665142246489     25    
54079.14168065949    9.764676110119288     0.7463166049640365     25    
54079.64168065949    9.549290801916294     0.7481993405280248     25    
54080.14168065949    9.3694741484546       0.7436223431985344     25    
54080.64168065949    9.225314171751815     0.720096518077245      25    
54081.14168065949    9.116853643736942     0.6798964475270033     25    
54081.64168065949    9.035346647080202     0.6539584392597815     25    
54082.14168065949    8.9814749214398       0.6579684279442118     25    
54082.64168065949    8.951499883737787     0.6715707373769753     25    
54083.14168065949    8.93866707955916      0.6763812085780312     25    
54083.64168065949    8.945401868230473     0.6771359663207858     25    
54084.14168065949    8.964247189633559     0.6750711519774147     25    
54084.64168065949    8.994374464954582     0.6676430221858459     25    
54085.14168065949    9.034147282546186     0.6591053298501257     25    
54085.64168065949    9.077343203556408     0.6582814211890827     25    
54086.14168065949    9.12610509465028      0.6650005179022793     25    
54086.64168065949    9.174382612871012     0.6715873302884198     25    
54087.14168065949    9.219477811097718     0.6745693955983858     25    
54087.64168065949    9.262141325379508     0.6758792350094381     25    
54088.14168065949    9.298748788884236     0.6745544388193748     25    
54088.64168065949    9.32950819330262      0.669034752839305      25    
54089.14168065949    9.35490647927096      0.6656289628963239     25    
54089.64168065949    9.374925465206129     0.6707080660553849     25    
54090.14168065949    9.38959480310471      0.6801443854413597     25    
54090.64168065949    9.399124404900181     0.6858519726102        25    
54091.14168065949    9.403824354363891     0.6876125168879559     25    
54091.64168065949    9.4027824833744       0.6865565495224435     25    
54092.14168065949    9.395646873867966     0.680815000466958      25    
54092.64168065949    9.382460183890073     0.6713319051101573     25    
54093.14168065949    9.360586276893015     0.6679987207568682     25    
54093.64168065949    9.33039181792803      0.6750307395806443     25    
54094.14168065949    9.29053392051807      0.684493720654143      25    
54094.64168065949    9.239007177704776     0.689765348945903      25    
54095.14168065949    9.1764948466151       0.6930062981176044     25    
54095.64168065949    9.101354943247301     0.6920524938879209     25    
54096.14168065949    9.013213195804797     0.681112842692387      25    
54096.64168065949    8.91220360976916      0.6701627512858561     25    
54097.14168065949    8.797912964583983     0.6768697574214437     25    
54097.64168065949    8.670475350661544     0.6997347016328436     25    
54098.14168065949    8.52955425112962      0.7181632774088611     25    
54098.64168065949    8.374683574008131     0.7236454314762305     25    
54099.14168065949    8.206438633572322     0.722832241490886      25    
54099.64168065949    8.02560234949568      0.7174296727315687     25    
54100.14168065949    7.831462061161532     0.7050487644368404     25    
54100.64168065949    7.626833883082895     0.6950485525654096     25    
54101.14168065949    7.412751668560099     0.6952389718525664     25    
54101.64168065949    7.189265337840382     0.7006808046649857     25    
54102.14168065949    6.959559377000633     0.7059983645284771     25    
54102.64168065949    6.722284393569918     0.7131638881387773     25    
54103.14168065949    6.481409088048626     0.7164866968771352     25    
54103.64168065949    6.238913531299433     0.7166453015945102     25    
54104.14168065949    5.994632027937738     0.7109712124816541     25    
54104.64168065949    5.757034403836859     0.6652841038860146     25    
54105.14168065949    5.524488512570229     0.5365540198590033     25    
54105.64168065949    5.302004092058384     0.3652066517769865     25    
54106.14168065949    5.095926397019708     0.28062613158254895    25    
54106.64168065949    4.904055932638576     0.30081851490134476    25    
54107.14168065949    4.730131300399133     0.3188014562632834     25    
54107.64168065949    4.576670890518369     0.3115437257793602     25    
54108.14168065949    4.439433220981963     0.3035484336546345     25    
54108.64168065949    4.314579708287621     0.29892465327576495    25    
54109.14168065949    4.2036440982023535    0.2967733429384601     25    
54109.64168065949    4.100696023862175     0.29685968442965543    25    
54110.14168065949    4.004748014557195     0.3009086705928096     25    
54110.64168065949    3.9151121105683306    0.30582786145653346    25    
54111.14168065949    3.8275764432889847    0.3058660929422762     25    
54111.64168065949    3.742938199553883     0.3013480691747797     25    
54112.14168065949    3.660843541552517     0.296153384028895      25    
54112.64168065949    3.5809621067173865    0.293242342831733      25    
54113.14168065949    3.5034086811819116    0.2900573146667776     25    
54113.64168065949    3.427856553764965     0.28178742094237275    25    
54114.14168065949    3.354373398618831     0.26584376012421157    25    
54114.64168065949    3.2828132688285216    0.2515898364411631     25    
54115.14168065949    3.213018672462639     0.24888426818727966    25    
54115.64168065949    3.145075945996912     0.2526327195944268     25    
54116.14168065949    3.079073177481636     0.25358730312576777    25    
54116.64168065949    3.014978363009259     0.25095735717929213    25    
54117.14168065949    2.9528830492908735    0.2473069460088546     25    
54117.64168065949    2.8928625713098057    0.24349205673973157    25    
54118.14168065949    2.8348925692510836    0.23919837844792263    25    
54118.64168065949    2.7791048206915376    0.23578634842437474    25    
54119.14168065949    2.72548171438716      0.23354336674738305    25    
54119.64168065949    2.6740890759712865    0.23218342253921323    25    
54120.14168065949    2.625019418607874     0.23139758324734172    25    
54120.64168065949    2.578238566378734     0.23118924322285392    25    
54121.14168065949    2.5338746158219876    0.2335356204981493     25    
54121.64168065949    2.4919271338742597    0.24034635560716924    25    
54122.14168065949    2.452441086949549     0.24822218976901442    25    
54122.64168065949    2.4155237123666375    0.2520734871826246     25    
54123.14168065949    2.3811359261557308    0.25197910126469353    25    
54123.64168065949    2.3493972357646333    0.2568892247948753     25    