#mB  c  mBmB x1x1 cc mBx1 mBc x1c
12.365919013911503  -0.3  7.184668152284864e-05  0.0009356565011250567  7.304976147673814e-05  7.734818150240884e-05  5.291042145980935e-05  -1.0650862790770004e-05
12.36658628814614  0.3  7.917442437557542e-05  0.0007985774342577938  7.72549118630835e-05  6.0465808742587e-05  6.104257820914878e-05  -1.1714792043604668e-05
12.871364662713413  0.0  8.21363777539107e-05  0.0010279987173728612  7.897170403045558e-05  8.935140926361585e-05  6.065407934830553e-05  -7.71568812965291e-06
13.371364662713413  0.0  9.588978176428897e-05  0.0013977390525836898  8.729935837785695e-05  0.00013384152471730752  6.814192476932984e-05  -1.0420768502220457e-06
13.871364662713413  0.0  0.0001230785418760724  0.0021816640157061432  0.00010390812801546481  0.00022482360926069756  8.273211316903748e-05  1.1267861674841748e-05
13.36990119818016  -0.15  9.574626447783295e-05  0.0015606658376345606  8.829332373150681e-05  0.0001517373654194197  6.656047995810006e-05  -1.5788133038704756e-07
13.37027153429506  0.15  9.646093305448907e-05  0.0012630488895718868  8.703927161612674e-05  0.00011886069202852798  6.988020968093954e-05  -2.010466134800335e-06
14.365919013911501  -0.3  0.00019279334208806647  0.005357978290954813  0.00016516566536803535  0.0005719040648542639  0.00011406415676415226  3.923197756386252e-05
14.36658628814614  0.3  0.0001659005971784351  0.0027206590075445707  0.00012471757847587312  0.00028836659205411713  0.00011066407562584135  2.3669038536985245e-05
