#Date  :
#Flux  :
#Fluxerr  :
#ZP  :
#end  :
@INSTRUMENT  SDSS
@BAND  SDSS_r
@MAGSYS  AB
54357.313843  1.272  0.7328  23.901989999999998
54362.364112  2.113  0.9711  23.901989999999998
54379.354401  10.73  1.062  23.901989999999998
54382.344116  12.82  1.309  23.901989999999998
54385.362053  16.0  0.8142  23.901989999999998
54387.362428  19.18  1.289  23.901989999999998
54392.356963  21.48  1.328  23.901989999999998
54394.345283  19.63  1.198  23.901989999999998
54402.355278  16.68  1.634  23.901989999999998
54408.269034  12.23  0.8297  23.901989999999998
54411.226899  10.46  0.7512  23.901989999999998
54413.267729  10.05  1.003  23.901989999999998
54417.269159  8.855  0.8369  23.901989999999998
54418.267498  8.962  0.9036  23.901989999999998
54422.271662  8.557  1.191  23.901989999999998
54424.207522  7.865  1.218  23.901989999999998
