#Date  :
#Flux  :
#Fluxerr  :
#ZP  :
#end  :
@INSTRUMENT  SDSS
@BAND  SDSS_i
@MAGSYS  AB
53616.344539  -3.069  1.825  23.908679999999997
53622.358015  -1.855  1.852  23.908679999999997
53626.321545  0.6413  1.382  23.908679999999997
53627.315546  0.4318  1.583  23.908679999999997
53628.306182  -0.337  1.657  23.908679999999997
53634.307849  1.848  1.775  23.908679999999997
53635.314726  -0.3715  1.493  23.908679999999997
53637.308115  2.951  1.893  23.908679999999997
53638.349301  -1.928  1.433  23.908679999999997
53639.353479  1.554  1.301  23.908679999999997
53640.313301  2.034  1.565  23.908679999999997
53644.300831  -1.918  1.47  23.908679999999997
53654.335098  17.91  1.531  23.908679999999997
53655.285653  24.87  2.232  23.908679999999997
53663.295808  34.25  1.575  23.908679999999997
53664.310223  36.24  2.865  23.908679999999997
53666.365837  31.7  1.566  23.908679999999997
53668.285539  31.15  1.793  23.908679999999997
53669.269137  36.91  1.546  23.908679999999997
53670.290096  31.41  1.532  23.908679999999997
53671.354169  34.47  1.69  23.908679999999997
53673.258081  31.24  1.526  23.908679999999997
53674.253382  28.94  1.672  23.908679999999997
53675.254762  27.84  1.714  23.908679999999997
53676.342706  29.26  1.482  23.908679999999997
53677.275833  26.1  1.377  23.908679999999997
53679.314378  23.71  1.925  23.908679999999997
53680.262176  21.19  1.496  23.908679999999997
53681.305738  16.84  2.38  23.908679999999997
53685.264485  22.54  2.555  23.908679999999997
53693.263157  18.59  1.792  23.908679999999997
53697.261702  16.89  1.588  23.908679999999997
53698.260174  17.83  1.609  23.908679999999997
53699.283592  17.14  1.434  23.908679999999997
53700.260361  16.04  1.797  23.908679999999997
53704.24556  10.77  2.42  23.908679999999997
53705.24682  13.44  1.436  23.908679999999997
