57291.536682332066    34.618638409197935    6.280942619946762     25    
57292.036682332066    40.75166405006918     6.245167617862592     25    
57292.536682332066    47.267516941914714    6.2908521311691326    25    
57293.036682332066    54.12454387456337     6.684445468089349     25    
57293.536682332066    61.31677004894702     7.184168890990507     25    
57294.036682332066    68.78905897626684     7.361989806345745     25    
57294.536682332066    76.54543439454297     7.336518923073272     25    
57295.036682332066    84.52424601942798     7.3347189883370465    25    
57295.536682332066    92.7325466429509      7.348413353917151     25    
57296.036682332066    101.10914166829494    7.358417467666919     25    
57296.536682332066    109.65714345841896    7.364255647510414     25    
57297.036682332066    118.32278258711592    7.367949304491573     25    
57297.536682332066    127.09826150519525    7.368140988815839     25    
57298.036682332066    135.94417564580257    7.371104460888652     25    
57298.536682332066    144.84095245491403    7.297776268864568     25    
57299.036682332066    153.7541947213427     7.343401697066176     25    
57299.536682332066    162.65524787915123    7.910918010949951     25    
57300.036682332066    171.48512369538292    8.653678458575182     25    
57300.536682332066    180.02626071314378    8.960389105753325     25    
57301.036682332066    188.29127987555137    8.989553660273138     25    
57301.536682332066    195.9591205475186     9.029207683142692     25    
57302.036682332066    203.06051274132483    9.074485067397259     25    
57302.536682332066    209.3273531639105     9.09434211805952      25    
57303.036682332066    214.68571853378558    9.07293746019242      25    
57303.536682332066    219.29351470706806    9.080416161223562     25    
57304.036682332066    223.119894430397      9.153979376270781     25    
57304.536682332066    226.38080165439032    9.253349355867279     25    
57305.036682332066    229.21807436624218    9.382755898560056     25    
57305.536682332066    231.69866329656082    9.492396918657137     25    
57306.036682332066    234.07358410550844    9.550079975407723     25    
57306.536682332066    236.26575248999038    9.487636305808826     25    
57307.036682332066    238.25775169663862    8.825328705219116     25    
57307.536682332066    240.04157589663606    7.5452634883771275    25    
57308.036682332066    241.413277885694      6.848502954092323     25    
57308.536682332066    242.39136495171542    6.988366629251912     25    
57309.036682332066    242.80478772742123    7.121274142110632     25    
57309.536682332066    242.60294568568932    7.103581287469142     25    
57310.036682332066    241.87379125667167    7.076176422416954     25    
57310.536682332066    240.59072279977565    7.038095086897871     25    
57311.036682332066    238.89666294179608    7.026312620214713     25    
57311.536682332066    236.89287684048736    7.110938133147558     25    
57312.036682332066    234.62264058331073    7.211991194207065     25    
57312.536682332066    232.26076799523815    7.258282928454323     25    
57313.036682332066    229.76596377035204    7.218830597290955     25    
57313.536682332066    227.1645146870032     6.752156159689594     25    
57314.036682332066    224.44977232950754    5.830230129765075     25    
57314.536682332066    221.51713975170128    5.305536308073992     25    
57315.036682332066    218.37562649670343    5.379773879654106     25    
57315.536682332066    214.93700666392994    5.462847047942662     25    
57316.036682332066    211.17124123314537    5.442433692185548     25    
57316.536682332066    207.1263519129216     5.4054099791553325    25    
57317.036682332066    202.78439769115147    5.332476383951015     25    
57317.536682332066    198.23298347568152    5.282814954195798     25    
57318.036682332066    193.53955081411937    5.346592741346033     25    
57318.536682332066    188.7311025686565     5.443237880389761     25    
57319.036682332066    183.91475466280372    5.468640072526477     25    
57319.536682332066    179.0822495494011     5.440921168254277     25    
57320.036682332066    174.3244034945969     5.293172580639033     25    
57320.536682332066    169.63105460932687    5.02403831040315      25    
57321.036682332066    165.0640099227884     4.869145765640248     25    
57321.536682332066    160.61752519612264    4.867427488246243     25    
57322.036682332066    156.34971167917806    4.871597874368911     25    
57322.536682332066    152.26661973854195    4.85617406324341      25    
57323.036682332066    148.39872996981342    4.818703023301613     25    
57323.536682332066    144.7621739826162     4.724171292920545     25    
57324.036682332066    141.36636330221117    4.632410764188761     25    
57324.536682332066    138.22807672125364    4.6187149469226       25    
57325.036682332066    135.3507115955758     4.639277244898275     25    
57325.536682332066    132.76650500889343    4.643846136142722     25    
57326.036682332066    130.4602062870226     4.642059399441008     25    
57326.536682332066    128.3911757721362     4.626734398575433     25    
57327.036682332066    126.5651879165674     4.598714470143478     25    
57327.536682332066    124.8515330473668     4.538150513392463     25    
57328.036682332066    123.26098952188205    4.429564747293923     25    
57328.536682332066    121.67606497282183    4.359101064340324     25    
57329.036682332066    120.07028829657281    4.372158354776379     25    
57329.536682332066    118.423513456246      4.3868428380578175    25    
57330.036682332066    116.69639368981697    4.340283010486682     25    
57330.536682332066    114.93118458851762    4.304880007877747     25    
57331.036682332066    113.15366598304986    4.367556513486322     25    
57331.536682332066    111.37219229261378    4.466099430490017     25    
57332.036682332066    109.63235397623659    4.511491211681134     25    
57332.536682332066    107.92763352813496    4.520423427765649     25    
57333.036682332066    106.28220200729237    4.475312723673275     25    
57333.536682332066    104.69465634332586    4.377206895761225     25    
57334.036682332066    103.14900099626828    4.173117227194626     25    
57334.536682332066    101.64667509802352    3.792252194652577     25    
57335.036682332066    100.1732198603916     3.5144706813048927    25    
57335.536682332066    98.7300586172453      3.5352856262707415    25    
57336.036682332066    97.29718367034482     3.5868216081174578    25    
57336.536682332066    95.86972242407643     3.492494774939939     25    
57337.036682332066    94.42751567178423     3.3852924141727305    25    
57337.536682332066    92.94415838097206     3.3776657059340467    25    
57338.036682332066    91.4146531470805      3.421727564033208     25    
57338.536682332066    89.79683697409442     3.479253165799403     25    
57339.036682332066    88.0984236919024      3.54830967888879      25    
57339.536682332066    86.31093958397571     3.5542444230725243    25    
57340.036682332066    84.43150166168178     3.502263136733799     25    
57340.536682332066    82.52362160424644     3.3740533587237636    25    
57341.036682332066    80.5826810049174      3.1226516485542355    25    
57341.536682332066    78.66647045954902     2.9304624794216347    25    
57342.036682332066    76.79013564740258     2.9265173683568833    25    
57342.536682332066    74.96909029448315     2.944266891063394     25    
57343.036682332066    73.23122207759906     2.8620750626226865    25    
57343.536682332066    71.55220628502894     2.7728086933573732    25    
57344.036682332066    69.91607763027118     2.766887294834348     25    
57344.536682332066    68.3184212519645      2.8098591142364766    25    
57345.036682332066    66.7281795653412      2.880199031744034     25    
57345.536682332066    65.14968571716102     2.9709766901341093    25    
57346.036682332066    63.56736902504592     2.9777168959214655    25    
57346.536682332066    61.9797421870631      2.900249277222243     25    
57347.036682332066    60.416230364482935    2.808508802565463     25    
57347.536682332066    58.87462460993646     2.7242787390370804    25    
57348.036682332066    57.38254767330221     2.5679603738906605    25    
57348.536682332066    55.94709157555113     2.226148587098417     25    
57349.036682332066    54.57888740306246     1.8784528163715342    25    
57349.536682332066    53.293096986107294    1.8070156916853117    25    
57350.036682332066    52.08162108142815     1.8532430542607263    25    
57350.536682332066    50.94203306598473     1.8317521107192574    25    
57351.036682332066    49.87289922694208     1.797554037154546     25    
57351.536682332066    48.866780432325285    1.7646179076502566    25    
57352.036682332066    47.92433454410953     1.7320682057275105    25    
57352.536682332066    47.037501886911926    1.7141518255467847    25    
57353.036682332066    46.20717352441229     1.7114816958400771    25    
57353.536682332066    45.42550901526001     1.7151597268466545    25    
57354.036682332066    44.6927277533656      1.7009227295755427    25    
57354.536682332066    44.00211340288487     1.7763246680096778    25    
57355.036682332066    43.35230881648482     2.0225167650872744    25    
57355.536682332066    42.73860522199629     2.2414634020359716    25    
57356.036682332066    42.15722829928524     2.289546134318647     25    
57356.536682332066    41.60597346811189     2.3168937775546095    25    
57357.036682332066    41.078797787282085    2.4383887390365784    25    