57393.416853639974    202.45316926313492    75.10948835682319     25    
57393.916853639974    243.51668641903538    64.70979751329656     25    
57394.416853639974    288.07091984228634    82.51546185665268     25    
57394.916853639974    336.0300888822685     157.23269386844427    25    
57395.416853639974    387.3385240467721     211.0981770287744     25    
57395.916853639974    441.89639399085866    221.06535948262277    25    
57396.416853639974    499.661276008729      216.82554671722346    25    
57396.916853639974    560.5208958769442     217.50550361795584    25    
57397.416853639974    624.4444698602927     217.94665109789742    25    
57397.916853639974    691.3088886726619     217.78580647312157    25    
57398.416853639974    761.0933997336015     217.0954995111539     25    
57398.916853639974    833.6656665101465     215.89662837936498    25    
57399.416853639974    909.0133597607919     214.31613224855673    25    
57399.916853639974    987.0798138383454     215.59087637626777    25    
57400.416853639974    1067.7412955539164    215.8507535236094     25    
57400.916853639974    1150.8320503312925    189.36177196820194    25    
57401.416853639974    1235.801218367271     133.25256771458686    25    
57401.916853639974    1318.4535395602993    108.39917649328144    25    
57402.416853639974    1398.7517362731846    124.20866954713028    25    
57402.916853639974    1470.7449093123123    133.30148508374657    25    
57403.416853639974    1534.652336680311     138.7921119554687     25    
57403.916853639974    1584.9937274276147    142.02253064450886    25    
57404.416853639974    1621.729964029172     142.95554225272954    25    
57404.916853639974    1647.0477211156358    148.06528568613803    25    
57405.416853639974    1660.6291271814714    157.4995692688774     25    
57405.916853639974    1667.7090748781657    166.78627498589177    25    
57406.416853639974    1668.2842677657475    176.68518995126985    25    
57406.916853639974    1666.8466370168967    177.9642244946863     25    
57407.416853639974    1664.076840970842     168.48588852503116    25    
57407.916853639974    1660.4859722846227    151.96069544576562    25    
57408.416853639974    1656.5129797699483    122.7538034635669     25    
57408.916853639974    1651.127605591759     98.72385958636123     25    
57409.416853639974    1644.2361995794186    98.14590217721101     25    
57409.916853639974    1635.1834124314928    102.10896121198186    25    
57410.416853639974    1623.722355390353     104.08882102950295    25    
57410.916853639974    1609.6931892763605    106.01543521807938    25    
57411.416853639974    1592.9462433962804    106.44952728950416    25    
57411.916853639974    1573.5049534260727    108.50861562379626    25    
57412.416853639974    1551.3341324603985    115.90833073348348    25    
57412.916853639974    1526.4604987466025    120.98436748333016    25    
57413.416853639974    1498.680481565878     118.24443448180062    25    
57413.916853639974    1468.6155169301933    111.50292152585153    25    
57414.416853639974    1436.5552878319195    100.06259334110506    25    
57414.916853639974    1403.2006489294445    88.76723218877534     25    
57415.416853639974    1369.3878952310283    90.04268433763647     25    
57415.916853639974    1335.5458498202215    95.84722669153936     25    
57416.416853639974    1302.6796368007542    98.00565014066007     25    
57416.916853639974    1270.9745833277427    98.60046713500617     25    
57417.416853639974    1241.308592530062     95.74866784441213     25    
57417.916853639974    1213.7764887571577    91.8818211339423      25    
57418.416853639974    1189.1284894910757    94.31190158545034     25    
57418.916853639974    1167.4305448513953    99.50361586882431     25    
57419.416853639974    1149.6127997499946    101.38140027425034    25    
57419.916853639974    1135.380973238229     100.98440847656185    25    
57420.416853639974    1124.3814783557918    96.35659170529753     25    
57420.916853639974    1116.4000130718953    88.3778938222965      25    
57421.416853639974    1109.822138823985     85.9163813860398      25    
57421.916853639974    1104.670790617705     87.86921831742362     25    
57422.416853639974    1099.2196711029821    87.61244152282414     25    
57422.916853639974    1093.5942656902089    85.5164732893512      25    
57423.416853639974    1087.679237803057     79.73049574328601     25    
57423.916853639974    1081.4689408734585    69.33836471363752     25    
57424.416853639974    1076.4114054427537    62.10430351222842     25    
57424.916853639974    1072.4622517943394    59.57423811867822     25    
57425.416853639974    1071.028272575799     58.63149153753775     25    
57425.916853639974    1072.2543895818394    59.329710426128685    25    
57426.416853639974    1075.7791228553888    59.51047825013986     25    
57426.916853639974    1081.8547905846667    58.037707861516175    25    
57427.416853639974    1088.4273594606204    61.709078091086795    25    
57427.916853639974    1095.4304009326136    72.24264208778074     25    
57428.416853639974    1101.0416012515843    79.18395839334123     25    
57428.916853639974    1104.757243168025     81.18888248772615     25    
57429.416853639974    1106.4873880857513    80.77284219405243     25    
57429.916853639974    1105.730213719224     77.31286294303672     25    
57430.416853639974    1104.0178074431794    74.38981374119611     25    
57430.916853639974    1101.6287977447269    74.56811288030944     25    
57431.416853639974    1099.7149954044814    74.90680264484674     25    
57431.916853639974    1098.998475426034     74.14463284253067     25    
57432.416853639974    1099.53537956719      72.8644222113689      25    
57432.916853639974    1101.8768863343682    70.48757971258833     25    
57433.416853639974    1105.1302459460887    68.82200312346706     25    
57433.916853639974    1108.8640744530567    70.12637262204936     25    
57434.416853639974    1112.5644645050136    72.41762687146479     25    
57434.916853639974    1115.5570984490494    73.98113739279587     25    
57435.416853639974    1117.6331059743536    75.9382066609547      25    
57435.916853639974    1118.179684987558     78.00643530657749     25    
57436.416853639974    1117.2086998385942    82.47754735928984     25    
57436.916853639974    1114.4445894777548    94.9558894490002      25    
57437.416853639974    1109.831635790993     108.30493449964193    25    
57437.916853639974    1103.0682772730902    115.42006211953598    25    
57438.416853639974    1094.180959803449     117.8815514744381     25    
57438.916853639974    1082.9955881739222    110.47058531331925    25    
57439.416853639974    1069.5941758141137    95.2269359563466      25    
57439.916853639974    1054.139660263884     82.67370699124352     25    
57440.416853639974    1036.644985570537     71.95045844403049     25    
57440.916853639974    1017.282267512641     66.52449484261844     25    
57441.416853639974    996.0783858263723     67.0258791308758      25    
57441.916853639974    973.3781980908302     70.75018706215421     25    
57442.416853639974    949.2011984366007     77.67984548155044     25    
57442.916853639974    924.2852229849027     91.4385430339481      25    
57443.416853639974    898.6060143063122     109.19239268930907    25    
57443.916853639974    872.9437687620624     122.22913836672687    25    
57444.416853639974    847.2773077853204     132.1923230668577     25    
57444.916853639974    822.1873116239781     132.4970929021811     25    
57445.416853639974    797.6923716011933     122.18428638781981    25    
57445.916853639974    773.9171396822612     108.44144114955091    25    
57446.416853639974    750.8668108338613     89.94474581269024     25    
57446.916853639974    728.651043811973      72.00885072015976     25    
57447.416853639974    707.2804985331531     57.56042283418324     25    
57447.916853639974    686.8172386952212     46.80979512280661     25    
57448.416853639974    667.2892336425011     43.76399710005812     25    
57448.916853639974    648.637550633702      43.21611600452992     25    
57449.416853639974    630.8611558207677     43.131651812556974    25    
57449.916853639974    613.9053595831824     44.03924834848709     25    
57450.416853639974    597.759539428083      45.717901904376866    25    
57450.916853639974    582.3762484202626     47.76767283722979     25    
57451.416853639974    567.7404336585208     50.288699004808294    25    
57451.916853639974    553.8094041407392     52.06467974206952     25    
57452.416853639974    540.5630255078809     51.64782184069007     25    
57452.916853639974    527.9640137404122     51.66105238428899     25    
57453.416853639974    515.986501971962      53.38834953471294     25    
57453.916853639974    504.5992120675791     57.47337781231838     25    
57454.416853639974    493.77005004656326    59.21295025810037     25    
57454.916853639974    483.473943393767      72.45167453365735     25    
57455.416853639974    473.6728567274832     97.90931392575023     25    