@INSTRUMENT MOSAICII
@BAND MOSAICII_R
@MAGSYS Linear_AB11_off
#Date : MJD
#Flux : 
#Fluxerr : 
#ZP : 
#end
53266.1566  0.8352  0.9371  25.0
53287.0957  -1.581  1.3689  25.0
53295.098  0.2945  0.5152  25.0
53299.1057  -0.0982  0.4432  25.0
53321.1075  -0.7933  0.3581  25.0
53325.1071  -0.3194  0.3888  25.0
53331.1608  -1.997  1.1161  25.0
53344.1387  -0.6249  0.5005  25.0
53348.1149  -0.2937  0.3336  25.0
53352.0764  0.0042  0.3319  25.0
53354.0815  -0.6968  0.3576  25.0
53358.0967  0.4985  0.4894  25.0
53360.1214  0.5307  0.8686  25.0
53379.0668  0.5831  0.4382  25.0
53385.0686  0.1341  0.4892  25.0
53641.1271  -0.6113  0.7156  25.0
53649.122  0.8459  0.7045  25.0
53652.0858  0.0161  0.7873  25.0
53654.0864  -0.1056  0.671  25.0
53682.1268  2.6397  1.1396  25.0
53698.1074  4.1115  0.7337  25.0
53704.1274  2.9635  0.3347  25.0
53706.1135  2.804  0.3582  25.0
53708.1215  1.9249  0.345  25.0
53712.1266  2.6594  0.4354  25.0
53714.0419  2.5469  0.75  25.0
53728.107  0.6087  0.5316  25.0
53731.1112  0.3546  0.4102  25.0
53733.0695  -0.0794  0.3632  25.0
53738.084  0.2534  0.3991  25.0
53992.315  -1.4579  0.9813  25.0
53994.2946  0.4819  0.3512  25.0
54003.2819  -0.4486  0.5518  25.0
54006.313  0.4595  0.506  25.0
54021.3528  1.4186  1.0247  25.0
54023.2781  1.2002  0.5582  25.0
54025.2827  0.1693  0.602  25.0
54027.3027  0.0757  0.4537  25.0
54039.2863  0.2927  0.8786  25.0
54053.0972  1.4803  0.373  25.0
54057.2382  -1.6254  1.2203  25.0
54059.2331  0.4288  0.8778  25.0
54063.2462  0.7856  0.4499  25.0
54065.2309  0.6839  0.4854  25.0
54067.2351  -0.4855  0.5665  25.0
54069.2296  0.5003  1.0791  25.0
54082.1159  -0.0441  0.5019  25.0
54086.0991  0.575  0.3878  25.0
54088.1221  -0.0701  0.4905  25.0
54090.0885  -0.3628  0.3473  25.0
54092.1162  0.1781  0.2963  25.0
54094.1148  -0.1145  0.4121  25.0
54096.1277  0.7072  1.3533  25.0
54111.1092  -0.4103  0.5379  25.0
54113.1116  0.1334  0.5617  25.0
54114.0979  -1.114  1.0787  25.0
54351.3191  0.1958  0.5722  25.0
54354.326  0.3578  0.5856  25.0
54357.3635  -0.3514  1.0472  25.0
54360.307  0.969  0.795  25.0
54363.3696  -0.869  0.5757  25.0
54381.2619  0.2529  0.4542  25.0
54383.3304  -0.9208  0.5481  25.0
54387.2589  0.2338  0.5538  25.0
54389.2661  -0.0858  1.1405  25.0
54393.2927  -0.6746  0.5148  25.0
54407.2552  -0.1469  0.7214  25.0
54409.2865  0.1785  0.439  25.0
54411.2724  0.396  0.4442  25.0
54413.1338  0.598  0.6427  25.0
54417.0745  0.1626  0.3729  25.0
54419.0809  0.5319  0.369  25.0
54423.2636  -0.8332  0.5789  25.0
54437.1824  -0.8966  0.6189  25.0
54439.1311  0.5124  0.4273  25.0
54441.0866  0.6385  0.3788  25.0
54445.1861  0.526  0.8848  25.0
54447.1552  -0.547  0.4213  25.0
54449.1406  -0.48  0.4708  25.0
54451.1447  0.2986  1.0037  25.0
54453.1468  1.9982  1.6605  25.0
54464.0994  0.2639  0.383  25.0
54467.111  -1.04  0.4404  25.0
54469.1093  -0.3044  0.3494  25.0
54472.0955  -0.0696  0.4256  25.0
