#mB  c  mBmB x1x1 cc mBx1 mBc x1c
19.289956298585615  -0.3  0.0003614220075205085  0.021581631739099633  0.00021899270461025512  0.0005786033474982992  0.00018372440431607332  0.00013309857596079686
19.29017650919085  0.3  0.00040971419616073234  0.012743366564530893  0.00024367944178360472  0.0002687861395372386  0.00024634011100578784  3.8743650324850345e-05
19.795150896141347  0.0  0.000470117150811792  0.031919781651209546  0.00029256066107729976  0.0008561493495481727  0.0002654984742691326  0.0002856580211903407
20.295150896141347  0.0  0.0006735751122391487  0.06328094002136779  0.0004413153663799328  0.0017788385784715136  0.0003786715205859474  0.000635424929510539
20.795150896141344  0.0  0.0011433458926243306  0.13677590740934095  0.0007882083202457998  0.003971511987593041  0.0006322007730418172  0.0014239458165562788
20.29380617175367  -0.15  0.0006376075171384883  0.07125594160575772  0.00042093132762327826  0.0018906114944637125  0.00031230340159802935  0.00048366206396832856
20.293952801340573  0.15  0.0007034821681236318  0.05318497533663168  0.00045031225159036434  0.0015838449684574345  0.0004260461796184201  0.0006655889621277341
21.289956298585615  -0.3  0.0020364239753560827  0.3624687062889502  0.0013664806595402974  0.010015981697188779  0.0005030916534232989  0.0006651841396335931
21.29017650919085  0.3  0.002349685883363419  0.21056949502587752  0.0014573912345402758  0.007172241860897374  0.0014744965716113037  0.003561344884289868
