54374.790732490816    0.45007424537718205    0.3496659447032892     25    
54375.290732490816    0.6012329877000894     0.285285859594301      25    
54375.790732490816    0.7807747111917178     0.2965687237277827     25    
54376.290732490816    0.9943498928663289     0.6121544701533842     25    
54376.790732490816    1.2403987206854745     0.9575142724165938     25    
54377.290732490816    1.5253867367080005     1.134867714176909      25    
54377.790732490816    1.8491711274363474     1.1547303159366122     25    
54378.290732490816    2.215018154986176      1.1297823053581801     25    
54378.790732490816    2.6273167850222205     1.128814125565977      25    
54379.290732490816    3.0851024672460334     1.1295256484455292     25    
54379.790732490816    3.5950605470209926     1.1286798094940353     25    
54380.290732490816    4.156013342500468      1.1262846420496726     25    
54380.790732490816    4.772708430454189      1.1224010272106602     25    
54381.290732490816    5.447975634327374      1.1167801576152023     25    
54381.790732490816    6.182040927301541      1.1098024642454773     25    
54382.290732490816    6.981874410054895      1.1041495173945157     25    
54382.790732490816    7.847104528167766      1.102761224720655      25    
54383.290732490816    8.775623090748711      1.086245519670682      25    
54383.790732490816    9.783068653365683      1.0312696411945292     25    
54384.290732490816    10.838189899584126     0.9667424674590596     25    
54384.790732490816    11.898529823746493     0.9457978118672238     25    
54385.290732490816    12.976710229175827     0.9602868335140728     25    
54385.790732490816    13.992524822886889     0.9753223216180971     25    
54386.290732490816    14.948677460037278     0.9854957346061277     25    
54386.790732490816    15.80875250706504      0.9939508093170878     25    
54387.290732490816    16.515727534100336     0.996376313640022      25    
54387.790732490816    17.09099268607529      0.9949402704691133     25    
54388.290732490816    17.54441234301766      0.9973298837705685     25    
54388.790732490816    17.865310284883115     1.003878267030514      25    
54389.290732490816    18.0953017458995       1.0126321453302816     25    
54389.790732490816    18.252322630305432     1.0254820545127925     25    
54390.290732490816    18.33924440863463      1.0387126756979577     25    
54390.790732490816    18.399445861710788     1.0464190194812475     25    
54391.290732490816    18.427156325316457     1.0550973674060153     25    
54391.790732490816    18.421407664856094     1.0208677536234085     25    
54392.290732490816    18.388728695854432     0.8834166446235148     25    
54392.790732490816    18.317064713177814     0.69878504301313       25    
54393.290732490816    18.19209312545241      0.6234479919500098     25    
54393.790732490816    18.017576252756964     0.6516283359751509     25    
54394.290732490816    17.77708409315377      0.6710369658876806     25    
54394.790732490816    17.464257062593017     0.6654473150211081     25    
54395.290732490816    17.092679530912807     0.656453097172572      25    
54395.790732490816    16.665962450530202     0.6457207333206677     25    
54396.290732490816    16.187258045559176     0.6338356973476165     25    
54396.790732490816    15.687130326698467     0.6311992822082179     25    
54397.290732490816    15.1590914917063       0.6408069410744535     25    
54397.790732490816    14.626499785523926     0.6479490119186776     25    
54398.290732490816    14.103545495343408     0.6427137768676016     25    
54398.790732490816    13.584875388886148     0.6328051670430654     25    
54399.290732490816    13.077881245330518     0.6265574161733656     25    
54399.790732490816    12.582226186212527     0.6225254640737915     25    
54400.290732490816    12.08859029439144      0.6219027710118619     25    
54400.790732490816    11.596604287243158     0.6278039756291173     25    
54401.290732490816    11.102917157931932     0.6340285703702202     25    
54401.790732490816    10.599945659897372     0.6331272588887652     25    
54402.290732490816    10.090075206719964     0.6273258001958532     25    
54402.790732490816    9.577656717603878      0.6173345413850154     25    
54403.290732490816    9.059627350942655      0.5999631544800575     25    
54403.790732490816    8.546456207516483      0.5844589977993381     25    
54404.290732490816    8.044580666741153      0.5816379822884794     25    
54404.790732490816    7.553756121711164      0.5853775521908904     25    
54405.290732490816    7.087193651189394      0.5868529173749369     25    
54405.790732490816    6.643410173400969      0.5911017247225601     25    
54406.290732490816    6.2249065252985165     0.5746992797652511     25    
54406.790732490816    5.834629949410798      0.5040546398381461     25    
54407.290732490816    5.469743683978642      0.40350322218656526    25    
54407.790732490816    5.127449024356749      0.3531156287467874     25    
54408.290732490816    4.808534242955761      0.35839653032706514    25    
54408.790732490816    4.509505591019038      0.366720124894846      25    
54409.290732490816    4.230297573835675      0.36735020764160475    25    
54409.790732490816    3.9695459178278667     0.3669404782329176     25    
54410.290732490816    3.7252207517867615     0.3601273670450333     25    
54410.790732490816    3.4978085666172167     0.34906805609539515    25    
54411.290732490816    3.2849003319200447     0.3441032696201192     25    
54411.790732490816    3.086921135669902      0.3477941688556776     25    
54412.290732490816    2.902176886692202      0.3526571188163258     25    
54412.790732490816    2.729485628261768      0.35521788532517823    25    
54413.290732490816    2.5690427690274023     0.3562779370918076     25    
54413.790732490816    2.4193809457992166     0.3530737532573381     25    
54414.290732490816    2.280723016694426      0.34732523129014464    25    
54414.790732490816    2.1526742103713734     0.3286478622868826     25    
54415.290732490816    2.035152730156211      0.27707164922332195    25    
54415.790732490816    1.9280003454812829     0.20584163396604102    25    
54416.290732490816    1.8309031141998873     0.17102284588870548    25    
54416.790732490816    1.7439752941784623     0.179598051259972      25    
54417.290732490816    1.6659006805948278     0.18591014455060334    25    
54417.790732490816    1.5970467685639522     0.17975410105873948    25    
54418.290732490816    1.5359788183915102     0.17474185229670047    25    
54418.790732490816    1.481391146271256      0.17878523261017754    25    
54419.290732490816    1.4334968224733897     0.18780930764338538    25    
54419.790732490816    1.3900176416533065     0.1933671925257603     25    
54420.290732490816    1.3513037611827283     0.19611833094669812    25    
54420.790732490816    1.3160801977846468     0.19519982065206168    25    
54421.290732490816    1.2835748142118637     0.18745254133235803    25    
54421.790732490816    1.2538739834595876     0.17570883475319934    25    
54422.290732490816    1.2260051303259871     0.16712039320500927    25    
54422.790732490816    1.2002229155264943     0.16096444451824163    25    
54423.290732490816    1.1755917563894938     0.15819638517534587    25    
54423.790732490816    1.1519758620319196     0.1626688953604431     25    
54424.290732490816    1.129120965251189      0.16715137707293048    25    
54424.790732490816    1.1063819425799997     0.16073126833007773    25    
54425.290732490816    1.0839285554840408     0.14540067105793383    25    
54425.790732490816    1.061284760262137      0.1329979759619529     25    
54426.290732490816    1.0384995552171319     0.12687120624763165    25    
54426.790732490816    1.0152977968402481     0.12435854949490058    25    
54427.290732490816    0.9912716569707688     0.12602326844835465    25    
54427.790732490816    0.9666370959220986     0.130608757302237      25    
54428.290732490816    0.9416667236261799     0.13138384125283548    25    
54428.790732490816    0.9160095178359595     0.1278998487353719     25    
54429.290732490816    0.8912273981478896     0.1239241614458569     25    
54429.790732490816    0.8677504164155863     0.12067267185119519    25    
54430.290732490816    0.8459293378615023     0.11830229295275599    25    
54430.790732490816    0.8275010555525025     0.12005160557778591    25    
54431.290732490816    0.8121341737819903     0.12588515300482767    25    
54431.790732490816    0.800160473295544      0.12833957782597166    25    
54432.290732490816    0.7923548007318243     0.12347418985815212    25    
54432.790732490816    0.7871619811099463     0.11716432855044788    25    
54433.290732490816    0.7831343779416085     0.11609542146583518    25    
54433.790732490816    0.780603919267061      0.11832642953265703    25    
54434.290732490816    0.7770799177635141     0.12129945933327907    25    
54434.790732490816    0.7726437488080125     0.1260982140706586     25    
54435.290732490816    0.7666104378801287     0.1286672913777503     25    
54435.790732490816    0.7578340446568972     0.12424230039053027    25    
54436.290732490816    0.7470284624145586     0.11568604508279605    25    
54436.790732490816    0.7352738211036938     0.1094599621587903     25    
54437.290732490816    0.7222494705570577     0.10484826220685342    25    
54437.790732490816    0.709225801208553      0.10497618532100567    25    
54438.290732490816    0.6966132066894343     0.11373571576068403    25    
54438.790732490816    0.6845305490903733     0.12500963418194308    25    
54439.290732490816    0.6739239006904373     0.13215592016578684    25    
54439.790732490816    0.6646091649094052     0.13709289761360455    25    
54440.290732490816    0.6563903254971071     0.13920181780108984    25    
54440.790732490816    0.649320113855278      0.13789883188146468    25    
54441.290732490816    0.6432147632151769     0.1343721346353625     25    
54441.790732490816    0.6378880972842225     0.1293077530031289     25    
54442.290732490816    0.6333785906721612     0.12237756151978853    25    
54442.790732490816    0.6293943615718527     0.11544289201704415    25    
54443.290732490816    0.6259897550644006     0.10836734130478258    25    
54443.790732490816    0.6229518915028        0.1017904509556073     25    
54444.290732490816    0.6201639614644898     0.09699250494328303    25    
54444.790732490816    0.6176099936599172     0.09327492558989936    25    
54445.290732490816    0.6150169149450245     0.08845961736848484    25    
54445.790732490816    0.6124558989740477     0.08166316525789724    25    
54446.290732490816    0.6096643205786008     0.07932481079505603    25    
54446.790732490816    0.606605312517788      0.08248918070485303    25    
54447.290732490816    0.6031848689228023     0.09260700786106257    25    
54447.790732490816    0.5991739393637335     0.10993773816494837    25    