#mB  c  mBmB x1x1 cc mBx1 mBc x1c
16.122478269228623  -0.3  0.0002636500982209908  0.08016360422679324  0.00025862552856124844  0.0015405762610164705  0.0001428641431401617  -0.00026585372032798224
16.128950312087657  0.3  0.00027762127275527066  0.07749924420968846  0.000283245888301227  0.0013474394956281782  0.00017206978683387988  -0.0003648027414287165
16.63117950475726  0.0  0.00027545583241646375  0.08114409382762997  0.0002763659473913837  0.0014932121094100134  0.00016020379201279973  -0.0003248699524127408
17.131179504757256  0.0  0.0002911520853670992  0.0873306273376771  0.0002916580225472193  0.0016452056902046762  0.00016851769432901106  -0.00033389663031643726
17.631179504757256  0.0  0.00032866841554196776  0.10192595055353781  0.0003278842610722976  0.002014986536767224  0.00018815827531543268  -0.00034592826903600833
17.12817492912741  -0.15  0.00028984508105609196  0.09015014835035244  0.00028997020673506973  0.0017557913660252208  0.000160896751283852  -0.00030435030085766083
17.13145068436276  0.15  0.00029406984164223284  0.08518409349885511  0.0002952541135256503  0.0015567521264779392  0.0001765578434101447  -0.00036017687521487147
18.122478269228626  -0.3  0.00042984708302720937  0.1618353556024625  0.0004607448479384534  0.003671522883081503  0.00020700180269206706  -0.00029888074578754274
18.128950312087657  0.3  0.0004143586064085865  0.1165309698275626  0.0003920188493040988  0.0023221148349937613  0.00025538377960169703  -0.00040263809044977606
