53639.32125180482    378.9574255030151     96.41899559656342     25    
53639.82125180482    450.3062986204943     96.41822358755292     25    
53640.32125180482    526.2859594095639     97.36397955481581     25    
53640.82125180482    606.4647512968919     101.68413386008703    25    
53641.32125180482    690.5790166491255     106.28622625982355    25    
53641.82125180482    778.1194690221038     107.55791799751859    25    
53642.32125180482    868.8949849739723     107.50009610873038    25    
53642.82125180482    962.3288395484042     107.83678924527219    25    
53643.32125180482    1058.2922521363778    108.1136344819028     25    
53643.82125180482    1156.1512506280665    108.27092173830498    25    
53644.32125180482    1255.8292058886152    108.32238457975157    25    
53644.82125180482    1356.645090013363     108.26802610881862    25    
53645.32125180482    1458.5642339829565    108.12950010895071    25    
53645.82125180482    1560.9243455157884    108.69551851300275    25    
53646.32125180482    1663.6588524759147    109.16943279293513    25    
53646.82125180482    1765.9538653327647    102.73641083724438    25    
53647.32125180482    1867.603451373234     89.6274009931515      25    
53647.82125180482    1964.7843185144752    84.00361069655206     25    
53648.32125180482    2057.6243292812856    86.46932184855329     25    
53648.82125180482    2141.071125226143     88.05931249034576     25    
53649.32125180482    2215.290992832375     88.8006692463656      25    
53649.82125180482    2275.825265142014     89.07303197978497     25    
53650.32125180482    2322.201188720109     88.76273253752572     25    
53650.82125180482    2356.6701740148674    89.02934264350796     25    
53651.32125180482    2378.8104007715256    90.05775515734733     25    
53651.82125180482    2393.2788490804314    91.36206074650481     25    
53652.32125180482    2400.3011864155997    93.12008472494452     25    
53652.82125180482    2403.631235023229     93.89025016055967     25    
53653.32125180482    2404.408181227586     93.3986346516047      25    
53653.82125180482    2402.562396032139     91.19116239002794     25    
53654.32125180482    2398.647489851575     85.7321257410515      25    
53654.82125180482    2391.3415028748364    81.48790325924912     25    
53655.32125180482    2380.3252110891067    82.05230493796914     25    
53655.82125180482    2364.8692926480253    83.2652130770901      25    
53656.32125180482    2344.1935926381093    82.95260457449554     25    
53656.82125180482    2318.9794693003296    82.38901337948379     25    
53657.32125180482    2289.1985845970253    81.76308631170927     25    
53657.82125180482    2255.801450722667     81.49625413738622     25    
53658.32125180482    2219.600243114927     82.59841384319735     25    
53658.82125180482    2181.0999501134443    83.79030041494524     25    
53659.32125180482    2141.422238074561     83.80341243045346     25    
53659.82125180482    2100.4459030393946    82.70619351609989     25    
53660.32125180482    2058.643635608599     78.98144133951557     25    
53660.82125180482    2015.8243448023482    74.27990293933688     25    
53661.32125180482    1971.8523713854684    73.3393030131033      25    
53661.82125180482    1926.706521111393     74.39433143285304     25    
53662.32125180482    1880.2307467957392    74.44135234170547     25    
53662.82125180482    1832.4292561353918    74.05707414277155     25    
53663.32125180482    1783.1904586802355    73.18771190261266     25    
53663.82125180482    1732.52008236255      72.01714219772171     25    
53664.32125180482    1680.3405168736926    71.981715630487       25    
53664.82125180482    1626.6576130813492    72.81679001119228     25    
53665.32125180482    1571.3626547831038    73.3932723599899      25    
53665.82125180482    1514.4812743894054    73.68873375291128     25    
53666.32125180482    1456.6783153366214    69.08535217168469     25    
53666.82125180482    1397.9084425505052    58.19597032479524     25    
53667.32125180482    1339.480079014623     51.51282635420891     25    
53667.82125180482    1281.3532642109096    51.79863872092594     25    
53668.32125180482    1224.782667756649     52.155561334897826    25    
53668.82125180482    1169.8527060429064    51.976462847607664    25    
53669.32125180482    1117.0047921687428    51.39453243675518     25    
53669.82125180482    1066.3731430609275    50.125830482093356    25    
53670.32125180482    1017.7336755739825    49.25219948234371     25    
53670.82125180482    971.0814923448112     49.185325853626395    25    
53671.32125180482    926.2769340432774     49.21267538497484     25    
53671.82125180482    883.2755907922535     49.19894903239162     25    
53672.32125180482    842.0478853376562     48.99082253300039     25    
53672.82125180482    802.5548801805351     49.03990091604012     25    
53673.32125180482    764.8480892480925     47.26963852669084     25    
53673.82125180482    728.9399232898206     40.272589693412435    25    
53674.32125180482    694.8569352716387     32.70011412045227     25    
53674.82125180482    662.6510425834014     31.775608630467712    25    
53675.32125180482    632.2435567782551     32.88904599393239     25    
53675.82125180482    603.6269665034589     32.25560301294384     25    
53676.32125180482    576.6621147595215     31.642484893955736    25    
53676.82125180482    551.1963624712565     31.962924001179445    25    
53677.32125180482    527.153206772663      32.5671820424993      25    
53677.82125180482    504.3290232908158     32.83882815537819     25    
53678.32125180482    482.718145583685      32.82498853680317     25    
53678.82125180482    462.17290828043764    32.25448550764155     25    
53679.32125180482    442.7229412740994     31.089105612476626    25    
53679.82125180482    424.35145496164944    28.5953477444218      25    
53680.32125180482    407.0592719203039     25.20383611998175     25    
53680.82125180482    390.84570613135077    24.18081376234756     25    
53681.32125180482    375.6961801836752     24.89140172888362     25    
53681.82125180482    361.54148194739906    24.54001025361749     25    
53682.32125180482    348.3696154226429     23.52332242199695     25    
53682.82125180482    335.988484850293      23.098933266054072    25    
53683.32125180482    324.40412750406745    23.201895407516073    25    
53683.82125180482    313.4128433427268     23.5075343359823      25    
53684.32125180482    303.0219503577847     24.02338948030191     25    
53684.82125180482    293.0913855903545     24.16734929816194     25    
53685.32125180482    283.6185930887929     23.981462706246806    25    
53685.82125180482    274.5769346952631     22.44400083232263     25    
53686.32125180482    265.9658146962067     18.72356751028548     25    
53686.82125180482    257.758728317434      16.105302142868844    25    
53687.32125180482    249.9514035781858     16.288140804658724    25    
53687.82125180482    242.54079955993996    16.385754359008416    25    
53688.32125180482    235.51776185122216    15.595070765616127    25    
53688.82125180482    228.9212987508518     15.238185960503989    25    
53689.32125180482    222.7547356956847     15.782872478810987    25    
53689.82125180482    217.0525971877527     16.54672641119965     25    
53690.32125180482    211.83657123837986    17.522423266841926    25    
53690.82125180482    207.08637569216273    18.01303091213013     25    
53691.32125180482    202.82879840012893    17.427672634135863    25    
53691.82125180482    198.95626267836758    16.527829933117314    25    
53692.32125180482    195.4245010650881     15.724678424673474    25    
53692.82125180482    192.15406396832674    14.990555938626072    25    
53693.32125180482    189.06571821885612    14.48481419743362     25    
53693.82125180482    186.1262193105976     14.205402720067706    25    
53694.32125180482    183.25198025658992    14.322614419140894    25    
53694.82125180482    180.46506954653353    14.526082826377072    25    
53695.32125180482    177.75636856637072    14.314376630497193    25    
53695.82125180482    175.13053072051656    13.901239730461953    25    
53696.32125180482    172.59127412500956    13.435796861315946    25    
53696.82125180482    170.13927899018998    12.931622869773978    25    
53697.32125180482    167.77847819796241    12.577059721466918    25    
53697.82125180482    165.50925424362484    12.337073218842054    25    
53698.32125180482    163.33580684449942    12.108941377947005    25    
53698.82125180482    161.25828254009082    12.01370765461614     25    
53699.32125180482    159.28108612389053    12.745845339164093    25    
53699.82125180482    157.40418993885893    14.005329579060772    25    
53700.32125180482    155.63214209540635    14.632345035894373    25    
53700.82125180482    153.96480249919858    14.897627646382908    25    
53701.32125180482    152.40680081831673    16.52004629365653     25    