#Date  :
#Flux  :
#Fluxerr  :
#ZP  :
#end  :
@INSTRUMENT  PS
@BAND  PS_g
@MAGSYS  AB
54979.5  -2.6530001163482666  6.769000053405762  27.5002
54982.3984375  -3.0239999294281006  5.730999946594238  27.5002
54993.3984375  1.350000023841858  15.491000175476074  27.5002
54996.3984375  -1.194000005722046  14.3100004196167  27.5002
54999.3984375  5.822999954223633  7.34499979019165  27.5002
55002.3984375  8.560999870300293  10.161999702453613  27.5002
55011.3984375  -0.8460000157356262  14.454000473022461  27.5002
55014.30078125  11.180999755859375  20.225000381469727  27.5002
55029.30078125  -7.71999979019165  17.542999267578125  27.5002
55296.6015625  -85.05500030517578  48.86000061035156  27.5002
55302.6015625  9.383999824523926  11.930000305175781  27.5002
55305.6015625  -5.001999855041504  12.767000198364258  27.5002
55326.5  -3.0  5.791999816894531  27.5002
55329.5  -3.806999921798706  8.015000343322754  27.5002
55332.3984375  -1.9509999752044678  7.235000133514404  27.5002
55335.3984375  -3.055000066757202  10.883999824523926  27.5002
55338.3984375  -13.244000434875488  18.233999252319336  27.5002
55347.3984375  21.22100067138672  16.665000915527344  27.5002
55350.5  2.2239999771118164  9.354999542236328  27.5002
55353.3984375  13.87399959564209  6.619999885559082  27.5002
55362.3984375  -7.203000068664551  8.553000450134277  27.5002
55365.30078125  6.250999927520752  8.633000373840332  27.5002
55368.3984375  -2.7780001163482666  12.491999626159668  27.5002
55377.3984375  -2.2720000743865967  13.33899974822998  27.5002
55389.30078125  -4.572000026702881  9.746999740600586  27.5002
55407.30078125  -9.694999694824219  8.734999656677246  27.5002
55413.30078125  5.124000072479248  7.815999984741211  27.5002
55416.30078125  3.009000062942505  8.755000114440918  27.5002
55428.30078125  -5.260000228881836  11.293000221252441  27.5002
55437.30078125  -4.434999942779541  7.769999980926514  27.5002
55440.30078125  -9.729999542236328  5.449999809265137  27.5002
55443.30078125  11.215999603271484  9.814000129699707  27.5002
55446.30078125  -4.454999923706055  8.607000350952148  27.5002
55449.19921875  -11.140000343322754  17.719999313354492  27.5002
55452.30078125  -7.363999843597412  14.244999885559082  27.5002
55602.6015625  8.437000274658203  8.329000473022461  27.5002
55674.5  -16.496999740600586  9.267000198364258  27.5002
55677.6015625  4.248000144958496  6.644000053405762  27.5002
55701.6015625  7.189000129699707  17.863000869750977  27.5002
55710.5  -3.86299991607666  7.0929999351501465  27.5002
55722.3984375  -6.4029998779296875  19.643999099731445  27.5002
55737.3984375  1.3869999647140503  5.709000110626221  27.5002
55740.3984375  -5.125999927520752  24.80299949645996  27.5002
55743.30078125  -3.48799991607666  7.921999931335449  27.5002
55746.30078125  -6.169000148773193  4.961999893188477  27.5002
55752.30078125  27.336000442504883  15.597999572753906  27.5002
55761.30078125  44.82400131225586  5.7729997634887695  27.5002
55764.30078125  63.284000396728516  24.702999114990234  27.5002
55767.30078125  60.507999420166016  7.198999881744385  27.5002
55770.30078125  59.4900016784668  6.90500020980835  27.5002
55773.30078125  45.7599983215332  10.362000465393066  27.5002
55776.30078125  39.16299819946289  7.421999931335449  27.5002
55779.30078125  48.87699890136719  16.631999969482422  27.5002
55791.30078125  -1.1690000295639038  5.15500020980835  27.5002
55794.30078125  14.532999992370605  5.5269999504089355  27.5002
55797.30078125  6.310999870300293  4.668000221252441  27.5002
55800.30078125  -1.5440000295639038  22.85099983215332  27.5002
55803.30078125  3.3310000896453857  12.979999542236328  27.5002
55806.19921875  -2.632999897003174  12.58899974822998  27.5002
56059.3984375  -8.319999694824219  9.791000366210938  27.5002
56062.6015625  -1.6549999713897705  6.10699987411499  27.5002
56065.3984375  11.848999977111816  5.718999862670898  27.5002
56067.5  3.989000082015991  5.796000003814697  27.5002
56088.30078125  14.810999870300293  8.654000282287598  27.5002
56091.30078125  14.168000221252441  7.144999980926514  27.5002
56094.3984375  -1.2079999446868896  9.765999794006348  27.5002
56416.5  3.0910000801086426  4.10099983215332  27.5002
56421.5  0.5690000057220459  4.860000133514404  27.5002
56424.5  -7.710000038146973  5.218999862670898  27.5002
56427.5  -4.658999919891357  9.739999771118164  27.5002
56443.5  2.8480000495910645  10.842000007629395  27.5002
56451.5  5.99399995803833  6.920000076293945  27.5002
56460.5  -2.427000045776367  7.131999969482422  27.5002
56472.3984375  -21.639999389648438  16.53700065612793  27.5002
56475.3984375  -0.47099998593330383  4.785999774932861  27.5002
56478.30078125  5.38100004196167  5.6539998054504395  27.5002
56480.3984375  -0.13300000131130219  5.744999885559082  27.5002
56486.30078125  -1.1670000553131104  4.269999980926514  27.5002
56489.30078125  -29.363000869750977  10.944000244140625  27.5002
56501.3984375  -19.507999420166016  14.317999839782715  27.5002
56507.30078125  -6.177999973297119  6.543000221252441  27.5002
56512.30078125  0.8330000042915344  7.181000232696533  27.5002
56518.30078125  6.8520002365112305  14.107999801635742  27.5002
56537.30078125  0.3409999907016754  9.065999984741211  27.5002
