#mB  c  mBmB x1x1 cc mBx1 mBc x1c
17.414361375347035  -0.3  0.0003930200514768112  0.026415839733690924  0.0003293650060418905  -0.00020600278623454895  0.0002569751529602776  -4.3557486766035916e-05
17.414154358330574  0.3  0.000413999074301536  0.0184986453481444  0.00032805197598531264  -0.00018742647092659642  0.0002800339265407331  -8.894814978618754e-05
17.919316018334552  0.0  0.0004868771228220026  0.03116614105556397  0.00037335922279745656  -0.0001798967445491118  0.00031764988012539523  5.10110408176968e-05
18.419316018334552  0.0  0.0006867002694278566  0.05133506589459289  0.00048694791231359896  -6.623048132685127e-05  0.00043709268885004936  0.0003644428627588651
18.919316018334552  0.0  0.0011685853310064436  0.09513544294726481  0.0007547766606581045  0.00029173551112052985  0.0007237045435709202  0.001150872324934923
18.418084772152625  -0.15  0.0007014822462066855  0.061307761507435145  0.0005195251941018515  -6.75225454565297e-05  0.0004440929059673255  0.000430296602781693
18.418017628918378  0.15  0.0006742527366440392  0.04336194564586324  0.0004655047989307419  -8.425950716965035e-05  0.00043223610834078997  0.00028916092314896043
19.414361375347035  -0.3  0.002683556747703861  0.3343385558631139  0.0019961564323119152  0.0006365371602505529  0.001636288440859968  0.0035351919293134934
19.414154358330574  0.3  0.002065553003068926  0.11657288374101848  0.0011102647992837192  0.0011251003122875409  0.0012629543784953533  0.0022351689291187373
