#Date  :
#Flux  :
#Fluxerr  :
#ZP  :
#end  :
@INSTRUMENT  PS
@BAND  PS_r
@MAGSYS  AB
55161.6015625  -49.55500030517578  30.340999603271484  27.523
55182.6015625  1.274999976158142  4.863999843597412  27.523
55188.69921875  -6814.7041015625  122645.8359375  27.523
55203.6015625  -0.9599999785423279  7.951000213623047  27.523
55206.6015625  4.876999855041504  8.222999572753906  27.523
55209.6015625  -4244.5888671875  86573.34375  27.523
55212.6015625  4.810999870300293  7.079999923706055  27.523
55215.5  3.871999979019165  3.869999885559082  27.523
55221.5  -0.1289999932050705  820.7739868164062  27.523
55230.5  -35.25699996948242  19.08799934387207  27.523
55233.5  -5.691999912261963  9.52400016784668  27.523
55236.6015625  0.4480000138282776  8.538999557495117  27.523
55239.5  -0.08799999952316284  7.644000053405762  27.523
55242.5  -7.60099983215332  7.565000057220459  27.523
55248.5  -7.249000072479248  8.163999557495117  27.523
55251.3984375  12.190999984741211  21.18400001525879  27.523
55266.5  14.586000442504883  20.492000579833984  27.523
55275.5  -16.660999298095703  11.23799991607666  27.523
55281.30078125  -22.12700080871582  18.065000534057617  27.523
55302.3984375  -13.42199993133545  24.636999130249023  27.523
55305.30078125  -7.514999866485596  13.086000442504883  27.523
55320.3984375  50.51300048828125  14.293000221252441  27.523
55326.30078125  186.0290069580078  9.22700023651123  27.523
55329.30078125  253.71299743652344  13.4350004196167  27.523
55332.30078125  331.82598876953125  13.1850004196167  27.523
55338.30078125  357.8290100097656  34.62300109863281  27.523
55350.30078125  251.02000427246094  11.737000465393066  27.523
55353.30078125  225.63699340820312  8.770000457763672  27.523
55563.6015625  2.8540000915527344  12.303000450134277  27.523
55572.6015625  -5.709000110626221  12.64799976348877  27.523
55584.6015625  -10.152000427246094  14.553999900817871  27.523
55587.6015625  -0.0010000000474974513  9.590999603271484  27.523
55590.6015625  3.437999963760376  7.691999912261963  27.523
55593.6015625  2.9690001010894775  7.359000205993652  27.523
55596.5  -5.665999889373779  7.8379998207092285  27.523
55629.3984375  10.416000366210938  8.579999923706055  27.523
55632.5  -11.505999565124512  7.041999816894531  27.523
55635.3984375  -1.1579999923706055  10.993000030517578  27.523
55650.5  1.6460000276565552  10.637999534606934  27.523
55653.5  -2.734999895095825  12.194999694824219  27.523
55662.30078125  -0.42500001192092896  8.552000045776367  27.523
55665.30078125  9.831999778747559  10.156000137329102  27.523
55674.30078125  12.944000244140625  4.521999835968018  27.523
55677.3984375  -6.0929999351501465  6.104000091552734  27.523
55680.30078125  14.157999992370605  8.220999717712402  27.523
55692.30078125  2.6659998893737793  10.567999839782715  27.523
55710.30078125  -0.33399999141693115  9.086999893188477  27.523
55719.30078125  2.63100004196167  9.79699993133545  27.523
55722.30078125  23.136999130249023  19.56100082397461  27.523
55911.6015625  -14.850000381469727  8.87600040435791  27.523
55928.6015625  -9.239999771118164  5.076000213623047  27.523
55947.6015625  -9.218000411987305  10.315999984741211  27.523
55952.6015625  7.658999919891357  6.644999980926514  27.523
55955.6015625  4.302000045776367  9.102999687194824  27.523
55958.6015625  -1.6929999589920044  7.035999774932861  27.523
55970.6015625  -7.769999980926514  14.897000312805176  27.523
55973.6015625  3.306999921798706  13.630999565124512  27.523
55977.6015625  -46.93299865722656  28.250999450683594  27.523
55981.5  -2.5169999599456787  8.751999855041504  27.523
55984.5  10.069000244140625  9.668000221252441  27.523
56000.5  2.563999891281128  10.413999557495117  27.523
56006.5  -0.15299999713897705  7.175000190734863  27.523
56014.3984375  12.140999794006348  8.305000305175781  27.523
56029.3984375  -0.026000000536441803  9.135000228881836  27.523
56032.30078125  0.968999981880188  6.699999809265137  27.523
56040.30078125  -18.243999481201172  12.286999702453613  27.523
56043.30078125  2.1610000133514404  5.6620001792907715  27.523
56059.30078125  -1.0750000476837158  20.332000732421875  27.523
56062.30078125  -3.7100000381469727  6.295000076293945  27.523
56065.30078125  -14.675999641418457  8.82800006866455  27.523
56325.5  -17.479999542236328  11.663999557495117  27.523
56328.5  5.076000213623047  8.996999740600586  27.523
56331.6015625  12.857000350952148  7.000999927520752  27.523
56332.6015625  -11.550000190734863  8.368000030517578  27.523
56354.3984375  10.269000053405762  13.211999893188477  27.523
56357.5  0.8190000057220459  8.293999671936035  27.523
56360.3984375  8.593000411987305  13.859999656677246  27.523
56384.5  -12.553000450134277  19.89699935913086  27.523
56390.30078125  15.5649995803833  15.85099983215332  27.523
56395.30078125  39.91600036621094  27.858999252319336  27.523
56398.3984375  -2.4040000438690186  38.34600067138672  27.523
56401.30078125  -20.41200065612793  10.907999992370605  27.523
56420.30078125  4.689000129699707  4.2779998779296875  27.523
56427.30078125  1.0820000171661377  13.048999786376953  27.523
56430.30078125  13.892000198364258  13.399999618530273  27.523
56443.30078125  -8.78499984741211  4.866000175476074  27.523
