#mB  c  mBmB x1x1 cc mBx1 mBc x1c
14.926965633257739  -0.3  0.00019660266676399814  0.005531008838749684  0.00014420667842470999  0.00039266967632597017  0.00013289035856338193  5.3066054730614846e-05
14.927622745103776  0.3  0.00020772825986325574  0.0046765457398360785  0.00014824368572596535  0.0003153555963921975  0.00014352754553998163  1.729544131611449e-05
15.432405575813176  0.0  0.0002158015412054143  0.006115824158309485  0.00015458617913664615  0.00040241624051655747  0.00014685909678960365  4.234050700766156e-05
15.932405575813174  0.0  0.00024718028322792733  0.008465904837520187  0.00017310570236288688  0.0005257338291119957  0.0001658803519390446  6.875546003865181e-05
16.432405575813178  0.0  0.0003145696829698426  0.013457514964202794  0.0002112515989558658  0.000795398963010311  0.00020577946567338024  0.0001343502757703113
15.930944810333976  -0.15  0.0002484038590820172  0.009561442358379486  0.0001757721528024814  0.0006002989049337922  0.00016459207388551397  9.505791554731581e-05
15.93131006118868  0.15  0.000247136530164119  0.0075739462412167165  0.00017176615417345946  0.0004652765060719126  0.00016765638638619354  4.763654466863794e-05
16.926965633257744  -0.3  0.0005035930160472196  0.03700777558092413  0.00034293054809405796  0.0021531280395384743  0.00030270254616207283  0.0005532618044016421
16.927622745103776  0.3  0.0004352782583531622  0.016315371279555638  0.00026708977622874077  0.0009388886543501543  0.0002851752182020505  0.00016411444113044148
