54051.02351485181    90.62699202676671     18.218608042501707    25    
54051.52351485181    107.32435207622376    18.217405123168678    25    
54052.02351485181    125.15655655578597    18.324625317265014    25    
54052.52351485181    144.03324945084938    18.865576777117916    25    
54053.02351485181    163.92660924526885    19.51452011449531     25    
54053.52351485181    184.7202909746072     19.73999756279901     25    
54054.02351485181    206.40823943303525    19.737067964995248    25    
54054.52351485181    228.85656598531656    19.77601857514039     25    
54055.02351485181    252.07253645690503    19.819128500912065    25    
54055.52351485181    275.91316382079805    19.84913357353615     25    
54056.02351485181    300.39058965469826    19.866365996930405    25    
54056.52351485181    325.3611738188707     19.877365166500415    25    
54057.02351485181    350.8334883642345     19.879162459564       25    
54057.52351485181    376.67430335822826    19.87486556480619     25    
54058.02351485181    402.9000058924837     19.682363888544977    25    
54058.52351485181    429.30830833854367    20.154777794499736    25    
54059.02351485181    456.01984153406715    21.96466486837622     25    
54059.52351485181    482.36001281256927    23.54391453905143     25    
54060.02351485181    508.0900090128092     23.992533820289587    25    
54060.52351485181    532.6729758224297     24.08296441633152     25    
54061.02351485181    555.4313558961753     24.260038009499436    25    
54061.52351485181    576.2049455338307     24.37337084605515     25    
54062.02351485181    594.0411904231353     24.366163247941298    25    
54062.52351485181    609.2674166647689     24.31031019616265     25    
54063.02351485181    622.1412865843268     24.46679658641999     25    
54063.52351485181    632.7289292261129     24.778611452931614    25    
54064.02351485181    641.9952139519262     25.151954902343817    25    
54064.52351485181    649.8636051073929     25.59473698503807     25    
54065.02351485181    657.2248448007241     25.77923988155635     25    
54065.52351485181    664.1432652982553     25.7776268068118      25    
54066.02351485181    670.4388655160185     24.7968982668571      25    
54066.52351485181    676.2168518902319     22.020934582826534    25    
54067.02351485181    680.9043229848671     19.785908899691734    25    
54067.52351485181    684.4053892052646     19.860586502208562    25    
54068.02351485181    686.373868705217      20.362025529133987    25    
54068.52351485181    686.4644966804323     20.315738020397802    25    
54069.02351485181    684.9001697017998     20.201162635777944    25    
54069.52351485181    681.6644938838264     20.073569083748747    25    
54070.02351485181    676.9932309833405     19.99743952449466     25    
54070.52351485181    671.287068866846      20.231739790561125    25    
54071.02351485181    664.5795309150947     20.586996852337123    25    
54071.52351485181    657.3727255254256     20.69149504539007     25    
54072.02351485181    649.5876475156418     20.557603009909794    25    
54072.52351485181    641.316428492494      19.54774293376086     25    
54073.02351485181    632.5500255855161     17.569580660760288    25    
54073.52351485181    623.0733270046719     16.49908639113671     25    
54074.02351485181    612.8982988234853     16.69937358832907     25    
54074.52351485181    601.8466773348495     16.865846757718295    25    
54075.02351485181    589.8497712790512     16.802428476236663    25    
54075.52351485181    577.1055062477354     16.679358772015405    25    
54076.02351485181    563.5669856163421     16.43439861498559     25    
54076.52351485181    549.5921487230297     16.302658537676766    25    
54077.02351485181    535.3084733683469     16.52893960462075     25    
54077.52351485181    520.9326137819211     16.783023899686043    25    
54078.02351485181    506.71959467934374    16.890330015482444    25    
54078.52351485181    492.71735258895495    16.743826628157155    25    
54079.02351485181    479.1624598967531     15.763027137834035    25    
54079.52351485181    466.04591629860874    14.334206566165165    25    
54080.02351485181    453.5288991575082     13.841371939460613    25    
54080.52351485181    441.6070122423838     14.008855726810253    25    
54081.02351485181    430.4625601540975     14.026517532957703    25    
54081.52351485181    420.0787435689013     13.965595545485213    25    
54082.02351485181    410.5130405652897     13.774898948522008    25    
54082.52351485181    401.77168506005114    13.42063295245163     25    
54083.02351485181    393.7910639408845     13.224821913437733    25    
54083.52351485181    386.5739839121153     13.279228262858629    25    
54084.02351485181    380.0663039137293     13.338888377793788    25    
54084.52351485181    374.2890229926392     13.34645343719818     25    
54085.02351485181    369.09717261036354    13.307033639259583    25    
54085.52351485181    364.4764689483279     13.209091331008327    25    
54086.02351485181    360.2484936586016     13.03778556163263     25    
54086.52351485181    356.27616135661117    12.704499051587376    25    
54087.02351485181    352.47087068924014    12.364622154582618    25    
54087.52351485181    348.60558175025426    12.32338854474308     25    
54088.02351485181    344.70206166247345    12.414692026036954    25    
54088.52351485181    340.6204131796577     12.326760673069446    25    
54089.02351485181    336.3977117927814     12.16792097928387     25    
54089.52351485181    332.0817717121499     12.287318591980435    25    
54090.02351485181    327.66998943470844    12.628749855235398    25    
54090.52351485181    323.21856604778844    12.814427610327083    25    
54091.02351485181    318.72417307130985    12.856053558249004    25    
54091.52351485181    314.2258563577579     12.722928153045943    25    
54092.02351485181    309.72558657834196    12.387353746130085    25    
54092.52351485181    305.24034121658104    11.918670867208078    25    
54093.02351485181    300.7722245338643     11.213869542192366    25    
54093.52351485181    296.33599489226657    10.68902533292614     25    
54094.02351485181    291.95083660925417    10.776691773905121    25    
54094.52351485181    287.58427193609776    10.914166990913907    25    
54095.02351485181    283.2406019260424     10.599582222707985    25    
54095.52351485181    278.8581022388944     10.222646223292973    25    
54096.02351485181    274.36016817799737    10.203668036676994    25    
54096.52351485181    269.72689279577725    10.364417088509663    25    
54097.02351485181    264.8392954303018     10.573279307140302    25    
54097.52351485181    259.720122914998      10.80125818646827     25    
54098.02351485181    254.334828048666      10.773299304016485    25    
54098.52351485181    248.69763793691234    10.521562283095761    25    
54099.02351485181    242.97561788483236    9.946166690251806     25    
54099.52351485181    237.15457043143812    8.942124188586016     25    
54100.02351485181    231.41200092888658    8.31797784712804      25    
54100.52351485181    225.7523955574        8.352234100782358     25    
54101.02351485181    220.26047007459664    8.336809192980246     25    
54101.52351485181    214.97471710726035    8.03620379004152      25    
54102.02351485181    209.83721907443837    7.82881141281397      25    
54102.52351485181    204.84369055608923    7.89367390951714      25    
54103.02351485181    199.95635595170103    8.071203876490864     25    
54103.52351485181    195.1428808273884     8.360752751064975     25    
54104.02351485181    190.40377859499173    8.589132847154445     25    
54104.52351485181    185.70920000903524    8.469034181920003     25    
54105.02351485181    181.08788652319643    8.156563951755064     25    
54105.52351485181    176.58063425446076    7.860075075877646     25    
54106.02351485181    172.19159599925598    7.495651043389991     25    
54106.52351485181    167.98046974941548    6.796895178802753     25    
54107.02351485181    163.9417833775756     5.7424869686543785    25    
54107.52351485181    160.11757778105564    5.173835839654942     25    
54108.02351485181    156.50676909459722    5.239935158070835     25    
54108.52351485181    153.09123248571515    5.25222787830581      25    
54109.02351485181    149.8729085200891     5.150184284609774     25    
54109.52351485181    146.830661851616      5.049637064254611     25    
54110.02351485181    143.96380208741724    4.952793795350882     25    
54110.52351485181    141.25472983322322    4.892349355793231     25    
54111.02351485181    138.69961553873128    4.892412810728527     25    
54111.52351485181    136.28462814514694    4.9283431443404035    25    
54112.02351485181    134.00154058864027    4.915339606954585     25    
54112.52351485181    131.84128378586266    5.0453469644363915    25    
54113.02351485181    129.79076895175444    5.627029053881817     25    
54113.52351485181    127.84552615885579    6.28214721439876      25    
54114.02351485181    125.9884923426834     6.496066730211353     25    
54114.52351485181    124.21854482794261    6.579565564326098     25    
54115.02351485181    122.51590247603716    7.022009447171046     25    