52913.435679905124    0.16993836834165418    0.12612240227467866    25    
52913.935679905124    0.19921226662762256    0.12363679049155674    25    
52914.435679905124    0.23137127846040695    0.11998738639696392    25    
52914.935679905124    0.2668476309855667     0.14754621448196328    25    
52915.435679905124    0.3057523063028089     0.21625481474343072    25    
52915.935679905124    0.34793987323262165    0.2910006464323209     25    
52916.435679905124    0.39383090377151064    0.3437075891878302     25    
52916.935679905124    0.44364710393521206    0.36478671726296197    25    
52917.435679905124    0.49716728407534977    0.3677035732535515     25    
52917.935679905124    0.5547770507412637     0.36525187430724676    25    
52918.435679905124    0.6167855235666093     0.36720825561270326    25    
52918.935679905124    0.6829423750303693     0.3700609876295136     25    
52919.435679905124    0.7535749359366043     0.37249505917444437    25    
52919.935679905124    0.8290564292387791     0.37439436063315557    25    
52920.435679905124    0.9091540101394568     0.3757904235546747     25    
52920.935679905124    0.9941134233993116     0.37678282714340816    25    
52921.435679905124    1.0843486849934993     0.377452482719376      25    
52921.935679905124    1.1796910534443938     0.3776577684604176     25    
52922.435679905124    1.2802813771711619     0.377661341223699      25    
52922.935679905124    1.386551934006061      0.3779290870320921     25    
52923.435679905124    1.4988002509799492     0.3803963796039016     25    
52923.935679905124    1.6166951322603769     0.38321568783373494    25    
52924.435679905124    1.7397323464453114     0.38175498523125934    25    
52924.935679905124    1.869693298272555      0.3702534573559176     25    
52925.435679905124    2.005896607705061      0.35144285200753683    25    
52925.935679905124    2.1415264387351374     0.33721057452037395    25    
52926.435679905124    2.2740216572250698     0.33864725637437715    25    
52926.935679905124    2.4068738508316487     0.35127097892199927    25    
52927.435679905124    2.531243884376518      0.36607875017456415    25    
52927.935679905124    2.640554664058795      0.3768375301525347     25    
52928.435679905124    2.7399078597817255     0.38668165271049076    25    
52928.935679905124    2.823006414386848      0.39477972508182874    25    
52929.435679905124    2.8822974586697665     0.39948424966864976    25    
52929.935679905124    2.9182384151011305     0.4004039981823965     25    
52930.435679905124    2.9346830378467192     0.3994417389743262     25    
52930.935679905124    2.9346512109914222     0.3986451595571447     25    
52931.435679905124    2.914468807669451      0.3977684868202383     25    
52931.935679905124    2.8788109700949174     0.396612002282554      25    
52932.435679905124    2.8363823221476845     0.3956498758171533     25    
52932.935679905124    2.7856503048572128     0.3959110577066505     25    
52933.435679905124    2.7272497499582853     0.39628757846239654    25    
52933.935679905124    2.6691988168562335     0.3944320093066289     25    
52934.435679905124    2.614576180263933      0.3904310978671415     25    
52934.935679905124    2.560409901914285      0.384493848913283      25    
52935.435679905124    2.507697392816311      0.37277687281684285    25    
52935.935679905124    2.457697727090595      0.3488162081218545     25    
52936.435679905124    2.4100713338563127     0.31114485736608655    25    
52936.935679905124    2.3621958357096546     0.2728248973193829     25    
52937.435679905124    2.312365769056228      0.2518825464277301     25    
52937.935679905124    2.2620249617228887     0.24781842404910037    25    
52938.435679905124    2.2091860127320873     0.2493529466445248     25    
52938.935679905124    2.151650143350612      0.24583963070931397    25    
52939.435679905124    2.0897534457279447     0.23986776444381253    25    
52939.935679905124    2.0244232097247026     0.233602903883172      25    
52940.435679905124    1.9562709670854372     0.22768260491304254    25    
52940.935679905124    1.8841862679556078     0.22135381437798424    25    
52941.435679905124    1.8097598186427968     0.21571972904677952    25    
52941.935679905124    1.7355814514799832     0.21280232641178276    25    
52942.435679905124    1.6609772741668132     0.21464655966871654    25    
52942.935679905124    1.5863713041304393     0.21864406057832805    25    
52943.435679905124    1.5142659825261808     0.2206518517748856     25    
52943.935679905124    1.445362355439578      0.21913498039670185    25    
52944.435679905124    1.3788684948317247     0.2156336330860265     25    
52944.935679905124    1.315426211894713      0.2102461411834588     25    
52945.435679905124    1.255559150202569      0.2019160206428588     25    
52945.935679905124    1.1989898038954376     0.1902305308947619     25    
52946.435679905124    1.1451174466034333     0.17898636380571717    25    
52946.935679905124    1.0936002882301683     0.17225446395545072    25    
52947.435679905124    1.0447625313763755     0.1692140682464836     25    
52947.935679905124    0.9980838060901467     0.16716311020376864    25    
52948.435679905124    0.9530751748766992     0.1636236778326805     25    
52948.935679905124    0.9099891027599905     0.1591608773097883     25    
52949.435679905124    0.8686589744458719     0.1544396101843442     25    
52949.935679905124    0.8288183635286983     0.14976589326001138    25    
52950.435679905124    0.7905207433870843     0.14411056199936834    25    
52950.935679905124    0.7537874309134013     0.13906236699731267    25    
52951.435679905124    0.7185723704414675     0.13730457696792325    25    
52951.935679905124    0.6848896991687141     0.1403246370847303     25    
52952.435679905124    0.6527295632210172     0.14569792737283807    25    
52952.935679905124    0.6220490017393493     0.1505093572304237     25    
52953.435679905124    0.5928596613712758     0.15368737680133288    25    
52953.935679905124    0.5651558639463047     0.15652767269329745    25    
52954.435679905124    0.5388686613783279     0.1598933187013109     25    
52954.935679905124    0.513986329672152      0.1635176243392576     25    
52955.435679905124    0.49053045324828637    0.16722699318916903    25    
52955.935679905124    0.4684123366613208     0.17330876245389834    25    
52956.435679905124    0.44758618155891744    0.18471332977394955    25    
52956.935679905124    0.42809900804211587    0.2007301068729202     25    
52957.435679905124    0.4098657660739023     0.21347426661646454    25    
52957.935679905124    0.39282723345460363    0.21736201214960396    25    
52958.435679905124    0.3770587828790143     0.21464873667524212    25    
52958.935679905124    0.36242481585558156    0.2072550327385302     25    
52959.435679905124    0.34878361845484845    0.19578458731493553    25    
52959.935679905124    0.3362523152769292     0.17599145248266698    25    
52960.435679905124    0.32468309924021505    0.1514979648223581     25    
52960.935679905124    0.3138471903865926     0.13114388315975803    25    
52961.435679905124    0.30383777682215846    0.11917797279367497    25    
52961.935679905124    0.2945771059519012     0.112418608194889      25    
52962.435679905124    0.2858268129285774     0.10720205560239397    25    
52962.935679905124    0.2775911249630615     0.10370864251696259    25    
52963.435679905124    0.2698899587050521     0.10268346032300407    25    
52963.935679905124    0.26255786687203375    0.10115302096066575    25    
52964.435679905124    0.2555415416222186     0.09590393636890332    25    
52964.935679905124    0.24889660009997003    0.08850222969623844    25    
52965.435679905124    0.2425370283243736     0.08499488454573714    25    
52965.935679905124    0.23642184602456198    0.0914411622233346     25    
52966.435679905124    0.23059268455531487    0.10444615288109946    25    
52966.935679905124    0.22497374686776744    0.11685732843095932    25    
52967.435679905124    0.2195036659181829     0.12481115409065556    25    
52967.935679905124    0.21421938048243944    0.13048075482979005    25    
52968.435679905124    0.20909331896032451    0.13531017480523677    25    
52968.935679905124    0.20408891667404502    0.13980266330580474    25    
52969.435679905124    0.19920997969576434    0.14225358391369664    25    
52969.935679905124    0.1944718941671905     0.14604390101371084    25    
52970.435679905124    0.1898858949145782     0.1553295168998492     25    
52970.935679905124    0.1854454910616496     0.17207273063828152    25    
52971.435679905124    0.18115726035816707    0.18115726063417037    25    
52971.935679905124    0.17703613706875868    0.1770361373511869     25    
52972.435679905124    0.1730789901366971     0.17307899042558253    25    
52972.935679905124    0.1692874480194669     0.16928744831482254    25    
52973.435679905124    0.16567654094199824    0.1656765412437911     25    
52973.935679905124    0.16224790132284986    0.16224790163102026    25    
52974.435679905124    0.15899839577229338    0.15899839608676197    25    
52974.935679905124    0.15594294606280956    0.15594294638343964    25    
52975.435679905124    0.1530875853629051     0.15308758568951553    25    
52975.935679905124    0.15042575901625257    0.15042575934864247    25    
52976.435679905124    0.1479709496722011     0.14797095001010527    25    
52976.935679905124    0.14573748716199653    0.14573748750507914    25    
52977.435679905124    0.14372454749515148    0.14372454784303917    25    
52977.935679905124    0.1419122205023743     0.14191222085470476    25    
52978.435679905124    0.14028853149309314    0.14028853184950146    25    
52978.935679905124    0.13888278717121783    0.13888278753123365    25    
52979.435679905124    0.13763874903327278    0.13763874939654258    25    
52979.935679905124    0.13648928891641293    0.13648928928274204    25    
52980.435679905124    0.13547097623777424    0.11962834199077117    25    
52980.935679905124    0.13454800660243268    0.10614696150321988    25    
52981.435679905124    0.13364416622300176    0.10096630868281206    25    
52981.935679905124    0.1327657621778717     0.10972487688667076    25    
52982.435679905124    0.1319162780088027     0.12535436546105805    25    
52982.935679905124    0.1310555757501739     0.13105557613169144    25    
52983.435679905124    0.13016154865575993    0.13016154903989796    25    
52983.935679905124    0.129254788443214      0.12925478883004687    25    
52984.435679905124    0.12835711792829693    0.12835711831783514    25    
52984.935679905124    0.1274741887271084     0.12747418911934466    25    
52985.435679905124    0.12659760719825194    0.12659760759320413    25    
52985.935679905124    0.12575391257146484    0.1257539129690668     25    
52986.435679905124    0.12496122829865193    0.12496122869877603    25    
52986.935679905124    0.12420703529068809    0.12420703569324178    25    
52987.435679905124    0.12350205847232588    0.12350205887717744    25    
52987.935679905124    0.1228592057283556     0.1228592061353255     25    
52988.435679905124    0.12227884711215793    0.1222788475210594     25    
52988.935679905124    0.1217482864252094     0.12174828683589281    25    
52989.435679905124    0.12125579415026032    0.12125579456261175    25    
52989.935679905124    0.120809323152475      0.12080932356635034    25    
52990.435679905124    0.12039997858394196    0.12039997899922442    25    
52990.935679905124    0.12001190532206923    0.12001190573869457    25    
52991.435679905124    0.11964905658916002    0.11964905700704881    25    
52991.935679905124    0.11930921472197546    0.11930921514105458    25    
52992.435679905124    0.11897982291101962    0.11897982333125894    25    
52992.935679905124    0.11865872817344263    0.11865872859481913    25    
52993.435679905124    0.1183490047103877     0.11834900513286696    25    
52993.935679905124    0.11804593648834949    0.11804593691191341    25    
52994.435679905124    0.1177480379631667     0.11774803838780222    25    
52994.935679905124    0.11745697008161553    0.11745697050730333    25    
52995.435679905124    0.117169136266506      0.11716913669323954    25    
52995.935679905124    0.11688242509590292    0.11688242552368323    25    
52996.435679905124    0.11659860078062834    0.11659860120944994    25    
52996.935679905124    0.116315380953336      0.11631538138320177    25    
52997.435679905124    0.11603058158706803    0.1160305820179889     25    
52997.935679905124    0.11574499875220906    0.11574499918419316    25    
52998.435679905124    0.11545890558405529    0.1154589060171098     25    
52998.935679905124    0.11517228253170385    0.11517228296583608    25    
52999.435679905124    0.11488498328676203    0.11488498372197992    25    
52999.935679905124    0.11459729582179425    0.11459729625810472    25    
53000.435679905124    0.11430959356725927    0.11430959400466786    25    
53000.935679905124    0.1140217243232152     0.11402172476172812    25    
53001.435679905124    0.11373381513087044    0.11373381557049343    25    
53001.935679905124    0.11344625518959658    0.1134462556303339     25    
53002.435679905124    0.11315899216922733    0.1131589926110835     25    
53002.935679905124    0.11287203747228329    0.1128720379152628     25    
53003.435679905124    0.11258578095517349    0.1125857813992793     25    
53003.935679905124    0.11230029446791434    0.11230029491314915    25    
53004.435679905124    0.11201547048914778    0.1120154709355147     25    
53004.935679905124    0.11173169296194124    0.11173169340944185    25    
53005.435679905124    0.11144913886239118    0.11144913931102632    25    
53005.935679905124    0.11116762182457962    0.11116762227435087    25    
53006.435679905124    0.1108874995100535     0.11088749996096095    25    
53006.935679905124    0.11060903299577374    0.11060903344781638    25    
53007.435679905124    0.11033199912169406    0.11033199957487175    25    
53007.935679905124    0.11005670824262542    0.11005670869693666    25    
53008.435679905124    0.10978348451117712    0.10978348496661902    25    