#Date  :
#Flux  :
#Fluxerr  :
#ZP  :
#end  :
@INSTRUMENT  PS
@BAND  PS_i
@MAGSYS  AB
54940.6015625  3.6070001125335693  11.968000411987305  27.5201
54941.6015625  0.44699999690055847  12.416999816894531  27.5201
54952.6015625  14.821999549865723  16.474000930786133  27.5201
54953.6015625  4.622000217437744  21.551000595092773  27.5201
54984.3984375  14.399999618530273  10.461999893188477  27.5201
54985.5  18.628000259399414  13.079000473022461  27.5201
54997.3984375  0.9200000166893005  10.902999877929688  27.5201
55000.3984375  0.25600001215934753  16.268999099731445  27.5201
55009.3984375  -0.31200000643730164  18.895999908447266  27.5201
55012.3984375  3.9649999141693115  10.366000175476074  27.5201
55015.30078125  -53.59400177001953  18.48200035095215  27.5201
55075.30078125  -16.04400062561035  23.233999252319336  27.5201
55093.19921875  -0.35100001096725464  17.45800018310547  27.5201
55288.5  -43.36800003051758  19.30299949645996  27.5201
55300.6015625  8.463000297546387  14.218000411987305  27.5201
55324.6015625  9.109000205993652  13.298999786376953  27.5201
55327.6015625  -5.26200008392334  12.263999938964844  27.5201
55330.3984375  1.2209999561309814  11.045000076293945  27.5201
55348.3984375  -0.006000000052154064  12.871999740600586  27.5201
55363.5  96.60900115966797  16.549999237060547  27.5201
55366.30078125  129.5240020751953  10.178000450134277  27.5201
55378.3984375  186.18899536132812  8.401000022888184  27.5201
55408.30078125  79.42400360107422  13.46500015258789  27.5201
55411.3984375  99.83200073242188  15.157999992370605  27.5201
55414.30078125  55.95399856567383  14.163999557495117  27.5201
55417.30078125  63.66899871826172  7.561999797821045  27.5201
55423.30078125  51.369998931884766  10.12399959564209  27.5201
55429.30078125  25.666000366210938  17.56100082397461  27.5201
55438.30078125  -18.51799964904785  17.107999801635742  27.5201
55441.30078125  9.82699966430664  19.695999145507812  27.5201
55444.30078125  25.483999252319336  9.289999961853027  27.5201
55447.30078125  15.979000091552734  10.149999618530273  27.5201
55450.30078125  3.575000047683716  13.22700023651123  27.5201
55453.19921875  17.97599983215332  10.741000175476074  27.5201
55456.19921875  16.304000854492188  10.262999534606934  27.5201
55615.6015625  -15.491000175476074  51.52899932861328  27.5201
55672.5  -21.98699951171875  11.803000450134277  27.5201
55675.6015625  0.2529999911785126  9.510000228881836  27.5201
55678.6015625  5.60099983215332  16.922000885009766  27.5201
55693.3984375  -10.279999732971191  80.0479965209961  27.5201
55702.5  -34.17300033569336  15.937000274658203  27.5201
55708.3984375  58.7239990234375  16.76799964904785  27.5201
55711.5  2.5409998893737793  8.135000228881836  27.5201
55714.3984375  4.065000057220459  10.034000396728516  27.5201
55723.3984375  -4.071000099182129  10.024999618530273  27.5201
55735.5  -0.4950000047683716  35.91600036621094  27.5201
55738.3984375  -70.55000305175781  33.3849983215332  27.5201
55741.5  6.9720001220703125  15.289999961853027  27.5201
55747.30078125  -2.9100000858306885  8.739999771118164  27.5201
55753.30078125  -7.021999835968018  9.930999755859375  27.5201
55762.30078125  8.380999565124512  11.086000442504883  27.5201
55765.30078125  66.39299774169922  26.417999267578125  27.5201
55768.30078125  -3.240999937057495  9.199999809265137  27.5201
55771.30078125  40.93199920654297  16.19300079345703  27.5201
55774.30078125  -6.566999912261963  8.274999618530273  27.5201
55777.30078125  -1.3359999656677246  8.369999885559082  27.5201
55789.30078125  -4.375999927520752  10.149999618530273  27.5201
55792.30078125  -12.5649995803833  9.420999526977539  27.5201
55795.30078125  -11.897000312805176  11.680000305175781  27.5201
55801.30078125  -1.1369999647140503  9.09000015258789  27.5201
55804.30078125  4.423999786376953  11.892999649047852  27.5201
55807.19921875  23.770000457763672  15.697999954223633  27.5201
56057.5  -2.4179999828338623  9.998000144958496  27.5201
56063.6015625  8.366000175476074  14.8149995803833  27.5201
56066.5  -3.3480000495910645  9.053000450134277  27.5201
56068.5  -4.0329999923706055  7.875999927520752  27.5201
56086.3984375  -7.988999843597412  10.585000038146973  27.5201
56089.30078125  -2.4860000610351562  8.07699966430664  27.5201
56092.30078125  13.086999893188477  11.331000328063965  27.5201
56136.30078125  7.46999979019165  7.51200008392334  27.5201
56411.5  5.978000164031982  9.128000259399414  27.5201
56414.5  -3.7239999771118164  8.586000442504883  27.5201
56417.6015625  -6.5320000648498535  17.966999053955078  27.5201
56420.5  -0.09200000017881393  7.872000217437744  27.5201
56422.5  9.666000366210938  9.204000473022461  27.5201
56428.5  3.003000020980835  9.645999908447266  27.5201
56432.5  -3.3589999675750732  8.355999946594238  27.5201
56447.5  -5.59499979019165  11.980999946594238  27.5201
56450.5  -18.719999313354492  14.696000099182129  27.5201
56452.3984375  -0.6899999976158142  10.666999816894531  27.5201
56455.3984375  -7.7270002365112305  9.746999740600586  27.5201
56458.3984375  10.656999588012695  12.338000297546387  27.5201
56462.3984375  12.29699993133545  8.666999816894531  27.5201
56470.3984375  6.316999912261963  9.569000244140625  27.5201
56473.3984375  -14.317000389099121  10.605999946594238  27.5201
56476.3984375  -11.399999618530273  10.036999702453613  27.5201
56479.30078125  -1.2380000352859497  7.230000019073486  27.5201
56481.30078125  17.11199951171875  15.241999626159668  27.5201
56487.30078125  7.120999813079834  8.574999809265137  27.5201
56491.30078125  -3.313999891281128  7.584000110626221  27.5201
56499.30078125  12.85099983215332  25.881000518798828  27.5201
56502.30078125  -19.549999237060547  13.081000328063965  27.5201
56505.3984375  -10.795000076293945  33.08399963378906  27.5201
56508.30078125  -4.821000099182129  8.324000358581543  27.5201
56513.30078125  8.498000144958496  7.867000102996826  27.5201
56516.30078125  -2.7090001106262207  12.373000144958496  27.5201
56520.30078125  -2.7799999713897705  9.454999923706055  27.5201
56538.30078125  5.109000205993652  10.194000244140625  27.5201
