53583.55877098419    613.7019243915734     146.54949101974393    25    
53584.05877098419    745.2883438090239     143.50570826642948    25    
53584.55877098419    889.7369563679442     148.8478093100574     25    
53585.05877098419    1047.0750206226332    180.53780410525152    25    
53585.55877098419    1217.323723434678     209.07277481213853    25    
53586.05877098419    1400.5132401657384    214.1748886090512     25    
53586.55877098419    1596.661936101241     211.862302757373      25    
53587.05877098419    1805.8027129478064    212.5642034556683     25    
53587.55877098419    2027.9513048770955    213.1419824878795     25    
53588.05877098419    2263.143149478301     213.48089253204486    25    
53588.55877098419    2511.3915402717093    213.61810576216863    25    
53589.05877098419    2772.7342602666877    213.53725371356407    25    
53589.55877098419    3047.1823527945476    213.33054335090438    25    
53590.05877098419    3335.1653454542875    213.69702436888477    25    
53590.55877098419    3635.8642383060355    213.52205762596117    25    
53591.05877098419    3950.1905510341144    208.97725590913413    25    
53591.55877098419    4272.887810038686     202.84447326417344    25    
53592.05877098419    4591.569949557293     202.7128292325665     25    
53592.55877098419    4902.790163780737     205.9270203373362     25    
53593.05877098419    5187.358956904112     208.0766206136678     25    
53593.55877098419    5444.525818031722     209.8104849843078     25    
53594.05877098419    5654.298463171461     210.4434116818922     25    
53594.55877098419    5821.475004840495     210.37597573137535    25    
53595.05877098419    5951.441404693327     211.15277952846023    25    
53595.55877098419    6046.593126102131     212.50214627738407    25    
53596.05877098419    6124.890999108462     214.39596519248647    25    
53596.55877098419    6186.293193451169     216.58560565792922    25    
53597.05877098419    6248.546203410151     217.64465889516288    25    
53597.55877098419    6309.821196882995     217.3585384814067     25    
53598.05877098419    6370.011664060887     209.97583423021587    25    
53598.55877098419    6428.499526163622     195.94964578822282    25    
53599.05877098419    6475.928958663455     190.68906002319684    25    
53599.55877098419    6512.486639222658     193.93991457440546    25    
53600.05877098419    6529.410586058276     195.06933581098406    25    
53600.55877098419    6526.879775102296     194.28786841869572    25    
53601.05877098419    6503.431237369207     193.09193436950352    25    
53601.55877098419    6458.970885092372     191.43892422402956    25    
53602.05877098419    6396.0256512546175    190.98584883618742    25    
53602.55877098419    6314.551802569471     191.93135102278225    25    
53603.05877098419    6216.753869991948     192.431203831529      25    
53603.55877098419    6102.551488871691     192.9964622315284     25    
53604.05877098419    5974.830493683353     184.60026910228063    25    
53604.55877098419    5833.547299960211     162.5521102722526     25    
53605.05877098419    5681.955659054676     148.30194015979762    25    
53605.55877098419    5520.0942194228555    149.43888191817103    25    
53606.05877098419    5351.18562028415      150.45719151671466    25    
53606.55877098419    5175.003253818721     148.92081373109022    25    
53607.05877098419    4996.978495443786     146.81067411119645    25    
53607.55877098419    4817.148775412569     143.84840205621586    25    
53608.05877098419    4642.240366706613     141.91977974745765    25    
53608.55877098419    4472.935654073154     141.94641891412385    25    
53609.05877098419    4315.341501097581     141.8606986162491     25    
53609.55877098419    4171.447176820044     141.69693873674032    25    
53610.05877098419    4041.7746751484656    138.64056527434275    25    
53610.55877098419    3927.624240488422     129.33136517131157    25    
53611.05877098419    3825.920364400066     122.24256204033756    25    
53611.55877098419    3736.1606988809863    123.1116183949589     25    
53612.05877098419    3656.1210245060925    124.85474749347746    25    
53612.55877098419    3584.925774616563     124.76409367487734    25    
53613.05877098419    3521.2685841870466    124.03101225100791    25    
53613.55877098419    3464.3804332833206    122.14668180016751    25    
53614.05877098419    3413.580058194067     120.86685232407385    25    
53614.55877098419    3368.4497392988105    121.87848733749298    25    
53615.05877098419    3328.218823678618     123.11870320998314    25    
53615.55877098419    3292.4825399124247    123.44674565564655    25    
53616.05877098419    3260.3267882652317    123.19481427083734    25    
53616.55877098419    3231.1677766773773    122.68292512169937    25    
53617.05877098419    3204.03458183221      120.68164409339502    25    
53617.55877098419    3178.0492328039945    114.43844847998304    25    
53618.05877098419    3152.4167735852907    107.95434329319909    25    
53618.55877098419    3126.027238062855     107.1383234754895     25    
53619.05877098419    3098.541645428292     107.88559418526431    25    
53619.55877098419    3069.0658789095896    106.01122489442773    25    
53620.05877098419    3037.573423586508     104.1078759033873     25    
53620.55877098419    3003.6736880390613    104.97926126755249    25    
53621.05877098419    2967.228095106591     106.74620131416799    25    
53621.55877098419    2927.7476627939755    107.52298119238381    25    
53622.05877098419    2885.3784109519265    107.5893040422888     25    
53622.55877098419    2839.99415423293      104.82746395552665    25    
53623.05877098419    2791.927098617124     102.80881746374843    25    
53623.55877098419    2741.775162857692     111.6110619860902     25    
53624.05877098419    2689.676941346129     123.4216292146325     25    
53624.55877098419    2636.3675929277483    126.80994863185371    25    
53625.05877098419    2581.805576318726     125.9709107101482     25    
53625.55877098419    2526.4259052073385    124.09165613684564    25    
53626.05877098419    2470.0819919156074    121.2628028627932     25    
53626.55877098419    2412.580115855087     120.56699374315781    25    
53627.05877098419    2353.8960827799156    121.20948265390697    25    
53627.55877098419    2293.699832335626     122.13610926042624    25    
53628.05877098419    2232.128821125365     123.11968968531086    25    
53628.55877098419    2169.4577231675885    123.23934774114228    25    
53629.05877098419    2105.8962899689564    121.33626927516488    25    
53629.55877098419    2042.994217885813     103.93377462238598    25    
53630.05877098419    1980.7753820879027    66.18034468057431     25    
53630.55877098419    1920.9664966823436    42.85273481778938     25    
53631.05877098419    1863.4849451671234    48.84646004312746     25    
53631.55877098419    1809.3420954999683    49.77771587116969     25    
53632.05877098419    1758.4419591760334    48.13393996237779     25    
53632.55877098419    1710.1867085741312    46.960387027681335    25    
53633.05877098419    1664.5835969734237    46.25570722316249     25    
53633.55877098419    1620.933762773581     46.193794454413535    25    
53634.05877098419    1579.2491494971657    46.78980998780992     25    
53634.55877098419    1539.0735892720718    46.621425214892504    25    
53635.05877098419    1500.393872174991     45.610165050498075    25    
53635.55877098419    1463.301045817595     44.741390359680274    25    
53636.05877098419    1427.789738560219     43.93339540126375     25    
53636.55877098419    1393.9785575673443    45.550664325880085    25    
53637.05877098419    1361.876140232365     49.900338457130374    25    
53637.55877098419    1331.5030920755248    52.293044440234894    25    
53638.05877098419    1302.8871793173028    52.36540465912369     25    
53638.55877098419    1275.8194880818307    51.972256522302764    25    
53639.05877098419    1250.3000439589593    51.26131726521966     25    
53639.55877098419    1226.116591399123     50.48321294470823     25    
53640.05877098419    1203.2590016908068    49.67724268485955     25    
53640.55877098419    1181.524444485499     49.08665287620401     25    
53641.05877098419    1160.897399407191     48.80656488370634     25    
53641.55877098419    1141.1808389126725    48.739037301797765    25    
53642.05877098419    1122.3530286798307    48.98586457268717     25    
53642.55877098419    1104.223566252364     48.9288778328904      25    
53643.05877098419    1086.763681080441     48.08732969021552     25    
53643.55877098419    1069.7904180762905    47.75558216590295     25    
53644.05877098419    1053.267148180743     48.01855988609222     25    
53644.55877098419    1037.0191859561712    50.23048662983425     25    