54326.96479933966    6.033739538427229     1.426636137655473     25    
54327.46479933966    7.0206282670153906    1.4178217936218824    25    
54327.96479933966    8.065961608689559     1.4475147764199159    25    
54328.46479933966    9.161878440216551     1.6742249315133966    25    
54328.96479933966    10.310269296571699    2.01061377299504      25    
54329.46479933966    11.501636412584684    2.204619907286758     25    
54329.96479933966    12.73691561543419     2.2347148408597644    25    
54330.46479933966    14.00997933025459     2.2233961028384606    25    
54330.96479933966    15.316153578637564    2.23705562228536      25    
54331.46479933966    16.655261558374708    2.248295580836461     25    
54331.96479933966    18.018236199542322    2.2553187477292056    25    
54332.46479933966    19.407219276009602    2.258075709930179     25    
54332.96479933966    20.813416491509013    2.2583348925891222    25    
54333.46479933966    22.236105496519833    2.254989573061731     25    
54333.96479933966    23.67124399899537     2.2515701248835094    25    
54334.46479933966    25.113699165924558    2.256262752986319     25    
54334.96479933966    26.563635870117533    2.265299801485164     25    
54335.46479933966    28.005034967859068    2.2565285554868355    25    
54335.96479933966    29.455165126083553    2.2156608119886645    25    
54336.46479933966    30.843268976372023    2.197758725857238     25    
54336.96479933966    32.15056158373205     2.2503556859495237    25    
54337.46479933966    33.35168338922659     2.3295952422168025    25    
54337.96479933966    34.353219336939745    2.3819446075513473    25    
54338.46479933966    35.17685935590611     2.4177196292511467    25    
54338.96479933966    35.737254241411016    2.446150693276723     25    
54339.46479933966    35.99597062535973     2.4534810872747674    25    
54339.96479933966    36.02226286558624     2.480514751067099     25    
54340.46479933966    35.838115204806705    2.576079460474717     25    
54340.96479933966    35.45963075225596     2.707220722049057     25    
54341.46479933966    35.02314424633481     2.8281727414710063    25    
54341.96479933966    34.50042401971712     2.957452861338603     25    
54342.46479933966    34.00220676711787     3.010358180653575     25    
54342.96479933966    33.57838862898416     2.9398663797327056    25    
54343.46479933966    33.20560048129293     2.7886974034835466    25    
54343.96479933966    32.903436088630116    2.558547207918161     25    
54344.46479933966    32.66512745822939     2.2275043933975947    25    
54344.96479933966    32.44204736581724     2.016019303269232     25    
54345.46479933966    32.240427387810016    2.025395897301547     25    
54345.96479933966    32.029340609979116    2.091469170468312     25    
54346.46479933966    31.7839323582175      2.111928982851618     25    
54346.96479933966    31.512627237593637    2.141941903673565     25    
54347.46479933966    31.20397507576347     2.209603950991956     25    
54347.96479933966    30.858821334057016    2.3077010776555444    25    
54348.46479933966    30.48751755636759     2.4328876296521202    25    
54348.96479933966    30.09021482331732     2.621978310646978     25    
54349.46479933966    29.671106614704485    2.7671770482741676    25    
54349.96479933966    29.237733795533043    2.7630749214706363    25    
54350.46479933966    28.786913038673344    2.656783396951798     25    
54350.96479933966    28.314724704057806    2.4797343708345356    25    
54351.46479933966    27.823660188145087    2.175519182694685     25    
54351.96479933966    27.301925626345433    1.908428163581731     25    
54352.46479933966    26.746378463052896    1.8607903009731275    25    
54352.96479933966    26.154435621568574    1.912180047821672     25    
54353.46479933966    25.513401492626116    1.92703240154809      25    
54353.96479933966    24.82615232432549     1.9370035046825649    25    
54354.46479933966    24.111149944234818    1.9298186443368035    25    
54354.96479933966    23.360634987687394    1.8819540823873344    25    
54355.46479933966    22.604556943686777    1.8621146321092183    25    
54355.96479933966    21.860868505772793    1.948920650806087     25    
54356.46479933966    21.131198883813887    2.0759134324919937    25    
54356.96479933966    20.453271624861426    2.136246984973183     25    
54357.46479933966    19.820461396871966    2.14218820210206      25    
54357.96479933966    19.250251315965404    2.1405195453100587    25    
54358.46479933966    18.748063062968917    2.136344652270063     25    
54358.96479933966    18.312707061258656    2.1378817368088536    25    
54359.46479933966    17.94782469749227     2.1743252553891446    25    
54359.96479933966    17.652619558455935    2.230461327951971     25    
54360.46479933966    17.43171264764307     2.2524099402011912    25    
54360.96479933966    17.288409217079103    2.241931250465652     25    
54361.46479933966    17.208359533404273    2.1958296654704665    25    
54361.96479933966    17.192035360364503    2.081575906647952     25    
54362.46479933966    17.227908892814035    1.9388340593621       25    
54362.96479933966    17.28878294843217     1.8695013162225276    25    
54363.46479933966    17.38127551627786     1.8628538375216068    25    
54363.96479933966    17.473439335812035    1.862359028832479     25    
54364.46479933966    17.560794833669377    1.8649814958939892    25    
54364.96479933966    17.6439096474697      1.8606174783642133    25    
54365.46479933966    17.713532990049643    1.8236423765964418    25    
54365.96479933966    17.77717347485294     1.769764301219604     25    
54366.46479933966    17.853821784115986    1.7374309071733822    25    
54366.96479933966    17.939069888826875    1.7254400485219996    25    
54367.46479933966    18.05116773764951     1.7275427397471195    25    
54367.96479933966    18.19888735107489     1.749349429240641     25    
54368.46479933966    18.37556610354726     1.7764186843973377    25    
54368.96479933966    18.583576679534552    1.7800257677131461    25    
54369.46479933966    18.82064215691061     1.7713244761427418    25    
54369.96479933966    19.05580892044641     1.8115378833959248    25    
54370.46479933966    19.294230774761825    1.9209909136663148    25    
54370.96479933966    19.512558640021524    2.012373017320147     25    
54371.46479933966    19.694313096193344    2.041039803461948     25    
54371.96479933966    19.84459307139958     2.033653999841407     25    
54372.46479933966    19.95224121741071     1.9846326610602398    25    
54372.96479933966    20.01756627342668     1.8853001744003735    25    
54373.46479933966    20.06249058980523     1.8235295874911142    25    
54373.96479933966    20.085863657089977    1.8369220909259656    25    
54374.46479933966    20.100215380019584    1.8781746506630443    25    
54374.96479933966    20.12195817863075     1.9246562316023466    25    
54375.46479933966    20.145793185001516    1.9775636468359656    25    
54375.96479933966    20.17734384040636     1.9912137043911198    25    
54376.46479933966    20.220437147003572    1.9504751443359278    25    
54376.96479933966    20.252460045124288    1.9555446595275399    25    
54377.46479933966    20.270102546530126    2.0784449635165343    25    
54377.96479933966    20.265087702542424    2.2241297019893396    25    
54378.46479933966    20.21631389165897     2.314577735447827     25    
54378.96479933966    20.128869314422534    2.3733536736720673    25    
54379.46479933966    19.993068934301004    2.331400885501725     25    
54379.96479933966    19.803770215933266    2.144096304245159     25    
54380.46479933966    19.575881120830704    1.8984296265095446    25    
54380.96479933966    19.31533946376169     1.6441690277255212    25    
54381.46479933966    19.024155654907965    1.3698715617610253    25    
54381.96479933966    18.719208039647697    1.2318341276504226    25    
54382.46479933966    18.397136922683714    1.272868960643374     25    
54382.96479933966    18.068251795754705    1.3115847927790343    25    
54383.46479933966    17.736238150777726    1.2894714117413106    25    
54383.96479933966    17.398173820928143    1.2659733726386677    25    
54384.46479933966    17.053929554375248    1.2709109366075024    25    
54384.96479933966    16.703334408806292    1.2939176283678302    25    
54385.46479933966    16.34430322184254     1.3321830579509553    25    
54385.96479933966    15.976525773990423    1.3964936543997921    25    
54386.46479933966    15.601640271418738    1.4301821859833879    25    
54386.96479933966    15.218076842635826    1.3969955900737607    25    
54387.46479933966    14.829845193161434    1.3262899610650867    25    
54387.96479933966    14.443837135220942    1.242481084996409     25    
54388.46479933966    14.058372716197493    1.1349373226030826    25    
54388.96479933966    13.682934042416871    1.0267172189499765    25    
54389.46479933966    13.317391987826912    0.9159399537697553    25    
54389.96479933966    12.965384729325237    0.8206432299439839    25    
54390.46479933966    12.631644903433168    0.7815203961173884    25    
54390.96479933966    12.314125883931201    0.7828864839199372    25    
54391.46479933966    12.012409190903483    0.7762687782901841    25    
54391.96479933966    11.726733576620349    0.7660502525167138    25    
54392.46479933966    11.45561937366411     0.7564188829296465    25    
54392.96479933966    11.198953409047588    0.7464325036396672    25    
54393.46479933966    10.956102362954136    0.7379574848867658    25    
54393.96479933966    10.726022983633468    0.7336912288257477    25    
54394.46479933966    10.508915873158728    0.7327761648928767    25    
54394.96479933966    10.303281737532421    0.7330437578354092    25    
54395.46479933966    10.10938528340991     0.7335845080870538    25    
54395.96479933966    9.926066858615286     0.7378991832296721    25    
54396.46479933966    9.752850030862115     0.741295654656453     25    
54396.96479933966    9.589476548371852     0.7544273887241054    25    
54397.46479933966    9.43464955266979      0.7898379135958654    25    
54397.96479933966    9.288687733217381     0.8376475786499405    25    
54398.46479933966    9.150123285987348     0.9737617692725821    25    