@INSTRUMENT MOSAICII
@BAND MOSAICII_R
@MAGSYS Linear_AB11_off
#Date : MJD
#Flux : 
#Fluxerr : 
#ZP : 
#end
52547.1193  2.2853  1.7079  25.0
52555.1026  0.3972  1.2426  25.0
52555.1232  0.3573  0.4351  25.0
52561.1428  -0.3315  0.6842  25.0
52583.1746  -0.4199  0.4315  25.0
52589.1466  -0.56  0.4095  25.0
52593.1571  0.8568  1.0524  25.0
52606.1733  -0.1309  0.4216  25.0
52614.1812  -0.0209  0.5513  25.0
52618.1252  -0.2835  0.5864  25.0
52622.1163  -1.2457  0.785  25.0
52624.1339  -0.0264  1.2374  25.0
52637.1412  -0.0921  0.4019  25.0
52642.1342  -0.3279  0.3659  25.0
52931.1885  0.2007  0.2602  25.0
52936.1483  0.6949  0.6111  25.0
52942.1521  0.58  0.5736  25.0
52944.1163  1.0819  0.6698  25.0
52960.1619  1.3976  0.8107  25.0
52964.1659  7.4896  0.7535  25.0
52968.1602  6.8551  0.913  25.0
52970.1639  8.1898  0.5161  25.0
52970.1743  8.376  0.4585  25.0
52972.1657  7.3673  0.4518  25.0
52974.1083  7.615  0.4866  25.0
52976.115  7.468  0.5686  25.0
52988.1652  5.1396  0.6405  25.0
52992.1721  3.2474  0.5489  25.0
52996.1591  2.5227  0.484  25.0
52998.146  1.7718  0.5515  25.0
53002.1275  2.2736  0.7806  25.0
53004.1584  2.2343  0.7799  25.0
53268.1973  0.5992  0.6127  25.0
53287.1338  0.1436  0.5629  25.0
53295.136  -0.0696  0.6066  25.0
53299.1434  0.1715  0.4877  25.0
53321.1475  0.5165  0.564  25.0
53325.147  -0.1745  0.5687  25.0
53331.1799  0.054  0.5053  25.0
53344.1801  -0.1805  0.6872  25.0
53348.1539  0.1475  0.4831  25.0
53352.1049  0.4684  0.4022  25.0
53354.1418  0.4258  0.3566  25.0
53356.151  -0.1795  0.3966  25.0
53358.1333  -0.2276  0.4724  25.0
53360.1545  -0.4124  0.5209  25.0
53377.0903  0.1036  0.8537  25.0
53381.0756  0.0937  0.4554  25.0
53385.1027  0.1779  0.3825  25.0
53389.0838  -0.3532  0.5765  25.0
53641.165  0.8642  1.4908  25.0
53645.1896  -0.9564  0.7653  25.0
53698.1472  0.7124  0.8864  25.0
53704.165  0.4636  0.8551  25.0
