#mB  c  mBmB x1x1 cc mBx1 mBc x1c
20.52889325183008  -0.3  0.000978674381745544  0.08425861967913835  0.0004042117704214527  0.0074814446637939055  0.0002232414732243183  0.0005845183458477756
20.530682352980154  0.3  0.0008247006130325002  0.05032422454784068  0.00037621033496602934  0.004830868017441077  0.0003369093117917185  0.0007373532158113688
21.034968669654738  0.0  0.0014978148395208414  0.12477071801366077  0.0005733759925664829  0.01140677812811021  0.00041381417758453115  0.0014900141262842012
21.53496866965474  0.0  0.0028921262104304084  0.2604621902460418  0.0009567925083038898  0.023747935312268594  0.0006635394276067748  0.003296393319701694
22.034968669654738  0.0  0.00632459398703909  0.5930127130560793  0.0018717894749233563  0.05412746086745099  0.0012691153199917734  0.007916680757758643
21.533207278490984  -0.15  0.0029382090311171815  0.27874850280304664  0.0009324627879253378  0.024969842620959207  0.00046974723943801733  0.002752209350807552
21.534139003850772  0.15  0.0027963682603632484  0.2343245272157261  0.0009668940771500353  0.021757167611626608  0.0008085076592637465  0.003459548440487424
22.528893251830084  -0.3  0.014549402611599056  1.4388709475662746  0.0036223539185079  0.12843878299731357  0.00021754719609624816  0.010363093766454473
22.530682352980158  0.3  0.013663247383057955  1.1259235186905507  0.0043962644096127825  0.10595066009053512  0.004323177181686568  0.019492341952647776
