55334.739779114345    0.8359752919847168     0.30219662262252633    25    
55335.239779114345    0.9587376356079483     0.30376549094447586    25    
55335.739779114345    1.0897317692656783     0.305977374264241      25    
55336.239779114345    1.228844305122419      0.3148832057360615     25    
55336.739779114345    1.376097112214035      0.3349308108520284     25    
55337.239779114345    1.5314546647906802     0.35699686857605095    25    
55337.739779114345    1.6948106542658878     0.370517976478827      25    
55338.239779114345    1.8662050281948461     0.3750704124598163     25    
55338.739779114345    2.04557710305937       0.37639704522446815    25    
55339.239779114345    2.2328323690213434     0.3789541327608975     25    
55339.739779114345    2.4280194131566053     0.38196657671471534    25    
55340.239779114345    2.6310571136779677     0.384809208634303      25    
55340.739779114345    2.8418674789950047     0.3874266824334995     25    
55341.239779114345    3.060498296705531      0.3898455920360256     25    
55341.739779114345    3.286852726252696      0.3922715611640011     25    
55342.239779114345    3.5208740137931014     0.3947426928028711     25    
55342.739779114345    3.7625997084478535     0.3972309461828119     25    
55343.239779114345    4.011921970389773      0.40033928716879086    25    
55343.739779114345    4.269273001268574      0.4056769870953371     25    
55344.239779114345    4.534327008116457      0.4120477077366769     25    
55344.739779114345    4.805165182797435      0.4145501792644225     25    
55345.239779114345    5.0857399325943105     0.40799386225246065    25    
55345.739779114345    5.370992443135387      0.398245656446016      25    
55346.239779114345    5.64705372576419       0.39710302479320675    25    
55346.739779114345    5.918876791239084      0.40913464859572146    25    
55347.239779114345    6.178506269150021      0.4257033245761016     25    
55347.739779114345    6.408184677207743      0.4383628753937919     25    
55348.239779114345    6.614040044927716      0.4478361227555498     25    
55348.739779114345    6.787410937343439      0.45541804875762415    25    
55349.239779114345    6.913158848549187      0.46044838593165105    25    
55349.739779114345    6.992568620175791      0.4618338752094141     25    
55350.239779114345    7.033647842252192      0.4636474560541204     25    
55350.739779114345    7.039596776267134      0.47005596677713235    25    
55351.239779114345    7.00609753271968       0.47992810798005064    25    
55351.739779114345    6.949760952178475      0.49001440418785025    25    
55352.239779114345    6.879360708155446      0.49978651671374785    25    
55352.739779114345    6.789236939248037      0.5100160446205869     25    
55353.239779114345    6.695445791823584      0.5140853806904052     25    
55353.739779114345    6.605653890228681      0.5072599606378321     25    
55354.239779114345    6.514640487587284      0.4927907811904732     25    
55354.739779114345    6.4248768888409975     0.4758195667757915     25    
55355.239779114345    6.338780219435595      0.45391811598943327    25    
55355.739779114345    6.253422765298674      0.4298653216795606     25    
55356.239779114345    6.163845074810567      0.4164833095904419     25    
55356.739779114345    6.071170291916386      0.4210813205266581     25    
55357.239779114345    5.973712733349689      0.4318830293809993     25    
55357.739779114345    5.867051377752352      0.4353252620459168     25    
55358.239779114345    5.75116884136637       0.43195011397362876    25    
55358.739779114345    5.627670398323278      0.42558151772619257    25    
55359.239779114345    5.497127623070798      0.41747649807613885    25    
55359.739779114345    5.358274711851234      0.4056048887866077     25    
55360.239779114345    5.214949035375578      0.3951977946679943     25    
55360.739779114345    5.070038152486562      0.3929439020298521     25    
55361.239779114345    4.92174487495234       0.3978292063819341     25    
55361.739779114345    4.773923382997648      0.401401912615301      25    
55362.239779114345    4.629089287271456      0.39856399999577935    25    
55362.739779114345    4.485814989498081      0.39207959530542197    25    
55363.239779114345    4.345266638703048      0.3806753901613429     25    
55363.739779114345    4.208258729758542      0.3594501518332305     25    
55364.239779114345    4.074152538975867      0.3308295167991689     25    
55364.739779114345    3.9421388941460673     0.30910342700819093    25    
55365.239779114345    3.812268725291479      0.3036946541707647     25    
55365.739779114345    3.68441350283995       0.3061661186524144     25    
55366.239779114345    3.557817123899086      0.30596864743002605    25    
55366.739779114345    3.432267289312257      0.30234115222485436    25    
55367.239779114345    3.3082287056719135     0.2976012194891891     25    
55367.739779114345    3.186068251418603      0.29148679520837795    25    
55368.239779114345    3.0653198624680646     0.28191795436955597    25    
55368.739779114345    2.94700054031717       0.2738139157578238     25    
55369.239779114345    2.8321798179644366     0.2741065253281123     25    
55369.739779114345    2.72026689598205       0.2829384268954163     25    
55370.239779114345    2.6123008976302518     0.2922242647020118     25    
55370.739779114345    2.5093244893015        0.29694298891370036    25    
55371.239779114345    2.410939185128086      0.29999695117574937    25    
55371.739779114345    2.3168578738506724     0.2973546098618757     25    
55372.239779114345    2.227287101662903      0.2826232443659105     25    
55372.739779114345    2.1421570033834714     0.25714718786038016    25    
55373.239779114345    2.0599279658509393     0.2352730196825664     25    
55373.739779114345    1.9803769766914967     0.22883024898262036    25    
55374.239779114345    1.9035702180538718     0.2305579626159829     25    
55374.739779114345    1.8279740806055111     0.23093149058893145    25    
55375.239779114345    1.7532763905428461     0.2284853376535136     25    
55375.739779114345    1.679848287204861      0.2247782876916251     25    
55376.239779114345    1.607582849693334      0.21764296623566945    25    
55376.739779114345    1.5360345298437499     0.2042694474218521     25    
55377.239779114345    1.4660825856565913     0.18888468667773334    25    
55377.739779114345    1.3988486028286486     0.1787628703449668     25    
55378.239779114345    1.3337989814769509     0.17477131760630224    25    
55378.739779114345    1.271791047315695      0.17350516456178308    25    
55379.239779114345    1.213917531268498      0.1723528610946288     25    
55379.739779114345    1.1598413309514197     0.17248219573827595    25    
55380.239779114345    1.1095421041254339     0.17255594712944872    25    
55380.739779114345    1.063295804446002      0.17113565626901098    25    
55381.239779114345    1.0211219597762982     0.16875087823520385    25    
55381.739779114345    0.9818946933017983     0.16597603520150478    25    
55382.239779114345    0.9452198287095395     0.16258026226705882    25    
55382.739779114345    0.9113492010507277     0.15861734338838054    25    
55383.239779114345    0.8790822309791081     0.15643789406421532    25    
55383.739779114345    0.8481912250977296     0.15900902362165756    25    
55384.239779114345    0.818793211290542      0.1633389471907693     25    
55384.739779114345    0.7900511313448623     0.16308799286712206    25    
55385.239779114345    0.7619412984979504     0.1547014515663205     25    
55385.739779114345    0.7344748006904853     0.14249882295152091    25    
55386.239779114345    0.7072889970381395     0.13325867319732448    25    
55386.739779114345    0.6804963569328362     0.1282938142549498     25    
55387.239779114345    0.6539346522270821     0.1252357484849662     25    
55387.739779114345    0.6272678937882564     0.12255364610645492    25    
55388.239779114345    0.600456145801368      0.12095624798372083    25    
55388.739779114345    0.57381271406774       0.11956263969893297    25    
55389.239779114345    0.5474615074412488     0.11670865800126033    25    
55389.739779114345    0.5211160630617366     0.11206750855048055    25    
55390.239779114345    0.4958578401066481     0.10910157544684192    25    
55390.739779114345    0.47232401699723037    0.1112444748595471     25    
55391.239779114345    0.45008950892204636    0.1170829747419862     25    
55391.739779114345    0.43032928295164935    0.12336161573672266    25    
55392.239779114345    0.41373430887380797    0.12961757478917932    25    
55392.739779114345    0.39986915386247596    0.13607000585160145    25    
55393.239779114345    0.38874991418711835    0.13881420314067291    25    
55393.739779114345    0.3809545944385375     0.13475485350384792    25    
55394.239779114345    0.3758126958481269     0.12696307416225397    25    
55394.739779114345    0.3715320522434306     0.12159871982071958    25    
55395.239779114345    0.36851155397771207    0.1205930152451361     25    
55395.739779114345    0.3661067305401077     0.1215733016650607     25    
55396.239779114345    0.36246838049395996    0.12316086758328766    25    
55396.739779114345    0.35789145528784616    0.12651263884100714    25    
55397.239779114345    0.3521818293390571     0.12934754620432978    25    
55397.739779114345    0.3445539921751787     0.12847737052897007    25    
55398.239779114345    0.33482333987365087    0.12385059567866938    25    
55398.739779114345    0.32409610669162525    0.11744743154083764    25    
55399.239779114345    0.3131755985775113     0.11064245079505577    25    
55399.739779114345    0.30152795734911325    0.10221855265091255    25    
55400.239779114345    0.2903542607697012     0.09439354260842849    25    
55400.739779114345    0.28048697451468685    0.08973653175122757    25    
55401.239779114345    0.27146163448581806    0.08762750703641783    25    
55401.739779114345    0.2638804907521666     0.0873297007086457     25    
55402.239779114345    0.2582784195502828     0.08713827448319143    25    
55402.739779114345    0.2542842351930908     0.08831340448030418    25    
55403.239779114345    0.25116069734192514    0.0955334585728924     25    
55403.739779114345    0.24895820919817657    0.11109376178753293    25    
55404.239779114345    0.24754200343118024    0.12877696730893978    25    
55404.739779114345    0.2460401139627927     0.1427826817365208     25    
55405.239779114345    0.24452476417826502    0.15545325297023516    25    
55405.739779114345    0.24289834757999076    0.16511603768376665    25    
55406.239779114345    0.24065536219232528    0.1672519460036465     25    
55406.739779114345    0.23773820198163018    0.16085195591370108    25    
55407.239779114345    0.2344268156931885     0.14974396660093706    25    
55407.739779114345    0.23092227187754155    0.1375731286482505     25    
55408.239779114345    0.22708845003093134    0.12156818225641827    25    
55408.739779114345    0.22320233714316745    0.10428853941379815    25    
55409.239779114345    0.21951474927016615    0.0908552843108986     25    
55409.739779114345    0.2158925229139385     0.0811190479135685     25    
55410.239779114345    0.2125411228308531     0.07439501492203804    25    
55410.739779114345    0.20962897891853904    0.07103619448114273    25    
55411.239779114345    0.20707097582264822    0.07199703110306288    25    
55411.739779114345    0.2048295927669004     0.07400722351562417    25    
55412.239779114345    0.20290871488398077    0.07555180344543709    25    
55412.739779114345    0.20130273756642433    0.07762700039645731    25    
55413.239779114345    0.1999388780730739     0.07973409164108898    25    
55413.739779114345    0.19882043911830982    0.08186383845697641    25    
55414.239779114345    0.19793676284262632    0.08398454220288343    25    
55414.739779114345    0.197217173278042      0.08575509216667204    25    
55415.239779114345    0.1966803022580594     0.08738404532382736    25    
55415.739779114345    0.19629760249760178    0.08857430378468956    25    
55416.239779114345    0.1960039521759047     0.08870428484140773    25    
55416.739779114345    0.19582732456405652    0.08749151965584492    25    
55417.239779114345    0.19572427679217785    0.0858226968476713     25    
55417.739779114345    0.19563823502748856    0.08415734626023791    25    
55418.239779114345    0.19560052629712815    0.08105789494647753    25    
55418.739779114345    0.1955558059871816     0.08105359897313863    25    
55419.239779114345    0.19545904209362086    0.08552840975555225    25    
55419.739779114345    0.1953389277181015     0.09092269064402177    25    
55420.239779114345    0.1951312103434403     0.11012704613016304    25    
55420.739779114345    0.19480539363512872    0.13948737161897512    25    