57921.29754027495    457.59955037009075    74.27030469501094     25    
57921.79754027495    544.9286465946938     74.03400194921475     25    
57922.29754027495    638.110492938407      74.92515831142288     25    
57922.79754027495    736.6749393304635     79.73958832647355     25    
57923.29754027495    840.2611305518263     84.57030309268076     25    
57923.79754027495    948.346517998342      85.60350491532631     25    
57924.29754027495    1060.6208458703727    85.33814267734529     25    
57924.79754027495    1176.5127652583542    85.56034084051862     25    
57925.29754027495    1295.7590215540667    85.7328636001007      25    
57925.79754027495    1417.7430637705206    85.82157156073369     25    
57926.29754027495    1542.2450402629288    85.85142896110322     25    
57926.79754027495    1668.606796194861     85.82829452668899     25    
57927.29754027495    1796.6482846569834    85.81031968281508     25    
57927.79754027495    1925.7536725178263    85.12362795264077     25    
57928.29754027495    2055.612062162127     85.43975116646418     25    
57928.79754027495    2185.6600393427134    92.29044065859571     25    
57929.29754027495    2314.7377297243243    101.26473911387033    25    
57929.79754027495    2439.43600160817      104.70968214115085    25    
57930.29754027495    2559.013415336198     105.35201216843022    25    
57930.79754027495    2668.5776747662408    106.24763196292209    25    
57931.29754027495    2768.002071442887     106.87512249484769    25    
57931.79754027495    2852.226872660921     106.86365939280338    25    
57932.29754027495    2922.45621694953      106.4924320582537     25    
57932.79754027495    2980.463097110967     107.26103397190472    25    
57933.29754027495    3026.8008894755835    108.8700521564945     25    
57933.79754027495    3066.5994289478367    110.85881890253893    25    
57934.29754027495    3099.8032145640927    113.0425983306767     25    
57934.79754027495    3131.4322185740207    113.75848535778353    25    
57935.29754027495    3161.013119968959     112.92141482926631    25    
57935.79754027495    3188.009891600179     105.30644209378379    25    
57936.29754027495    3212.3094742214876    90.07664688557736     25    
57936.79754027495    3230.526180728622     82.99245195747822     25    
57937.29754027495    3242.734950804418     85.58640262927845     25    
57937.79754027495    3245.813397414582     86.63615102502101     25    
57938.29754027495    3239.7243061213444    86.1459806449369      25    
57938.79754027495    3225.6310140881087    85.64388792414103     25    
57939.29754027495    3203.378299141095     85.09690062546467     25    
57939.79754027495    3176.4329115100604    85.78468163891321     25    
57940.29754027495    3144.7743071520986    87.96724843694396     25    
57940.79754027495    3111.539591490438     88.97855281440944     25    
57941.29754027495    3077.0365971610468    88.87479699446159     25    
57941.79754027495    3041.5259323862783    84.666955639406       25    
57942.29754027495    3005.2664223266243    73.82277282871408     25    
57942.79754027495    2966.8899208329653    66.63032499498804     25    
57943.29754027495    2926.3464006977206    67.59278653746111     25    
57943.79754027495    2882.537329566663     68.70453676341086     25    
57944.29754027495    2835.206083395402     68.46323940833062     25    
57944.79754027495    2784.321407022533     67.85888957294463     25    
57945.29754027495    2729.7132026070713    66.58711969627383     25    
57945.79754027495    2671.978859044476     66.27847527797992     25    
57946.29754027495    2611.1707852709537    67.93169444890275     25    
57946.79754027495    2547.793492147221     69.1130596975921      25    
57947.29754027495    2481.7603842130734    69.23875130613207     25    
57947.79754027495    2414.301457632773     67.86808502380158     25    
57948.29754027495    2345.5289277184493    63.62258929847482     25    
57948.79754027495    2277.091042837245     59.95221320726808     25    
57949.29754027495    2209.488497410471     59.51425320351353     25    
57949.79754027495    2144.11565161593      59.68938171739335     25    
57950.29754027495    2081.861598234314     59.45390326026893     25    
57950.79754027495    2022.9776327421873    58.850997257204725    25    
57951.29754027495    1968.0292143286647    57.21315736021401     25    
57951.79754027495    1916.5496854230555    55.76709460787869     25    
57952.29754027495    1868.4145713973994    55.726697899923444    25    
57952.79754027495    1823.4008152481224    56.03598294897508     25    
57953.29754027495    1781.3598418375334    56.05739002993756     25    
57953.79754027495    1742.0117821865535    55.93668033637726     25    
57954.29754027495    1705.1172490646345    55.546571846096676    25    
57954.79754027495    1670.3693775521997    55.00374132625273     25    
57955.29754027495    1637.3859563736937    54.2938069542879      25    
57955.79754027495    1605.9320195846656    53.702666245769095    25    
57956.29754027495    1575.5485050093234    53.91529879373092     25    
57956.79754027495    1546.1352145202586    54.25318812575425     25    
57957.29754027495    1517.3162860226719    53.51355085414758     25    
57957.79754027495    1489.076313854842     52.70487450713223     25    
57958.29754027495    1461.212642045297     53.64780611013993     25    
57958.79754027495    1433.6772451938925    55.18215100392934     25    
57959.29754027495    1406.219469668495     55.817051402408715    25    
57959.79754027495    1378.9092726646677    55.78554546291327     25    
57960.29754027495    1351.7019908904601    54.624198857828745    25    
57960.79754027495    1324.7315673878725    52.47261621397889     25    
57961.29754027495    1298.3348043495255    49.105975431389616    25    
57961.79754027495    1272.554216476554     45.095107427271955    25    
57962.29754027495    1247.8289184526725    44.22478259034413     25    
57962.79754027495    1224.056374618588     45.28757262121719     25    
57963.29754027495    1201.2498252203702    44.34819076967358     25    
57963.79754027495    1179.2455567003806    42.33307253682545     25    
57964.29754027495    1157.2465784518063    41.834495636111136    25    
57964.79754027495    1135.2263147776932    42.46032402379025     25    
57965.29754027495    1112.2645989369705    43.4022747705471      25    
57965.79754027495    1088.4359038276725    44.569880128124716    25    
57966.29754027495    1063.3846142983678    44.567513092655716    25    
57966.79754027495    1037.2029997012237    43.52949208772919     25    
57967.29754027495    1010.6627074159875    41.39213124688885     25    
57967.79754027495    983.7556223941033     38.08034788839895     25    
57968.29754027495    957.3338843846833     36.563583754724526    25    
57968.79754027495    931.3747664515885     36.949186088132286    25    
57969.29754027495    906.3826521143559     36.35346694902591     25    
57969.79754027495    882.3608760992969     34.689755223039725    25    
57970.29754027495    859.0940627947089     34.06218511627844     25    
57970.79754027495    836.589330059991      34.615825555538386    25    
57971.29754027495    814.601993972609      35.654543506435985    25    
57971.79754027495    793.1233784201555     37.236009924914754    25    
57972.29754027495    772.0555462545043     37.563732193415554    25    
57972.79754027495    751.3658680616323     36.38139254028876     25    
57973.29754027495    731.2653026667809     34.908471859798944    25    
57973.79754027495    711.7514016515476     33.344753818008755    25    
57974.29754027495    693.0404315295351     30.752394111618106    25    
57974.79754027495    675.1535966408167     26.173371277984774    25    
57975.29754027495    658.212835861826      22.905862803504927    25    
57975.79754027495    642.263302656589      22.984729564198794    25    
57976.29754027495    627.2200620925653     23.195983806107414    25    
57976.79754027495    613.0839739512139     22.73750680064411     25    
57977.29754027495    599.772305382643      22.225683367697716    25    
57977.79754027495    587.2745622887064     21.670674270313313    25    
57978.29754027495    575.5159766291836     21.270596724945797    25    
57978.79754027495    564.4828441139863     21.13052575535928     25    
57979.29754027495    554.1037890219833     21.164918678180506    25    
57979.79754027495    544.3615326168459     21.035664205033953    25    
57980.29754027495    535.1884557508367     22.02049840218357     25    
57980.79754027495    526.5633409870834     25.11229302387935     25    
57981.29754027495    518.4226900055407     27.653340375954247    25    
57981.79754027495    510.7409824144946     28.13564424279276     25    
57982.29754027495    503.45920497589043    29.25208597755753     25    