#Date  :
#Flux  :
#Fluxerr  :
#ZP  :
#end  :
@INSTRUMENT  SDSS
@BAND  SDSS_i
@MAGSYS  AB
54346.311957  -0.09997  1.756  23.908679999999997
54348.342632  -1.45  1.348  23.908679999999997
54358.298751  -0.7475  1.587  23.908679999999997
54359.293125  -2.656  2.743  23.908679999999997
54365.332015  0.08764  1.255  23.908679999999997
54381.351744  -0.4995  1.417  23.908679999999997
54386.343731  -0.2763  1.552  23.908679999999997
54388.348188  0.5016  1.326  23.908679999999997
54393.333897  -1.515  1.206  23.908679999999997
54403.261248  -1.772  1.905  23.908679999999997
54404.318966  -0.6998  1.376  23.908679999999997
54405.316499  2.888  1.432  23.908679999999997
54406.254822  0.9019  1.35  23.908679999999997
54412.25751  1.309  1.363  23.908679999999997
54416.252962  12.5  1.257  23.908679999999997
54421.258379  26.1  1.842  23.908679999999997
54423.234784  27.63  2.066  23.908679999999997
54433.257247  30.92  1.933  23.908679999999997
