55140.87766421144    84.74592521898076     21.650230295782627    25    
55141.37766421144    101.37269871082943    21.362981519583872    25    
55141.87766421144    119.31931259669356    22.101416744632107    25    
55142.37766421144    138.53438748807264    26.31149977767292     25    
55142.87766421144    158.9926815041214     30.501323940343173    25    
55143.37766421144    180.6311515952693     31.55582061739671     25    
55143.87766421144    203.43509546753538    31.33973793858532     25    
55144.37766421144    227.3320545586909     31.50002028981315     25    
55144.87766421144    252.31561801320606    31.676086168356647    25    
55145.37766421144    278.3061599046072     31.816432254282613    25    
55145.87766421144    305.3033126674041     31.9274130717178      25    
55146.37766421144    333.2225311592897     32.01811628859832     25    
55146.87766421144    362.0672429564007     32.09307636007456     25    
55147.37766421144    391.77403042044295    32.146155659117575    25    
55147.87766421144    422.35083725385635    32.16916855866364     25    
55148.37766421144    453.5669338407412     32.97775227203278     25    
55148.87766421144    485.59342397729046    34.641980630750545    25    
55149.37766421144    516.3372859974347     35.84442211347693     25    
55149.87766421144    545.9394762829007     36.441911190218306    25    
55150.37766421144    571.8005482217063     36.893444824980335    25    
55150.87766421144    593.7077578361021     37.287078677987346    25    
55151.37766421144    609.7650053669054     37.46273434906878     25    
55151.87766421144    618.8174747291534     37.28900478117929     25    
55152.37766421144    622.5035565132772     37.1296391729542      25    
55152.87766421144    620.6908056006889     37.171287017814244    25    
55153.37766421144    615.6009388736393     37.32050199627094     25    
55153.87766421144    608.3865092045446     37.67148317696475     25    
55154.37766421144    600.30809013577       37.93074312559741     25    
55154.87766421144    593.3061507698055     38.05096185479592     25    
55155.37766421144    586.9782063517612     37.49102011652377     25    
55155.87766421144    581.9094503898141     34.510887439516125    25    
55156.37766421144    577.6616589548078     30.54743290647672     25    
55156.87766421144    573.7142024864007     29.71205770379362     25    
55157.37766421144    570.0022204667353     30.60294710222984     25    
55157.87766421144    565.9312288111817     30.664763721319392    25    
55158.37766421144    561.5329713202808     30.417020185495073    25    
55158.87766421144    556.3982454097659     30.130152486942134    25    
55159.37766421144    550.5533029206129     29.80942691031704     25    
55159.87766421144    543.7111872834395     29.857954043179458    25    
55160.37766421144    535.8882079574892     30.23947635523173     25    
55160.87766421144    526.792944694774      30.3444490940812      25    
55161.37766421144    516.4178964844855     30.208870350780987    25    
55161.87766421144    504.85934361289026    29.09202789839281     25    
55162.37766421144    492.08351565814587    26.51119100361187     25    
55162.87766421144    478.4084814298044     24.82558495222184     25    
55163.37766421144    463.83567319299283    25.000813684967788    25    
55163.87766421144    448.6525405481988     25.195850347058332    25    
55164.37766421144    432.828960420269      24.931034071983085    25    
55164.87766421144    416.8766705861239     24.50385686614195     25    
55165.37766421144    400.85871184821985    23.80213895426591     25    
55165.87766421144    385.3483471291616     23.234980744435067    25    
55166.37766421144    370.6010074954917     23.20847550969203     25    
55166.87766421144    357.0215199002211     23.29499086744567     25    
55167.37766421144    345.09300326130256    22.947863686835344    25    
55167.87766421144    334.7703088856965     22.933821115872167    25    
55168.37766421144    326.29364185514464    24.437163352893343    25    
55168.87766421144    319.49239157358124    26.24693162433366     25    
55169.37766421144    314.21031913733617    26.93308354697326     25    
55169.87766421144    310.4102500482954     27.094939589531254    25    
55170.37766421144    307.91383083209047    27.185037117160046    25    
55170.87766421144    306.6823878487233     27.122923418140456    25    
55171.37766421144    306.4249123559673     26.873801520430273    25    
55171.87766421144    307.1296791874177     26.493392639015305    25    
55172.37766421144    308.38501864642683    26.502706849311274    25    
55172.87766421144    310.21039853389016    26.837270005592288    25    
55173.37766421144    312.1734239630999     27.034030645812795    25    
55173.87766421144    314.2895614299126     27.10721779297644     25    
55174.37766421144    316.3925319133433     27.028723792695263    25    
55174.87766421144    318.461369647361      26.83252737483298     25    
55175.37766421144    320.60465609007986    26.042148168263438    25    
55175.87766421144    322.82103992231686    24.282184248973405    25    
55176.37766421144    325.1964004647878     23.10135261346491     25    
55176.87766421144    327.7774853821233     23.23839632929979     25    
55177.37766421144    330.45329868485305    23.47694156753468     25    
55177.87766421144    333.2644952592027     23.347147906755826    25    
55178.37766421144    335.93491427201957    23.35841292016676     25    
55178.87766421144    338.38106028610986    23.80530622959143     25    
55179.37766421144    340.40547244988466    24.24120284837947     25    
55179.87766421144    341.82312158066776    24.405933522370095    25    
55180.37766421144    342.6273571196553     24.354868946578907    25    
55180.87766421144    342.6853284470383     24.044030319982944    25    
55181.37766421144    342.1097563741357     23.429145855174998    25    
55181.87766421144    340.9957300491079     22.16118400240599     25    
55182.37766421144    339.3756201162595     20.676718594447323    25    
55182.87766421144    337.39752993396297    20.385277798504564    25    
55183.37766421144    335.0369206476022     20.73909100805747     25    
55183.87766421144    332.35155420138216    20.50206865464581     25    
55184.37766421144    329.3063122144175     19.96518247633507     25    
55184.87766421144    325.76177355373153    19.779939774550275    25    
55185.37766421144    321.72165944632934    19.869006531645613    25    
55185.87766421144    317.01802191065826    19.99380827469517     25    
55186.37766421144    311.6592181602968     20.165542034950505    25    
55186.87766421144    305.65020062422076    20.06281936591501     25    
55187.37766421144    298.9672849374671     19.70550378052386     25    
55187.87766421144    291.9208332820945     18.528836477375304    25    
55188.37766421144    284.5010101631848     15.980391144830122    25    
55188.87766421144    277.007624568896      14.158547128753964    25    
55189.37766421144    269.4747300927025     14.258422682760294    25    
55189.87766421144    262.06197228362925    14.424850080326623    25    
55190.37766421144    254.84412829065892    14.04666143073318     25    
55190.87766421144    247.7734319635224     13.686296728048491    25    
55191.37766421144    240.85380680712336    13.494234824262444    25    
55191.87766421144    234.05867762380504    13.417351706494154    25    
55192.37766421144    227.3686999702954     13.539447571190134    25    
55192.87766421144    220.7890499845883     13.63687877629888     25    
55193.37766421144    214.302786557172      13.458981281630912    25    
55193.87766421144    207.94696775696033    13.159441529641182    25    
55194.37766421144    201.75795068758762    12.945739242838847    25    
55194.87766421144    195.75263456563192    12.57486701604925     25    
55195.37766421144    189.98665177953345    11.352804369554955    25    
55195.87766421144    184.4592692629638     9.613833304938364     25    
55196.37766421144    179.21634083552317    8.961401763011875     25    
55196.87766421144    174.24569483928178    9.108110795972419     25    
55197.37766421144    169.5337998484841     9.03531031548378      25    
55197.87766421144    165.0798300706641     8.881878944472394     25    
55198.37766421144    160.86187671267936    8.73234645015535      25    
55198.87766421144    156.88105477794142    8.584575414678902     25    
55199.37766421144    153.1155081508437     8.477825002881433     25    
55199.87766421144    149.56645999788722    8.413875090953624     25    
55200.37766421144    146.2122261550442     8.374471333484903     25    
55200.87766421144    143.0535777225688     8.347995269775264     25    
55201.37766421144    140.06956271734825    8.433808380488951     25    
55201.87766421144    137.25993994405354    8.657645629999518     25    
55202.37766421144    134.6050498298232     8.914444003916747     25    
55202.87766421144    132.1030786544085     9.061856190788443     25    
55203.37766421144    129.73621948453638    9.609345053115767     25    