58431.99644296335    183.3877047569272     30.71335607832049     25    
58432.49644296335    218.52224824267824    30.818109424258278    25    
58432.99644296335    256.2427900225497     30.99425851779813     25    
58433.49644296335    296.40027274703425    31.416673826462134    25    
58433.99644296335    338.9226796677358     31.883125624853342    25    
58434.49644296335    383.62666555959464    32.09991861095375     25    
58434.99644296335    430.4711156097611     32.198176055863215    25    
58435.49644296335    479.2451685976345     32.309109499753305    25    
58435.99644296335    529.9318397659007     32.404068857955366    25    
58436.49644296335    582.2995237784295     32.47204597311415     25    
58436.99644296335    636.3485940534299     32.517392747988985    25    
58437.49644296335    691.8334730192562     32.55007109028878     25    
58437.99644296335    748.7651203896254     32.57265070559468     25    
58438.49644296335    806.9145766015889     32.535309754931355    25    
58438.99644296335    866.302538236451      32.41121657281869     25    
58439.49644296335    926.5215478874402     33.57929987188007     25    
58439.99644296335    987.7744017863243     36.16240154542735     25    
58440.49644296335    1047.739972435027     37.82549051044821     25    
58440.99644296335    1106.558458272188     38.2965860364393      25    
58441.49644296335    1161.419794811293     38.59301251231271     25    
58441.99644296335    1212.062434132123     38.90485905264523     25    
58442.49644296335    1256.4125917528675    39.076661557046585    25    
58442.99644296335    1293.2410656677278    38.99936214421775     25    
58443.49644296335    1323.8802898880951    39.02939314591572     25    
58443.99644296335    1348.1439031080142    39.4004428754577      25    
58444.49644296335    1367.8993156787333    39.90096542974961     25    
58444.99644296335    1384.2331412568008    40.56604844670977     25    
58445.49644296335    1398.0952342417866    41.06091925785758     25    
58445.99644296335    1411.298398238004     41.19566833334328     25    
58446.49644296335    1423.2039637552105    40.58473891520025     25    
58446.99644296335    1434.0075746474256    37.61405751123858     25    
58447.49644296335    1443.1623255896868    33.586576526188026    25    
58447.99644296335    1449.56249907119      32.66331891478946     25    
58448.49644296335    1453.1501422788458    33.564338076712446    25    
58448.99644296335    1452.6349589757178    33.674670464775055    25    
58449.49644296335    1448.3126301195616    33.47055973289768     25    
58449.99644296335    1440.5311195418994    33.25479147359065     25    
58450.49644296335    1429.3531319291892    33.02689638362339     25    
58450.99644296335    1416.1950760171214    33.21003212272656     25    
58451.49644296335    1400.9794458701804    33.79143055509782     25    
58451.99644296335    1385.0587794870357    34.00212877968083     25    
58452.49644296335    1368.4715695848517    33.843527270172025    25    
58452.99644296335    1351.3400872779978    33.021518429186905    25    
58453.49644296335    1333.778707137942     31.201508112317764    25    
58453.99644296335    1315.2173592212666    30.016122576782205    25    
58454.49644296335    1295.6268069956843    30.16473046614043     25    
58454.99644296335    1274.5950968463333    30.380288213548276    25    
58455.49644296335    1251.9165926137102    30.280259691751105    25    
58455.99644296335    1227.764610562865     30.078580063875147    25    
58456.49644296335    1202.0479901805809    29.681037455548793    25    
58456.99644296335    1175.1789446381222    29.415250913710814    25    
58457.49644296335    1147.3546775349644    29.675552577457925    25    
58457.99644296335    1118.8213195076044    29.997547633797573    25    
58458.49644296335    1089.8716723372763    30.22833878372559     25    
58458.99644296335    1060.6478723744833    29.92128771545904     25    
58459.49644296335    1031.4868305186785    27.561745807991997    25    
58459.99644296335    1002.4648417848421    24.250081651631017    25    
58460.49644296335    973.942890851816      23.24886103612557     25    
58460.99644296335    945.9563237747562     23.62271016880227     25    
58461.49644296335    918.9295063617595     23.595536331071667    25    
58461.99644296335    892.8189650784252     23.45552470836845     25    
58462.49644296335    867.8294358338469     23.08553265172919     25    
58462.99644296335    843.9322137120275     22.529170400979602    25    
58463.49644296335    821.0826824677715     22.2916638878892      25    
58463.99644296335    799.2826931104644     22.359910313333586    25    
58464.49644296335    778.4931473692985     22.37704961413071     25    
58464.99644296335    758.7236232937988     22.337055482614513    25    
58465.49644296335    739.8425523889179     22.234666241016956    25    
58465.99644296335    721.8665819777015     22.097922448281096    25    
58466.49644296335    704.578233818438      21.657275970393158    25    
58466.99644296335    687.9696203725167     20.673155453212477    25    
58467.49644296335    671.8480676616826     19.97056433392793     25    
58467.99644296335    656.1671662315083     20.033198192136147    25    
58468.49644296335    640.832034720317      20.11090591457065     25    
58468.99644296335    625.7846814098274     19.773731128528034    25    
58469.49644296335    611.0132805620208     19.54181661368884     25    
58469.99644296335    596.4972612885638     19.822707963479107    25    
58470.49644296335    582.216958626268      20.17291366679516     25    
58470.99644296335    568.1339256583501     20.28895792328241     25    
58471.49644296335    554.2722227973584     20.218692619448507    25    
58471.99644296335    540.6276589968011     19.82475939080158     25    
58472.49644296335    527.2444881828094     19.188704544210374    25    
58472.99644296335    514.2070800532982     18.323145926890803    25    
58473.49644296335    501.52725002993725    17.377090278186483    25    
58473.99644296335    489.323121424961      17.1860624828525      25    
58474.49644296335    477.5683340429468     17.473061640874455    25    
58474.99644296335    466.26427688973274    17.246599482707268    25    
58475.49644296335    455.39018688986954    16.66562767486507     25    
58475.99644296335    444.72399938329823    16.43766412067748     25    
58476.49644296335    434.27751292361785    16.537278793883303    25    
58476.99644296335    423.8087398935231     16.727768538238216    25    
58477.49644296335    413.3182124296097     17.027723410611436    25    
58477.99644296335    402.7371256460132     17.08809629019429     25    
58478.49644296335    392.0285805841165     16.92294448939603     25    
58478.99644296335    381.40618282604015    16.110085914448643    25    
58479.49644296335    370.8705044217388     14.111599784441104    25    
58479.99644296335    360.6145254168162     12.521141184098362    25    
58480.49644296335    350.68619623079456    12.496201610786622    25    
58480.99644296335    341.1567733363121     12.61504840586951     25    
58481.49644296335    332.10083669640653    12.190135540277323    25    
58481.99644296335    323.4285570513537     11.838102251698372    25    
58482.49644296335    315.1191417341019     11.87481645883113     25    
58482.99644296335    307.1190673383198     12.093642114851352    25    
58483.49644296335    299.369233485713      12.493577531430141    25    
58483.99644296335    291.8633341294357     12.831263894650041    25    
58484.49644296335    284.54770630865966    12.691042691762856    25    
58484.99644296335    277.45673818080087    12.29591062897126     25    
58485.49644296335    270.6226905174446     11.93190513470082     25    
58485.99644296335    264.0546671069067     11.434137706972825    25    
58486.49644296335    257.80565618658994    10.271897385543578    25    
58486.99644296335    251.87113211755477    8.560295011538939     25    
58487.49644296335    246.2862026611843     7.810641007683421     25    
58487.99644296335    241.04233452826622    7.97486558872455      25    
58488.49644296335    236.1035447491323     7.946614639536488     25    
58488.99644296335    231.47145626418208    7.79620648025825      25    
58489.49644296335    227.10204627580416    7.643710974697473     25    
58489.99644296335    222.99772977757905    7.485553053759088     25    
58490.49644296335    219.11571232619832    7.385962245244621     25    
58490.99644296335    215.45733418771889    7.3547288944926015    25    
58491.49644296335    211.98145311830348    7.3593659138235425    25    
58491.99644296335    208.68717971258917    7.300887043075434     25    
58492.49644296335    205.53617887010725    7.715755645160246     25    
58492.99644296335    202.5241765701787     8.870470338994863     25    
58493.49644296335    199.6167997995978     9.76171960742517      25    
58493.99644296335    196.8052349784753     9.943179584943952     25    
58494.49644296335    194.06022612476315    10.279499400237833    25    