@INSTRUMENT MEGACAMPSF
@BAND g
@MAGSYS AB
@WEIGHTMAT weightmat_SNLS_g.dat
@X_FOCAL_PLANE -7.67016
@Y_FOCAL_PLANE -8.573445
#Date : MJD
#Flux : 
#Fluxerr : errors (but look at the weight matrix)
#ZP : 
#end
53084.46  -0.89652991  0.570630227249  27.034086000000002
53105.38  15.78137  1.39312903771  27.034086000000002
53114.32  18.71628  0.798414360423  27.034086000000002
53118.37  16.665431  0.962157613524  27.034086000000002
53120.37  15.69693  0.583797371818  27.034086000000002
53136.33  5.787943  0.581467862815  27.034086000000002
53148.29  1.4251246  0.969816747723  27.034086000000002
53330.64  0.70076144  0.789220387755  27.034086000000002
53331.61  3.2969737  1.49180378409  27.034086000000002
53349.65  -0.90643577  0.523306786184  27.034086000000002
53352.6  0.20438558  0.556605038132  27.034086000000002
53355.64  -0.46698619  0.529583557374  27.034086000000002
53375.65  1.5079785  1.04239216935  27.034086000000002
53385.52  -0.64622201  0.604777021402  27.034086000000002
53390.54  -0.3115046  0.554356688016  27.034086000000002
53408.49  0.61195948  0.539790352289  27.034086000000002
53415.52  0.61475813  0.707150880493  27.034086000000002
