#Date  :
#Flux  :
#Fluxerr  :
#ZP  :
#end  :
@INSTRUMENT  SDSS
@BAND  SDSS_g
@MAGSYS  AB
53622.435139  0.02186  0.4757  23.897
53627.392435  -0.08123  0.5072  23.897
53634.385406  -1.188  1.592  23.897
53638.427014  -0.6253  0.5764  23.897
53640.391096  -0.3089  0.6326  23.897
53646.452663  0.283  0.6939  23.897
53655.363667  0.1327  0.4843  23.897
53657.271881  5.653  3.584  23.897
53663.453484  -0.07299  1.638  23.897
53664.389045  0.9809  1.115  23.897
53665.453402  0.8793  1.03  23.897
53668.4421  1.983  1.025  23.897
53669.348178  2.144  0.8065  23.897
53670.448114  4.107  0.8083  23.897
53671.432882  3.603  0.6058  23.897
53674.332222  6.015  0.6005  23.897
53676.422051  7.04  0.5673  23.897
53679.393851  7.851  0.6291  23.897
53681.385295  7.99  0.5276  23.897
53687.288095  4.44  2.095  23.897
53697.341886  3.343  0.6835  23.897
53700.340654  2.627  0.5938  23.897
53705.326859  1.497  0.6297  23.897
