#Date  :
#Flux  :
#Fluxerr  :
#ZP  :
#end  :
@INSTRUMENT  SDSS
@BAND  SDSS_u
@MAGSYS  AB
54346.32909  -0.9633  3.065  23.88354
54348.359374  0.846  1.79  23.88354
54357.318362  -0.2097  1.339  23.88354
54358.315987  -1.841  1.994  23.88354
54359.30996  -0.9139  3.842  23.88354
54362.368231  -0.7565  1.614  23.88354
54365.348905  0.3861  1.373  23.88354
54381.368781  -0.7589  1.562  23.88354
54382.348691  -3.656  2.271  23.88354
54384.375178  -1.383  1.643  23.88354
54385.366217  -1.15  1.413  23.88354
54386.360815  0.573  1.755  23.88354
54387.367013  1.134  2.183  23.88354
54388.365289  -0.8269  1.54  23.88354
54394.349465  2.282  2.085  23.88354
54402.359476  18.68  4.793  23.88354
54403.278481  0.1686  3.379  23.88354
54404.336206  0.5455  2.93  23.88354
54405.33417  3.703  1.988  23.88354
54406.272079  6.241  1.861  23.88354
54408.273241  4.514  1.422  23.88354
54411.231533  4.157  1.481  23.88354
54412.274815  2.35  1.695  23.88354
54413.271944  2.028  2.013  23.88354
54416.27072  1.32  1.43  23.88354
54417.273805  2.768  1.471  23.88354
54418.27172  0.7569  1.555  23.88354
54421.275749  1.595  1.991  23.88354
54422.276315  -3.21  2.179  23.88354
54423.252591  -1.002  2.665  23.88354
54424.212179  4.305  2.656  23.88354
54433.274687  1.944  4.503  23.88354
