54521.31075033346    43.729239118621045    43.72923911862219     25    
54521.81075033346    73.58065475497617     73.58065475497685     25    
54522.31075033346    111.41758767178425    100.89828599557683    25    
54522.81075033346    158.15079464134683    158.15079464134715    25    
54523.31075033346    214.5115536967492     214.51155369674942    25    
54523.81075033346    281.4972930455326     230.36478875336277    25    
54524.31075033346    359.7550736330326     225.07194369112023    25    
54524.81075033346    450.3640864070495     225.22786081165594    25    
54525.31075033346    553.8920839201504     225.26314869185734    25    
54525.81075033346    671.4951111654149     225.00821934099343    25    
54526.31075033346    803.6665209976189     224.47698156026462    25    
54526.81075033346    951.6343037601448     223.59836144145746    25    
54527.31075033346    1115.8223213049553    222.4782231389159     25    
54527.81075033346    1297.9381754052997    220.8359006757162     25    
54528.31075033346    1497.4164558378027    219.6801277438611     25    
54528.81075033346    1716.691341521635     221.92444211197255    25    
54529.31075033346    1950.0072899639001    225.67417143725388    25    
54529.81075033346    2186.718011838701     227.6332365019801     25    
54530.31075033346    2422.6965305815265    228.80522024111292    25    
54530.81075033346    2640.558483477964     230.07751726453068    25    
54531.31075033346    2838.9701508627445    231.10394856746186    25    
54531.81075033346    2999.437975783058     230.94547799183377    25    
54532.31075033346    3126.695335513897     230.23911171777775    25    
54532.81075033346    3223.5898500102867    231.0684638828044     25    
54533.31075033346    3292.922556959172     232.93647098111504    25    
54533.81075033346    3348.3810411434283    235.58128542305954    25    
54534.31075033346    3390.3124796055263    238.50487521678798    25    
54534.81075033346    3432.568785475891     241.13772070427805    25    
54535.31075033346    3473.379579528556     241.0235006206955     25    
54535.81075033346    3514.0700575299934    213.22064557649193    25    
54536.31075033346    3553.762117091009     154.49910126559476    25    
54536.81075033346    3587.0657685070555    126.92894173301019    25    
54537.31075033346    3613.9999544239904    138.34308599109679    25    
54537.81075033346    3629.400995615893     141.4507489381818     25    
54538.31075033346    3633.474380040699     139.95652942228418    25    
54538.81075033346    3623.4009172207543    138.04033389036158    25    
54539.31075033346    3599.278093014186     135.69879965918832    25    
54539.81075033346    3559.589451438066     136.37091218131013    25    
54540.31075033346    3504.3695216823703    139.8978905777739     25    
54540.81075033346    3432.0496834370883    140.3506864748379     25    
54541.31075033346    3342.5466669029274    137.64752167423856    25    
54541.81075033346    3240.2339560822825    139.49318800037673    25    
54542.31075033346    3124.869195886776     146.14598648137616    25    
54542.81075033346    3004.5031938020065    150.27349990476145    25    
54543.31075033346    2879.0538638307407    151.69644228932768    25    
54543.81075033346    2756.1848979527053    151.9898975496853     25    
54544.31075033346    2636.144025462136     151.18772730959043    25    
54544.81075033346    2523.444319042821     149.63391851077756    25    
54545.31075033346    2418.3774001979814    147.05000597571916    25    
54545.81075033346    2323.3511129477542    146.52354660676886    25    
54546.31075033346    2238.462480096701     148.98510397923164    25    
54546.81075033346    2166.2127887399247    150.37910336776477    25    
54547.31075033346    2107.3164027697753    150.28506138996795    25    
54547.81075033346    2060.1799561583393    147.46310374905636    25    
54548.31075033346    2025.3137359268417    140.1668737232207     25    
54548.81075033346    1998.2161700930956    135.97319643079203    25    
54549.31075033346    1978.5416725688108    138.13223800629186    25    
54549.81075033346    1962.3254303455494    140.09560771269227    25    
54550.31075033346    1948.750242322606     140.35242754591593    25    
54550.81075033346    1935.6873959886173    139.53313065173745    25    
54551.31075033346    1922.4139799702727    136.87480222038533    25    
54551.81075033346    1908.204606067628     135.50091945993395    25    
54552.31075033346    1892.8363028507008    137.2810550014436     25    
54552.81075033346    1875.4237688474939    139.00834163044394    25    
54553.31075033346    1855.4997965808166    139.57914940758104    25    
54553.81075033346    1833.1635074392282    139.40438671835125    25    
54554.31075033346    1808.1185540178167    137.21117495196106    25    
54554.81075033346    1781.2635367471926    137.6214376110751     25    
54555.31075033346    1752.8501790720004    145.00407861194296    25    
54555.81075033346    1723.5337895290086    151.29733623220577    25    
54556.31075033346    1693.9237376333374    152.1731580153642     25    
54556.81075033346    1663.5967597599479    151.1888749117461     25    
54557.31075033346    1632.8328564860403    148.7884097238588     25    
54557.81075033346    1600.3179116368083    147.19933438270303    25    
54558.31075033346    1565.387090624615     149.5146579502323     25    
54558.81075033346    1527.1027482470279    152.3580397570254     25    
54559.31075033346    1484.3089304351947    153.71343376669552    25    
54559.81075033346    1437.2631980140252    153.79405707059078    25    
54560.31075033346    1385.3671581731292    151.28961547822448    25    
54560.81075033346    1329.8881912370582    148.30788899031833    25    
54561.31075033346    1271.7768688720537    147.3296896337511     25    
54561.81075033346    1211.7939682939495    147.23351336427817    25    
54562.31075033346    1151.2137188076506    148.03108478288883    25    
54562.81075033346    1090.3288828474622    148.4601366148818     25    
54563.31075033346    1030.177341162376     145.48088436173921    25    
54563.81075033346    970.6646774925205     142.01891893993724    25    
54564.31075033346    912.1017723337181     142.67354296511496    25    
54564.81075033346    854.5678962375237     145.09953928773294    25    
54565.31075033346    798.2117245743526     147.6550227722971     25    
54565.81075033346    743.3958292539604     149.45859987751936    25    
54566.31075033346    690.6774337937741     148.95368880794533    25    
54566.81075033346    640.6632500755372     143.79786399419487    25    
54567.31075033346    594.9445772168009     120.34824894130152    25    
54567.81075033346    553.8508440964846     81.34221528614384     25    
54568.31075033346    519.385393775209      67.08056632003793     25    
54568.81075033346    491.26394569787305    73.5765261756285      25    
54569.31075033346    470.38836924606926    72.65933098737301     25    
54569.81075033346    455.9180485194531     70.34519086666818     25    
54570.31075033346    445.66293474520825    69.57970308917433     25    
54570.81075033346    439.36826083788964    69.94189010381167     25    
54571.31075033346    434.380815770989      71.39537984720727     25    
54571.81075033346    430.769942206746      73.39416287967195     25    
54572.31075033346    426.58100365959535    73.06143446294462     25    
54572.81075033346    422.1197236717187     71.0678808750205      25    
54573.31075033346    417.52576658327956    69.79290723690701     25    
54573.81075033346    412.83786038901565    68.55027417634263     25    
54574.31075033346    408.40450185211637    62.334999443940006    25    
54574.81075033346    404.21237913931066    51.012772209364485    25    
54575.31075033346    400.49358636436017    46.1562783473248      25    
54575.81075033346    397.2223487113659     48.17741472643766     25    
54576.31075033346    394.30339341442465    48.259971559756515    25    
54576.81075033346    391.7356894417682     46.9127930360148      25    
54577.31075033346    389.39325606226583    45.41027437789349     25    
54577.81075033346    387.2783529193975     43.71957979695625     25    
54578.31075033346    385.26795071718385    42.57777516703242     25    
54578.81075033346    383.36447423864985    42.02338072098403     25    
54579.31075033346    381.44490467286755    41.66460560767215     25    
54579.81075033346    379.51148069321556    41.3844545093169      25    
54580.31075033346    377.4415452230069     45.11852088079517     25    
54580.81075033346    375.2367995767824     52.49024423446033     25    
54581.31075033346    372.77529966129003    56.192313818485744    25    
54581.81075033346    370.0578581830411     56.02060693894941     25    
54582.31075033346    366.96359528140636    58.52045090209502     25    