54042.43857139091    3.0701806513674854    3.070180651383771     25    
54042.93857139091    6.536909456519675     6.536909456527324     25    
54043.43857139091    11.10028626162658     9.301743459170236     25    
54043.93857139091    16.92402566247004     16.924025662472992    25    
54044.43857139091    24.092058492710315    24.09205849271239     25    
54044.93857139091    32.80394431555493     32.80394431555646     25    
54045.43857139091    43.111006528147676    41.533302141020236    25    
54045.93857139091    55.24217459930334     41.492808912384       25    
54046.43857139091    69.22263955146767     41.51881271179786     25    
54046.93857139091    85.30422569724418     41.48510870222641     25    
54047.43857139091    103.49246674619923    41.39406446894859     25    
54047.93857139091    124.05560679290663    41.23836510761387     25    
54048.43857139091    146.9859972958713     41.02116590204818     25    
54048.93857139091    172.59154247521315    40.918778868396416    25    
54049.43857139091    200.85282441097152    40.90620030907991     25    
54049.93857139091    231.9057539584664     39.209576448154515    25    
54050.43857139091    265.8712998828343     35.368316394316324    25    
54050.93857139091    300.7187042420411     33.15519212395565     25    
54051.43857139091    336.60985981912864    33.50314561424814     25    
54051.93857139091    370.8564086082519     33.94622590292822     25    
54052.43857139091    403.35537713503385    34.13444880133085     25    
54052.93857139091    431.96574948186225    34.2170123685917      25    
54053.43857139091    455.901135624877      34.096310462667724    25    
54053.93857139091    475.7509255336354     34.05189804535621     25    
54054.43857139091    491.237738499043      34.20552362472872     25    
54054.93857139091    503.59054618628386    34.46044164189769     25    
54055.43857139091    513.2385272633493     34.88880224771332     25    
54055.93857139091    520.8868708285866     35.19059336358942     25    
54056.43857139091    527.3735503840102     35.767272714411334    25    
54056.93857139091    532.4097574380733     34.93072275892515     25    
54057.43857139091    536.1661333231505     28.595790767627328    25    
54057.93857139091    538.2875402144033     18.906675239343937    25    
54058.43857139091    538.335304019793      16.343442990724455    25    
54058.93857139091    536.2266605147026     18.407298419974918    25    
54059.43857139091    531.3846563455907     18.523378086520534    25    
54059.93857139091    524.0239454058396     18.30359207103208     25    
54060.43857139091    514.3245153751036     18.015091435037572    25    
54060.93857139091    502.3981716250242     17.701093813072607    25    
54061.43857139091    488.9733361787253     17.863236287280632    25    
54061.93857139091    474.02993508924254    18.370002974525086    25    
54062.43857139091    458.3165037176634     18.333586376407876    25    
54062.93857139091    441.79010993278473    17.835853119551384    25    
54063.43857139091    424.91697188156917    19.056190287748187    25    
54063.93857139091    407.6824263825872     21.84228187951118     25    
54064.43857139091    390.36481706999336    23.350111678853228    25    
54064.93857139091    372.95627296229515    23.538112929078867    25    
54065.43857139091    355.73449841165996    23.54267226855902     25    
54065.93857139091    338.7289192025334     23.501296360507585    25    
54066.43857139091    322.0514380388317     23.34402499369925     25    
54066.93857139091    305.73753717845625    23.004797783864216    25    
54067.43857139091    289.8005224282156     22.825578251488643    25    
54067.93857139091    274.24728438771257    23.05323413850498     25    
54068.43857139091    259.1048228451701     23.27903341445544     25    
54068.93857139091    244.3780488361571     23.68625816704382     25    
54069.43857139091    230.10729355097882    23.162835277083847    25    
54069.93857139091    216.31245325038566    19.578172664665043    25    
54070.43857139091    203.03329468902285    14.975260822741058    25    
54070.93857139091    190.31333642149937    14.081335619443921    25    
54071.43857139091    178.176105047176      14.87736665805379     25    
54071.93857139091    166.68257416362596    14.96429652297912     25    
54072.43857139091    155.82879390872836    14.977798007536876    25    
54072.93857139091    145.64910968156707    14.73848185178747     25    
54073.43857139091    136.13378507398593    14.392933703020033    25    
54073.93857139091    127.27855758622617    14.385334055965059    25    
54074.43857139091    119.08245549783463    14.584359767511       25    
54074.93857139091    111.5450170626157     14.702393316072275    25    
54075.43857139091    104.65951471226883    14.762947240744644    25    
54075.93857139091    98.36668448955966     14.724085246637326    25    
54076.43857139091    92.66784071198389     14.569961139789548    25    
54076.93857139091    87.43638530926125     13.114102591026407    25    
54077.43857139091    82.67888348238348     9.61118337659353      25    
54077.93857139091    78.26970200700475     7.058589871013957     25    
54078.43857139091    74.20764455240334     7.390999722823585     25    
54078.93857139091    70.41908053903276     7.642142239333753     25    
54079.43857139091    66.89393879058417     7.301839860718866     25    
54079.93857139091    63.61448703290597     7.13581695870618      25    
54080.43857139091    60.57803033031742     7.333148910546357     25    
54080.93857139091    57.764173818121535    7.534588856627927     25    
54081.43857139091    55.16992604339383     7.668242103012986     25    
54081.93857139091    52.77299365058359     7.652042954236846     25    
54082.43857139091    50.56688321661807     7.40092673064781      25    
54082.93857139091    48.52911613250739     6.941263797879425     25    
54083.43857139091    46.645656731269455    6.067157104282043     25    
54083.93857139091    44.90006812169472     5.153884114939095     25    
54084.43857139091    43.27059631138569     5.0759403662642475    25    
54084.93857139091    41.75202925588486     5.2435250287606765    25    
54085.43857139091    40.32431294107598     4.858937438648103     25    
54085.93857139091    38.989701892350034    4.287265868615244     25    
54086.43857139091    37.741006324991616    4.090446557790342     25    
54086.93857139091    36.57777800415022     4.137050430309332     25    
54087.43857139091    35.49124574763774     4.313268733408642     25    
54087.93857139091    34.484446782128586    4.561836554210533     25    
54088.43857139091    33.56077394195662     4.5319272969946045    25    
54088.93857139091    32.72317679331544     4.292818305141596     25    
54089.43857139091    32.00194777039325     4.0692992692628955    25    
54089.93857139091    31.395732482778335    3.849551381285767     25    
54090.43857139091    30.939924409523943    3.812723242257411     25    
54090.93857139091    30.634809693734567    3.9776636356226835    25    
54091.43857139091    30.47095697582603     3.9464833130004786    25    
54091.93857139091    30.458215762861823    3.647840738939309     25    
54092.43857139091    30.500528992280362    3.4670711061993633    25    
54092.93857139091    30.599071828279797    3.500086652084832     25    
54093.43857139091    30.661601412608633    3.617296524101419     25    
54093.93857139091    30.671380531126758    3.845420235913597     25    
54094.43857139091    30.590709194328056    3.933574758238138     25    
54094.93857139091    30.387087151102765    3.728954801093899     25    
54095.43857139091    30.112108553055716    3.4903190774440733    25    
54095.93857139091    29.773932968079034    3.3095589828112337    25    
54096.43857139091    29.409927413708598    3.286829697431799     25    
54096.93857139091    29.04660465416335     3.623005010637719     25    
54097.43857139091    28.69809210201143     3.9851837711519447    25    
54097.93857139091    28.395141080252102    4.148738014069804     25    
54098.43857139091    28.125685253203013    4.208695784864836     25    
54098.93857139091    27.888852518979565    4.147907188717952     25    
54099.43857139091    27.68106077568913     3.9976560964895844    25    
54099.93857139091    27.494974759541037    3.808725874333872     25    
54100.43857139091    27.32953938259571     3.583239731683475     25    
54100.93857139091    27.176652220288865    3.3979813308944338    25    
54101.43857139091    27.035967024867638    3.245673460772175     25    
54101.93857139091    26.89877919963774     3.1642660409042045    25    
54102.43857139091    26.76523800091971     3.1377023499863053    25    
54102.93857139091    26.626249996002507    2.975788219145973     25    
54103.43857139091    26.482246609166676    2.681692066626669     25    
54103.93857139091    26.323958907797884    2.576106091633529     25    
54104.43857139091    26.151887148023338    2.6661275170946084    25    
54104.93857139091    25.95680023343867     3.119737550997749     25    