57265.68008268998    2.0415287784347376    0.525634403183394      25    
57266.18008268998    2.3094487264156447    0.5247698236822033     25    
57266.68008268998    2.5911423111860876    0.5241531322906707     25    
57267.18008268998    2.8848648802917753    0.5318168750879488     25    
57267.68008268998    3.190725546737449     0.5549705058524885     25    
57268.18008268998    3.5085658413112415    0.5837354563507163     25    
57268.68008268998    3.8366493872975282    0.6031861012041968     25    
57269.18008268998    4.17520667520134      0.6085854778060078     25    
57269.68008268998    4.523949582571866     0.60759033983105       25    
57270.18008268998    4.881155525591232     0.6070923898880327     25    
57270.68008268998    5.247165337946555     0.6082958562968039     25    
57271.18008268998    5.621566761107187     0.6093021335404001     25    
57271.68008268998    6.002656521312116     0.6100357938834837     25    
57272.18008268998    6.390874761112337     0.6104759669507515     25    
57272.68008268998    6.785690603056444     0.6106674838853363     25    
57273.18008268998    7.185425600599413     0.6106468819239427     25    
57273.68008268998    7.590608170837895     0.6103267213265013     25    
57274.18008268998    8.000594334558867     0.609848722517814      25    
57274.68008268998    8.413769274610495     0.60976416226161       25    
57275.18008268998    8.831200654702265     0.6143386891436481     25    
57275.68008268998    9.25131869511314      0.6159652631618332     25    
57276.18008268998    9.671638668532896     0.6024735426035019     25    
57276.68008268998    10.096389086662882    0.5637826657272168     25    
57277.18008268998    10.518180268110985    0.5171450933932541     25    
57277.68008268998    10.926664095592988    0.4909155952801643     25    
57278.18008268998    11.327936687572537    0.4917732875991085     25    
57278.68008268998    11.713042698212234    0.5028691904959359     25    
57279.18008268998    12.06850664600079     0.5088516305354027     25    
57279.68008268998    12.400331516347094    0.5119164294209675     25    
57280.18008268998    12.701141867754593    0.5142687535431094     25    
57280.68008268998    12.95875729959176     0.5153011977234918     25    
57281.18008268998    13.173623523248319    0.5143407081756199     25    
57281.68008268998    13.351641454374878    0.5133691882008606     25    
57282.18008268998    13.496294344111162    0.5146314294767607     25    
57282.68008268998    13.602736263617375    0.5178729010688139     25    
57283.18008268998    13.68150468056162     0.5220828984745227     25    
57283.68008268998    13.743303891611781    0.5268694887879233     25    
57284.18008268998    13.781867959711649    0.5332876715027778     25    
57284.68008268998    13.80624471235058     0.5384520235461049     25    
57285.18008268998    13.826842021142733    0.539871460525995      25    
57285.68008268998    13.84017195360441     0.5392375967791336     25    
57286.18008268998    13.846204365597677    0.5338439835513054     25    
57286.68008268998    13.846607752221129    0.5187133871306392     25    
57287.18008268998    13.841884745587791    0.49094106132090326    25    
57287.68008268998    13.82783873309926     0.4639565490356304     25    
57288.18008268998    13.801440073719583    0.45347720897483773    25    
57288.68008268998    13.764726232902236    0.4571006770196905     25    
57289.18008268998    13.71427464773971     0.4634705306587886     25    
57289.68008268998    13.646739926071367    0.4640809781679566     25    
57290.18008268998    13.5632705542429      0.4623971150301162     25    
57290.68008268998    13.46556357795879     0.4601970800188566     25    
57291.18008268998    13.353881970313168    0.4580470769581209     25    
57291.68008268998    13.22731404178388     0.45536503689197366    25    
57292.18008268998    13.090482677988906    0.45395679062409205    25    
57292.68008268998    12.945857835030344    0.4559553021694939     25    
57293.18008268998    12.791534167732204    0.460749222863126      25    
57293.68008268998    12.631897218096222    0.46445038617258516    25    
57294.18008268998    12.469660929231985    0.46543978460090435    25    
57294.68008268998    12.303125221064825    0.4650914206940141     25    
57295.18008268998    12.133732094025927    0.45954053907421766    25    
57295.68008268998    11.962563032037835    0.44283333491498583    25    
57296.18008268998    11.788992694004307    0.416266438972451      25    
57296.68008268998    11.612508564944008    0.3936888825257134     25    
57297.18008268998    11.43296859694519     0.38729183912825943    25    
57297.68008268998    11.250493391998727    0.3909456222472614     25    
57298.18008268998    11.06457144082922     0.39502022171212053    25    
57298.68008268998    10.87504908665323     0.39478704909786705    25    
57299.18008268998    10.682047479973829    0.3936904318037835     25    
57299.68008268998    10.485160397728258    0.3917807765251636     25    
57300.18008268998    10.284295618628594    0.38826856073750016    25    
57300.68008268998    10.079526425467131    0.3837262236940534     25    
57301.18008268998    9.870526218472191     0.380866608570367      25    
57301.68008268998    9.657223858470987     0.38173200023912635    25    
57302.18008268998    9.439677715513179     0.38454084304997277    25    
57302.68008268998    9.217693735205444     0.38634388679647685    25    
57303.18008268998    8.990523737257492     0.3889907381772115     25    
57303.68008268998    8.75894114833618      0.39049437074473464    25    
57304.18008268998    8.52502911773168      0.3821906101626178     25    
57304.68008268998    8.287995523053038     0.353598560567641      25    
57305.18008268998    8.048795623319888     0.31209515179016345    25    
57305.68008268998    7.811417156162494     0.2795429793146699     25    
57306.18008268998    7.575354095776305     0.27062004908593595    25    
57306.68008268998    7.341238515911086     0.27390002434481286    25    
57307.18008268998    7.112979659551167     0.2760205621449424     25    
57307.68008268998    6.890759993732434     0.2751522276964302     25    
57308.18008268998    6.6741919304228725    0.2743259792207929     25    
57308.68008268998    6.464603949863935     0.2724115635500396     25    
57309.18008268998    6.262569208570529     0.2684541656696371     25    
57309.68008268998    6.067125976127675     0.2638756568159093     25    
57310.18008268998    5.877182322590133     0.2608637339926453     25    
57310.68008268998    5.693106901853008     0.26009460962823105    25    
57311.18008268998    5.514440333634156     0.2602918843965675     25    
57311.68008268998    5.340026257275232     0.26020869642913785    25    
57312.18008268998    5.170004156629482     0.26005519006852107    25    
57312.68008268998    5.0043483669086894    0.25969434373314576    25    
57313.18008268998    4.842626795109071     0.258714988006035      25    
57313.68008268998    4.684720426915765     0.2592235606749477     25    
57314.18008268998    4.530969414379435     0.2573125574589543     25    
57314.68008268998    4.381709252971717     0.24649430291641802    25    
57315.18008268998    4.2367747250880745    0.22044330998375083    25    
57315.68008268998    4.096389276079313     0.18839568051278685    25    
57316.18008268998    3.9609242610186666    0.16863291120782445    25    
57316.68008268998    3.8303220566486       0.16708549159461       25    
57317.18008268998    3.704543964767604     0.17222182281558454    25    
57317.68008268998    3.5836477362859154    0.17277946253445398    25    
57318.18008268998    3.467751462061591     0.17006416777850267    25    
57318.68008268998    3.3565324890531194    0.16735880990009008    25    
57319.18008268998    3.249665927460354     0.16670440019660474    25    
57319.68008268998    3.147350610402154     0.1682026107345734     25    
57320.18008268998    3.049285194643901     0.17015886629014415    25    
57320.68008268998    2.9551430660629823    0.17116961303560643    25    
57321.18008268998    2.865149008280632     0.17181578471968703    25    
57321.68008268998    2.7789269652172015    0.17166598962035454    25    
57322.18008268998    2.6961190222133715    0.17015568856192997    25    
57322.68008268998    2.6169870182680035    0.16756914096504025    25    
57323.18008268998    2.5410611541962247    0.16341746331646081    25    
57323.68008268998    2.4679297146469508    0.15641802922700473    25    
57324.18008268998    2.397874983404605     0.1452663758315612     25    
57324.68008268998    2.3304133498163173    0.1345177252310625     25    
57325.18008268998    2.2651191431492537    0.1301321583231402     25    
57325.68008268998    2.2022232182837906    0.13164955477745788    25    
57326.18008268998    2.14148129036109      0.13386815867092733    25    
57326.68008268998    2.08263956738615      0.1325413513331044     25    
57327.18008268998    2.0257867824547953    0.1290246649574385     25    
57327.68008268998    1.9710437160990568    0.12570260239888673    25    
57328.18008268998    1.9184654105509635    0.1244775916448922     25    
57328.68008268998    1.8680033066995911    0.12463485805310741    25    
57329.18008268998    1.8197863841182238    0.12542578666562934    25    
57329.68008268998    1.7739396043335711    0.1266642782522831     25    
57330.18008268998    1.7304172460985447    0.12861410695862688    25    
57330.68008268998    1.6890750160197827    0.12991193450131508    25    
57331.18008268998    1.64995231987135      0.13011050490157672    25    
57331.68008268998    1.613091955020122     0.12969753648453713    25    
57332.18008268998    1.5778899871580427    0.12663388222170413    25    
57332.68008268998    1.5441251088451402    0.11767489689968595    25    
57333.18008268998    1.5119841779374117    0.10280333072327073    25    
57333.68008268998    1.4808234728829939    0.08891112147197985    25    
57334.18008268998    1.4503426661751466    0.08410479068760054    25    
57334.68008268998    1.4207554598533312    0.08553136090098648    25    
57335.18008268998    1.3917931773143384    0.08708293053644471    25    
57335.68008268998    1.3631928209208637    0.08520235024190986    25    
57336.18008268998    1.3351331353441562    0.08234709810438176    25    
57336.68008268998    1.308065511586255     0.08061237742538306    25    
57337.18008268998    1.2820418501225295    0.08135370831510279    25    
57337.68008268998    1.2570201682626292    0.0835406579687128     25    
57338.18008268998    1.2335292805152325    0.08604993311997959    25    
57338.68008268998    1.211729524308148     0.08908777936706616    25    
57339.18008268998    1.191485025550421     0.09237668464503226    25    
57339.68008268998    1.1729622654642002    0.09398182484494157    25    
57340.18008268998    1.1564168151838377    0.09280641007398191    25    
57340.68008268998    1.1415872171080488    0.08996910426839616    25    
57341.18008268998    1.1278659945065157    0.0870312523704242     25    
57341.68008268998    1.1153250028843946    0.08433987941238037    25    
57342.18008268998    1.1038698695999445    0.08152718523363404    25    
57342.68008268998    1.092797390156305     0.07901433348694564    25    
57343.18008268998    1.0821236316214116    0.0768150505565214     25    
57343.68008268998    1.0718300970264372    0.07497582039776772    25    
57344.18008268998    1.0614298718943485    0.0738686459835875     25    
57344.68008268998    1.0508290820879485    0.0740399104664648     25    
57345.18008268998    1.0401744803114674    0.07477081112889072    25    
57345.68008268998    1.0294943689634979    0.07483121836789494    25    
57346.18008268998    1.0187530591752127    0.07391813357747545    25    
57346.68008268998    1.0080019697773492    0.07255998464286       25    
57347.18008268998    0.9973433702626624    0.07116889643715472    25    
57347.68008268998    0.9867450636281572    0.06963320844168243    25    
57348.18008268998    0.9762462881967083    0.06806721849763274    25    
57348.68008268998    0.9659474645467535    0.0668561056524281     25    
57349.18008268998    0.9558116893479469    0.06605458841351812    25    
57349.68008268998    0.9458847561648315    0.06554082052120137    25    
57350.18008268998    0.9362649004952884    0.06520067597245637    25    
57350.68008268998    0.9269111850140987    0.06459252964711061    25    
57351.18008268998    0.9178756223612354    0.06459509705224098    25    
57351.68008268998    0.909253926787782     0.0664827684200476     25    
57352.18008268998    0.9010017993061288    0.07072691353254647    25    
57352.68008268998    0.8931771354654354    0.07536331172835052    25    
57353.18008268998    0.8858727921037525    0.07837871013313932    25    
57353.68008268998    0.8790417809035529    0.0788503444745637     25    
57354.18008268998    0.872747544156948     0.08022489070702453    25    
57354.68008268998    0.867079745122714     0.08549288250493785    25    