#mB  c  mBmB x1x1 cc mBx1 mBc x1c
15.553890831352613  -0.3  0.0028064026544759196  0.02212026313846896  0.0008192824362906095  0.0005956917059624023  0.0011929813634319795  5.836211004779526e-05
15.553360381041381  0.3  0.0025586940973199076  0.01818732587110596  0.0007621569109493743  0.0008010026685534372  0.0010988596140494708  9.069262162796655e-05
16.058663788857423  0.0  0.0032421810658056663  0.02577290992169387  0.0009173445658490962  0.00035852152416392927  0.0013713774548654945  -0.0001011256898325544
16.558663788857423  0.0  0.00445727967922803  0.03945191806908293  0.0012028568530606674  -0.00020838762891399123  0.001861209122377913  -0.00036416168140562767
17.058663788857423  0.0  0.007094655300939288  0.07072613241380749  0.0018413831596651245  -0.0011714961376125997  0.002940861387744383  -0.0007722705279625809
16.55751845574089  -0.15  0.004934354082658863  0.04650193839220623  0.0013077975691498987  -0.0006150401966309698  0.0020438644793114823  -0.00047231722574659745
16.557289480655903  0.15  0.0040978227422479125  0.03412856760471037  0.0011278940524553883  7.573242320198338e-05  0.0017262730714364082  -0.0002824186203312243
17.553890831352618  -0.3  0.021287141365160894  0.254246116936615  0.005122334098107999  -0.010194604013211058  0.008598470172122133  -0.0037946463015172396
17.553360381041383  0.3  0.008886403342671788  0.08451291905220179  0.0024564170521934776  -0.0009325611390392655  0.003851699583440254  -0.0008713373445303049
