@INSTRUMENT MOSAICII
@BAND MOSAICII_R
@MAGSYS Linear_AB11_off
#Date : MJD
#Flux : 
#Fluxerr : 
#ZP : 
#end
52932.0472  0.3392  0.5091  25.0
52936.056  -1.6022  1.1711  25.0
52942.0609  -0.0473  0.5539  25.0
52960.0804  0.1802  0.86  25.0
52964.0851  -0.3089  0.4595  25.0
52968.0298  -0.4106  0.4846  25.0
52988.086  -0.3856  0.4449  25.0
52992.1184  -0.0251  0.5926  25.0
52996.0646  -0.2728  0.4544  25.0
53000.0657  -0.0419  0.4821  25.0
53002.0369  0.6928  1.1096  25.0
53268.0964  0.2195  0.9529  25.0
53295.0567  0.0242  0.5756  25.0
53299.0611  0.157  0.6049  25.0
53301.0648  0.466  0.9697  25.0
53321.0624  0.6307  1.1292  25.0
53325.0655  -0.1307  0.431  25.0
53344.0915  -0.0727  0.4065  25.0
53348.0733  0.6581  0.4186  25.0
53352.044  0.4338  0.3591  25.0
53354.0394  -0.1125  0.5112  25.0
53356.0784  -0.1646  0.5054  25.0
53360.0641  -2.2647  1.2444  25.0
53641.0851  1.8702  1.5918  25.0
53649.076  0.4011  0.8057  25.0
53654.0548  -0.6601  0.7462  25.0
53682.0886  -1.3102  1.3424  25.0
53698.065  -0.2533  0.7394  25.0
53704.0863  -0.344  0.3649  25.0
53994.2053  0.6945  0.4357  25.0
54003.2062  -0.8154  0.5233  25.0
54023.2301  11.7134  0.6289  25.0
54025.2407  14.2848  0.5315  25.0
54027.2478  13.9823  0.5975  25.0
54031.2516  15.3171  0.6171  25.0
54037.226  13.3363  0.5987  25.0
54039.2177  11.693  1.0275  25.0
54053.0428  6.1635  0.4566  25.0
54059.1922  3.8925  0.6451  25.0
54063.1937  4.2546  0.4821  25.0
54065.2037  2.2725  0.5842  25.0
54067.2026  3.0626  1.0603  25.0
54069.1874  2.9031  1.9027  25.0
54082.0771  2.0627  0.61  25.0
54086.0603  0.8053  0.5328  25.0
54090.0542  1.4803  0.353  25.0
54092.0568  1.3863  0.3603  25.0
54094.058  0.594  0.571  25.0
54096.0691  0.4196  1.7266  25.0
54099.0453  -1.7049  1.8599  25.0
54112.0713  0.3309  0.9835  25.0
54351.2807  0.5794  0.5129  25.0
54354.2929  0.4636  0.5466  25.0
54377.2155  0.2192  0.6911  25.0
54379.2209  -0.9611  0.79  25.0
54381.2046  0.0006  0.5282  25.0
54383.2411  0.0415  0.6675  25.0
54389.2246  0.1966  1.0021  25.0
54393.2437  0.0985  0.7633  25.0
54407.2046  -0.6814  0.7098  25.0
54409.2404  0.4535  0.478  25.0
54411.2079  0.5688  0.4294  25.0
54421.0222  0.3504  0.666  25.0
54423.1249  -1.0318  0.7509  25.0
54435.1562  1.6463  0.7273  25.0
54437.1415  0.2374  0.6789  25.0
54439.0851  -0.6992  0.4409  25.0
54441.0296  1.2656  0.732  25.0
54443.049  0.1252  0.8538  25.0
54445.0443  0.0831  0.4953  25.0
54447.0466  -0.245  0.3714  25.0
54449.0489  -0.0484  0.6009  25.0
54464.0458  0.4226  0.5709  25.0
54467.0703  -0.8998  0.4692  25.0
54469.0582  -0.184  0.4485  25.0
54472.0605  1.161  0.6875  25.0
54474.0536  -0.6475  0.6857  25.0
