#Date  :
#Flux  :
#Fluxerr  :
#ZP  :
#end  :
@INSTRUMENT  PS
@BAND  PS_r
@MAGSYS  AB
55161.5  -31.68899917602539  19.174999237060547  27.523
55173.5  -26.393999099731445  13.520000457763672  27.523
55179.5  -2.677999973297119  11.571999549865723  27.523
55182.5  -20.260000228881836  12.430999755859375  27.523
55188.6015625  -15.340999603271484  14.628999710083008  27.523
55191.5  8.418000221252441  11.003000259399414  27.523
55203.5  -3.880000114440918  11.057999610900879  27.523
55206.5  8.737000465393066  11.17199993133545  27.523
55212.3984375  -15.8100004196167  12.100000381469727  27.523
55215.3984375  -2.055999994277954  10.277000427246094  27.523
55221.5  2.9509999752044678  14.942999839782715  27.523
55230.5  36.742000579833984  16.46500015258789  27.523
55233.3984375  -9.454000473022461  16.190000534057617  27.523
55236.30078125  24.075000762939453  13.519000053405762  27.523
55239.3984375  -17.173999786376953  13.055999755859375  27.523
55242.30078125  6.446000099182129  11.982000350952148  27.523
55248.3984375  11.602999687194824  17.40399932861328  27.523
55275.3984375  19.0  14.859999656677246  27.523
55482.6015625  4.7729997634887695  13.656000137329102  27.523
55485.6015625  -3.6570000648498535  12.574999809265137  27.523
55503.6015625  16.59600067138672  10.876999855041504  27.523
55509.6015625  17.67799949645996  10.961999893188477  27.523
55515.6015625  4.136000156402588  14.380000114440918  27.523
55518.6015625  4.50600004196167  14.269000053405762  27.523
55530.6015625  -0.734000027179718  15.774999618530273  27.523
55545.5  3.1459999084472656  12.267999649047852  27.523
55548.6015625  -50.8380012512207  17.54800033569336  27.523
55560.3984375  -6.934000015258789  12.727999687194824  27.523
55563.6015625  -8.192999839782715  23.190000534057617  27.523
55566.6015625  1.9199999570846558  14.892999649047852  27.523
55584.5  0.871999979019165  14.76200008392334  27.523
55587.6015625  3.121000051498413  13.911999702453613  27.523
55590.6015625  -5.697000026702881  11.51099967956543  27.523
55593.6015625  -6.354000091552734  12.815999984741211  27.523
55596.30078125  6.789000034332275  12.965999603271484  27.523
55602.30078125  11.309000015258789  13.536999702453613  27.523
55632.30078125  7.995999813079834  12.116999626159668  27.523
55650.3984375  3.828000068664551  13.37600040435791  27.523
55653.30078125  12.815999984741211  11.576000213623047  27.523
55665.30078125  6.243000030517578  18.201000213623047  27.523
55888.5  1.597000002861023  13.788999557495117  27.523
55892.5  26.485000610351562  13.904000282287598  27.523
55911.6015625  -23.19300079345703  15.569000244140625  27.523
55947.3984375  306.54901123046875  13.625  27.523
55948.3984375  293.9960021972656  18.834999084472656  27.523
55952.6015625  327.9049987792969  15.42199993133545  27.523
55955.30078125  250.48599243164062  17.177000045776367  27.523
55970.3984375  135.55799865722656  12.553000450134277  27.523
55984.30078125  49.819000244140625  13.175000190734863  27.523
56000.3984375  42.020999908447266  13.480999946594238  27.523
56006.3984375  20.958999633789062  16.17799949645996  27.523
56238.6015625  -7.926000118255615  13.406000137329102  27.523
56242.6015625  3.252000093460083  13.197999954223633  27.523
56268.6015625  -10.369999885559082  14.01099967956543  27.523
56271.6015625  4.65500020980835  14.281999588012695  27.523
56282.6015625  3.4609999656677246  14.725000381469727  27.523
56295.5  -0.593999981880188  14.281000137329102  27.523
56302.3984375  12.701000213623047  14.541000366210938  27.523
56309.6015625  -32.69900131225586  13.461999893188477  27.523
56325.5  3.7100000381469727  13.815999984741211  27.523
56328.3984375  4.28000020980835  15.960000038146973  27.523
56331.5  -30.551000595092773  16.514999389648438  27.523
56332.5  -3.640000104904175  12.324999809265137  27.523
56354.3984375  -10.517999649047852  12.321999549865723  27.523
56357.30078125  4.9079999923706055  12.718000411987305  27.523
56360.30078125  -0.7419999837875366  13.612000465393066  27.523
56371.30078125  -9.902000427246094  27.98900032043457  27.523
56384.30078125  -6.058000087738037  17.09000015258789  27.523
56387.30078125  -0.9210000038146973  14.557000160217285  27.523
56391.30078125  -17.08799934387207  13.77400016784668  27.523
56395.30078125  -3.125  14.39799976348877  27.523
56398.30078125  -96.06099700927734  149.86399841308594  27.523
56420.30078125  -1.4980000257492065  10.954999923706055  27.523
56622.6015625  -2.171999931335449  13.373000144958496  27.523
56630.6015625  2.13700008392334  10.732999801635742  27.523
56656.6015625  -5.827000141143799  15.588000297546387  27.523
56663.5  -20.834999084472656  15.131999969482422  27.523
56666.6015625  -6.728000164031982  15.416999816894531  27.523
56682.3984375  11.553999900817871  13.977999687194824  27.523
56709.30078125  -21.718000411987305  18.95400047302246  27.523
