54053.95791414664    -1.4174227708174612    1.4174227708527363     25    
54054.45791414664    -1.0036453480899552    1.0036453481397736     25    
54054.95791414664    -0.3513004807231923    0.35130048086552057    25    
54055.45791414664    0.5817535107007161     0.5817535107866633     25    
54055.95791414664    1.8189163551802743     1.8189163552077632     25    
54056.45791414664    3.4108582694062317     3.4108582694208907     25    
54056.95791414664    5.373124395453865      5.37312439546317       25    
54057.45791414664    7.763565586587522      6.408550709308309      25    
54057.95791414664    10.591220298658511     6.713887418014663      25    
54058.45791414664    13.91977212080555      6.926679360037465      25    
54058.95791414664    17.753100723355164     7.066510877274667      25    
54059.45791414664    22.1593745306212       7.1463420629527015     25    
54059.95791414664    27.13866232810474      7.175795135013475      25    
54060.45791414664    32.77227706163411      7.1974105368224075     25    
54060.95791414664    39.05126784119871      7.205530403723465      25    
54061.45791414664    46.01790477557582      7.033231075846431      25    
54061.95791414664    53.67254985252885      6.670368351127202      25    
54062.45791414664    61.42235242329391      6.585030081005924      25    
54062.95791414664    69.3089085273614       6.83045857281338       25    
54063.45791414664    76.51631415469575      7.051858194033679      25    
54063.95791414664    83.04871453123324      7.229089581972333      25    
54064.45791414664    88.22648691616725      7.321678602847947      25    
54064.95791414664    91.88374489542416      7.2902753991681735     25    
54065.45791414664    94.27585209411356      7.296179059596649      25    
54065.95791414664    95.32596048663929      7.38325899772546       25    
54066.45791414664    95.56336975052619      7.512549329081222      25    
54066.95791414664    95.08297553570205      7.722569079683551      25    
54067.45791414664    94.25289292592521      7.84247724785376       25    
54067.95791414664    93.31751666375268      7.840923381171175      25    
54068.45791414664    92.19684681636663      7.562433607905107      25    
54068.95791414664    90.96763687838293      6.5587793210498635     25    
54069.45791414664    89.45857770230609      5.428922316772235      25    
54069.95791414664    87.5586319976017       5.319225543886278      25    
54070.45791414664    85.2036200395532       5.563117923611079      25    
54070.95791414664    82.20407843884685      5.505064494320533      25    
54071.45791414664    78.69606622750719      5.37610106633895       25    
54071.95791414664    74.75602861532703      5.200883134092648      25    
54072.45791414664    70.50184938812652      5.029308705950414      25    
54072.95791414664    66.23918668739041      5.070435620911742      25    
54073.45791414664    61.99597121378126      5.21362781573025       25    
54073.95791414664    58.1274393426085       5.198281690290657      25    
54074.45791414664    54.573152084155524     5.086997500483026      25    
54074.95791414664    51.380811383002346     4.97861538889282       25    
54075.45791414664    48.521338078916145     4.8693021482946195     25    
54075.95791414664    45.80952554216799      4.878259278212337      25    
54076.45791414664    43.25281878562918      4.988486908465491      25    
54076.95791414664    40.66768308451492      5.001890745760013      25    
54077.45791414664    38.057981001858735     4.9206207164151134     25    
54077.95791414664    35.43118763588971      4.8148082983441        25    
54078.45791414664    32.775306616848795     4.670929588590007      25    
54078.95791414664    30.23095466789231      4.68103321828982       25    
54079.45791414664    27.797288299359295     4.902653326044346      25    
54079.95791414664    25.595341701743806     5.021731114965119      25    
54080.45791414664    23.65402846941439      5.0197184786035285     25    
54080.95791414664    21.956305254333635     4.75687298842062       25    
54081.45791414664    20.52664305793395      3.9677890681700267     25    
54081.95791414664    19.261576369917677     3.203878063416611      25    
54082.45791414664    18.142219981030337     3.0295602107631936     25    
54082.95791414664    17.093699840258655     3.018723208175589      25    
54083.45791414664    16.06816683663267      2.9820273128318404     25    
54083.95791414664    15.06108594234932      2.92787389279156       25    
54084.45791414664    14.041826308413953     2.734810054655003      25    
54084.95791414664    13.042557806879023     2.565562773744015      25    
54085.45791414664    12.080249267787659     2.6280947317071166     25    
54085.95791414664    11.167478317115762     2.7627594791838592     25    
54086.45791414664    10.331831019101045     2.860434250224616      25    
54086.95791414664    9.569711846700915      2.9149106733805503     25    
54087.45791414664    8.894029894240196      2.837549046713855      25    
54087.95791414664    8.296480219845884      2.6587588092233445     25    
54088.45791414664    7.764926981522028      2.3545714432780764     25    
54088.95791414664    7.298029760318388      1.9396521726865863     25    
54089.45791414664    6.88126456729547       1.7395830236406444     25    
54089.95791414664    6.515223148655777      1.726142718011002      25    
54090.45791414664    6.188830978430922      1.6319502703322397     25    
54090.95791414664    5.902881928156001      1.4907299874803033     25    
54091.45791414664    5.651566655187112      1.4882283067276267     25    
54091.95791414664    5.435168901131714      1.610772507570784      25    
54092.45791414664    5.247809561520428      1.665976883825287      25    
54092.95791414664    5.08973007512548       1.662454019275864      25    
54093.45791414664    4.955848068212314      1.579642308268943      25    
54093.95791414664    4.846216429765825      1.378718223791105      25    
54094.45791414664    4.756910308575742      1.2879568344881065     25    
54094.95791414664    4.687923906617833      1.384529110110978      25    
54095.45791414664    4.6355231571796605     1.5070700637543213     25    
54095.95791414664    4.600548954034807      1.6577152804780513     25    
54096.45791414664    4.574297749565023      1.69166730214769       25    
54096.95791414664    4.557436728094533      1.512325358747912      25    
54097.45791414664    4.535382015734247      1.295055053889287      25    
54097.95791414664    4.504627589469013      1.1353980335838425     25    
54098.45791414664    4.453305079114817      1.027243940029685      25    
54098.95791414664    4.371251206866947      1.0321869761571243     25    
54099.45791414664    4.262787580111802      1.0651001277463858     25    
54099.95791414664    4.120639541975554      1.042149173183261      25    
54100.45791414664    3.965290394563403      1.0270065022837398     25    
54100.95791414664    3.8132736115660038     1.0675476502154095     25    
54101.45791414664    3.6754092401605183     1.133400871279484      25    
54101.95791414664    3.5787682191391        1.1991047750167039     25    
54102.45791414664    3.519716187815016      1.2843149556508713     25    
54102.95791414664    3.5140381791505764     1.405105698452242      25    
54103.45791414664    3.547896398764586      1.5667133161432711     25    
54103.95791414664    3.5939165679531753     1.841140288472747      25    
54104.45791414664    3.6493331862935996     2.1339914913039095     25    
54104.95791414664    3.6780043324905707     2.256314427021051      25    
54105.45791414664    3.6828837996188417     2.2562042780299807     25    
54105.95791414664    3.6425259462860753     2.0527581965569204     25    
54106.45791414664    3.5604546127447927     1.6151482372588817     25    
54106.95791414664    3.458075041189753      1.352224541977397      25    
54107.45791414664    3.3344411503377596     1.3376231956841684     25    
54107.95791414664    3.2148479331789184     1.6132964508198389     25    
54108.45791414664    3.0988032587859777     2.0749999158698476     25    
54108.95791414664    3.0027827798641575     2.3809736798553893     25    
54109.45791414664    2.9289660296295525     2.577627375767305      25    
54109.95791414664    2.872733428886216      2.6584618330140146     25    
54110.45791414664    2.834554220218047      2.618994638680937      25    
54110.95791414664    2.809349925379082      2.51633529776349       25    
54111.45791414664    2.7967231990433263     2.346794829278879      25    
54111.95791414664    2.7923714750706012     2.1400526482629005     25    
54112.45791414664    2.7955012382642983     1.9007479134172525     25    
54112.95791414664    2.8022531536832003     1.6313580379424786     25    
54113.45791414664    2.8113434136034012     1.3102665457682139     25    
54113.95791414664    2.819450036939313      0.9842112689664478     25    
54114.45791414664    2.8247048007830546     0.5336738267478102     25    
54114.95791414664    2.8244137703474004     0.6763561337272112     25    
54115.45791414664    2.8160404755256936     1.2578387829218538     25    
54115.95791414664    2.7975647910645267     2.298006290395554      25    
54116.45791414664    2.765805513553744      2.765805513571822      25    