#mB  c  mBmB x1x1 cc mBx1 mBc x1c
17.732462969787154  -0.3  0.0027827077158569867  0.24168907090026875  0.0008450676854827593  -0.003307496713349787  0.0009356589071296171  0.0029816102612859672
17.7318393015878  0.3  0.0029960975529886324  0.16126583336877645  0.0010141701071512206  -0.0011450985050186814  0.001195486355167661  0.0033937755990883387
18.237183558653804  0.0  0.0030117008053809555  0.21515248904538323  0.0009775069823499045  -0.002198899150675127  0.001102021432989326  0.003648561963116856
18.737183558653804  0.0  0.003391800661193771  0.25700598134785585  0.0011220602933086198  -0.0027143500255505677  0.0012114004304388504  0.004497951551548732
19.237183558653804  0.0  0.004249610238655071  0.3237985884309806  0.0014430658251026914  -0.003989865836508606  0.001446238484319601  0.005988541316792933
18.736062987530012  -0.15  0.0034319970032921578  0.27339235572474835  0.0010557598669007461  -0.00411951276541188  0.001094017172568478  0.003951680684009368
18.735787371126584  0.15  0.0034274774021567987  0.2480808088272951  0.0012150753711737258  -0.0015239701296676593  0.0013481356319825324  0.005061010923242698
19.732462969787154  -0.3  0.007135852756476508  0.5275880764054464  0.0019489510640134666  -0.015100915597449388  0.0014499887971880466  0.0050755120457921625
19.7318393015878  0.3  0.005806329519171207  0.3929891698632696  0.0023478735543799117  -0.0014733528343964543  0.002495354507241855  0.009710266866202537
