57769.58375079657    1407.8278223844457    212.0945275303427     25    
57770.08375079657    1679.473781431996     210.29018275300882    25    
57770.58375079657    1970.2551557903346    214.15424246060664    25    
57771.08375079657    2278.8860648434006    237.15287628170393    25    
57771.58375079657    2604.384010395995     259.53844071400874    25    
57772.08375079657    2945.317768916785     264.03137819810473    25    
57772.58375079657    3300.8451064897167    262.61267343063247    25    
57773.08375079657    3669.3996139404358    263.6293827473945     25    
57773.58375079657    4050.2691643597914    264.5936960226284     25    
57774.08375079657    4441.76232020265      265.39285369196745    25    
57774.58375079657    4843.286904294508     266.09107195560455    25    
57775.08375079657    5253.036607991709     266.6948298116427     25    
57775.58375079657    5670.529046582153     267.351760751752      25    
57776.08375079657    6094.169039317794     268.3228847931441     25    
57776.58375079657    6522.922183024973     269.71769357624663    25    
57777.08375079657    6955.422754171919     271.96386826315273    25    
57777.58375079657    7387.306275143786     275.0384335537395     25    
57778.08375079657    7805.950898837785     279.5580561557011     25    
57778.58375079657    8208.624236186077     284.77849391789323    25    
57779.08375079657    8576.881998966675     288.489606042354      25    
57779.58375079657    8910.340105300345     291.0594655646947     25    
57780.08375079657    9189.988250636132     291.7972475156033     25    
57780.58375079657    9420.402245173918     291.4785013949845     25    
57781.08375079657    9609.211399092062     294.45691418838675    25    
57781.58375079657    9758.448758096307     299.84205922257723    25    
57782.08375079657    9888.803211415534     306.1459488447054     25    
57782.58375079657    9999.989843021645     312.8977366097272     25    
57783.08375079657    10112.180203056185    313.99572584348954    25    
57783.58375079657    10223.518652449002    310.1905122582216     25    
57784.08375079657    10330.509144758389    304.68718093509415    25    
57784.58375079657    10432.800989840576    297.4386173583849     25    
57785.08375079657    10514.846655430369    296.2576348789527     25    
57785.58375079657    10576.989712823153    301.0758334581641     25    
57786.08375079657    10604.839819503664    302.81444286664043    25    
57786.58375079657    10598.171397254218    301.3537435400735     25    
57787.08375079657    10559.139753205089    299.71362274669514    25    
57787.58375079657    10487.1149708961      297.81516160385195    25    
57788.08375079657    10393.075327189077    299.0480354914469     25    
57788.58375079657    10276.990184888527    304.2361556379454     25    
57789.08375079657    10148.584150512132    306.5153403759787     25    
57789.58375079657    10008.968353504364    306.39980410575333    25    
57790.08375079657    9858.546104578458     291.85026721405785    25    
57790.58375079657    9698.204219609606     253.25811833718248    25    
57791.08375079657    9523.110775233401     226.32226183765397    25    
57791.58375079657    9332.983169118568     227.82747914752886    25    
57792.08375079657    9124.160269408727     230.57097811276137    25    
57792.58375079657    8894.589028098932     229.08528073494193    25    
57793.08375079657    8650.224038247776     226.39957502839536    25    
57793.58375079657    8390.12757726794      221.50531778720665    25    
57794.08375079657    8125.762996022025     218.87803772828636    25    
57794.58375079657    7858.799617607701     221.2526756831266     25    
57795.08375079657    7598.973861897299     222.92922862279892    25    
57795.58375079657    7349.808412694244     221.83621255707854    25    
57796.08375079657    7114.708061315609     219.25113485478568    25    
57796.58375079657    6896.217846549177     214.3025812520787     25    
57797.08375079657    6693.857402593428     210.63242451145206    25    
57797.58375079657    6507.88808757116      211.36620128815397    25    
57798.08375079657    6338.64707616515      212.4064069318495     25    
57798.58375079657    6186.63558793571      211.82598197156682    25    
57799.08375079657    6051.137528537806     209.98988697114726    25    
57799.58375079657    5932.2030050646845    205.47780488941865    25    
57800.08375079657    5828.485254261068     201.63157287533022    25    
57800.58375079657    5739.201653751102     202.19576326312776    25    
57801.08375079657    5663.332050060087     203.7512406502069     25    
57801.58375079657    5600.182755524692     204.0578883095102     25    
57802.08375079657    5548.103763385166     203.5817393232999     25    
57802.58375079657    5505.665943804275     202.60850254347469    25    
57803.08375079657    5470.930867241978     199.39026244262084    25    
57803.58375079657    5441.285824962808     189.0082183893613     25    
57804.08375079657    5415.332333789703     177.35579620379087    25    
57804.58375079657    5389.880839264049     175.59487726234548    25    
57805.08375079657    5364.5842816775175    177.65087057560422    25    
57805.58375079657    5337.116216349291     175.99726853326806    25    
57806.08375079657    5307.742422565188     174.40652275851696    25    
57806.58375079657    5275.783937194577     178.1153707071888     25    
57807.08375079657    5241.131451130557     183.5886807414889     25    
57807.58375079657    5203.063161430341     185.45189123302103    25    
57808.08375079657    5161.695312398072     184.96666695557468    25    
57808.58375079657    5116.761872603419     180.48829863026336    25    
57809.08375079657    5068.505251739221     174.6564174575421     25    
57809.58375079657    5017.491396185373     178.28488412648161    25    
57810.08375079657    4963.780532445635     186.9410417102226     25    
57810.58375079657    4908.095152374508     191.39398658399642    25    
57811.08375079657    4850.301556744205     193.10576587632426    25    
57811.58375079657    4790.483045882718     190.15307020268025    25    
57812.08375079657    4728.437579957319     183.83770589410798    25    
57812.58375079657    4663.0586030724635    182.53312616609145    25    
57813.08375079657    4594.325328134896     184.99703215800193    25    
57813.58375079657    4520.979195395803     188.1134393429468     25    
57814.08375079657    4443.104416946386     191.6680439819471     25    
57814.58375079657    4360.182374166238     191.08572156387427    25    
57815.08375079657    4272.297669067741     186.31930177629886    25    
57815.58375079657    4180.374249786179     166.9194084819657     25    
57816.08375079657    4084.3962318052404    127.47288758951096    25    
57816.58375079657    3985.301524819337     103.19625781249174    25    
57817.08375079657    3883.0600010849994    105.13457922375494    25    
57817.58375079657    3779.087955897186     104.37889611552988    25    
57818.08375079657    3673.310304393311     100.03679470611723    25    
57818.58375079657    3568.143313258083     98.5555399827184      25    
57819.08375079657    3463.5445966934094    100.42625423089989    25    
57819.58375079657    3361.981915992399     103.45962757068969    25    
57820.08375079657    3263.542465012752     107.87172113759709    25    
57820.58375079657    3169.744679872402     108.6458105439867     25    
57821.08375079657    3080.8627275663625    104.77694044575905    25    
57821.58375079657    2996.39457531354      99.93212789902974     25    
57822.08375079657    2916.370606962793     94.46251764685641     25    
57822.58375079657    2840.2793201491872    88.63620093363231     25    
57823.08375079657    2768.084909197204     82.1259988781841      25    
57823.58375079657    2699.3694641997163    77.73718502829749     25    
57824.08375079657    2634.0729523949276    77.33236495133491     25    
57824.58375079657    2571.8988851370364    76.98120636136147     25    
57825.08375079657    2512.8030007707775    75.38901420772432     25    
57825.58375079657    2456.499386438813     73.80193292244095     25    
57826.08375079657    2402.9366593319173    72.3533422633343      25    
57826.58375079657    2351.8392090028374    71.47912913217543     25    
57827.08375079657    2303.141799372487     71.51550630909858     25    
57827.58375079657    2256.5833968789116    72.01950431742237     25    
57828.08375079657    2212.08346494228      71.61690323105844     25    
57828.58375079657    2169.3969941168307    74.82553227909227     25    
57829.08375079657    2128.4267000910954    85.52917949417812     25    
57829.58375079657    2088.9450447663958    94.58412073573498     25    
57830.08375079657    2050.836548868733     96.20000953663224     25    
57830.58375079657    2013.8925928774063    99.89082220424915     25    