52973.56275074546    0.8328058052517402    0.25510135143962703    25    
52974.06275074546    0.969565071820511     0.24837226886677716    25    
52974.56275074546    1.1175653719496799    0.2437791020029711     25    
52975.06275074546    1.277392098341667     0.2698949141336924     25    
52975.56275074546    1.4488936042897296    0.3351526818074311     25    
52976.06275074546    1.6323417144548498    0.39560928469561224    25    
52976.56275074546    1.8282363128978878    0.4226381801396976     25    
52977.06275074546    2.0363422801905764    0.4240098055640899     25    
52977.56275074546    2.2571004223569835    0.4184267389878982     25    
52978.06275074546    2.490868109055368     0.4184195968885066     25    
52978.56275074546    2.737440759658022     0.4190269867391993     25    
52979.06275074546    2.997371155791051     0.4194293822547615     25    
52979.56275074546    3.270817146949077     0.4195888964746775     25    
52980.06275074546    3.5577187028270294    0.41953593949249207    25    
52980.56275074546    3.858675394856152     0.4192780741948951     25    
52981.06275074546    4.173613086713973     0.41876583810210427    25    
52981.56275074546    4.502705769832562     0.4180880078913969     25    
52982.06275074546    4.846591483509307     0.4173174237295657     25    
52982.56275074546    5.205606777268668     0.4159350389533453     25    
52983.06275074546    5.578685150579777     0.4152676177812018     25    
52983.56275074546    5.966459246844442     0.4170937937926917     25    
52984.06275074546    6.3712174898397       0.4213122220734274     25    
52984.56275074546    6.780228894999579     0.42547861300446715    25    
52985.06275074546    7.188634989400553     0.4278940260141158     25    
52985.56275074546    7.599199659575338     0.4294637097144        25    
52986.06275074546    7.992971944825699     0.430896714073105      25    
52986.56275074546    8.368265361805765     0.43256698721897924    25    
52987.06275074546    8.724066371182353     0.4340837833764703     25    
52987.56275074546    9.043757948351292     0.43494189047099635    25    
52988.06275074546    9.325205842718725     0.4347567426262985     25    
52988.56275074546    9.574084188905017     0.43433650478898245    25    
52989.06275074546    9.792466171434496     0.43464910398174783    25    
52989.56275074546    9.976834020660146     0.43552469655677367    25    
52990.06275074546    10.137988074141317    0.4367684755945349     25    
52990.56275074546    10.283608871836373    0.4385561152091513     25    
52991.06275074546    10.409436473539719    0.44093625432677647    25    
52991.56275074546    10.526360657610631    0.44252522613856543    25    
52992.06275074546    10.64024634207608     0.44723997416723266    25    
52992.56275074546    10.74722572622506     0.4510744022652246     25    
52993.06275074546    10.847353043291594    0.4361037774540781     25    
52993.56275074546    10.942708032071359    0.38202321144480333    25    
52994.06275074546    11.029828160874288    0.3054868815665309     25    
52994.56275074546    11.103130311539354    0.25555669657876273    25    
52995.06275074546    11.164668476543705    0.2538850520793111     25    
52995.56275074546    11.210976943651696    0.2683270518489714     25    
52996.06275074546    11.23729513871458     0.2709039646451463     25    
52996.56275074546    11.244920905053098    0.2703399038158466     25    
52997.06275074546    11.23521637693152     0.26932692213773146    25    
52997.56275074546    11.207737714835703    0.26787834151511053    25    
52998.06275074546    11.162723619267881    0.2659778974139174     25    
52998.56275074546    11.10518386802479     0.2648793537958677     25    
52999.06275074546    11.035294555027033    0.2655026666778447     25    
52999.56275074546    10.953619446595845    0.26682297163004615    25    
53000.06275074546    10.864820644562318    0.26710784147912137    25    
53000.56275074546    10.768863965409965    0.2639045882830886     25    
53001.06275074546    10.665319246946252    0.2625899251800347     25    
53001.56275074546    10.55498734950919     0.2708839304890497     25    
53002.06275074546    10.438172865070428    0.28919289743274257    25    
53002.56275074546    10.313045218484234    0.3057730590061378     25    
53003.06275074546    10.178430976481547    0.3125181303177295     25    
53003.56275074546    10.034970752199763    0.31339535162836873    25    
53004.06275074546    9.881074578777818     0.3127718212249496     25    
53004.56275074546    9.71495518360068      0.31240784662006743    25    
53005.06275074546    9.53815890263758      0.3111518389605142     25    
53005.56275074546    9.354222000774493     0.3095286095875431     25    
53006.06275074546    9.16120751192041      0.3071549031484414     25    
53006.56275074546    8.962639881526853     0.30470278859415334    25    
53007.06275074546    8.765245100388228     0.30361095355628726    25    
53007.56275074546    8.566296889094168     0.3041988485617459     25    
53008.06275074546    8.370589897832142     0.3050273832365713     25    
53008.56275074546    8.183799838349358     0.3054057521240705     25    
53009.06275074546    8.003689828988108     0.306223306835917      25    
53009.56275074546    7.832125513308707     0.30357379127282663    25    
53010.06275074546    7.67098560427784      0.29222006604135253    25    
53010.56275074546    7.519208398615847     0.2742966657174639     25    
53011.06275074546    7.375150956377759     0.26111987573619533    25    
53011.56275074546    7.238870348605585     0.2596829468321005     25    
53012.06275074546    7.110045390354473     0.26360082664846657    25    
53012.56275074546    6.987028856367671     0.2656775382752818     25    
53013.06275074546    6.870330388771387     0.2657846531069665     25    
53013.56275074546    6.759062779209003     0.2652892859850679     25    
53014.06275074546    6.651874220732054     0.264058423309554      25    
53014.56275074546    6.549439231432424     0.26170520826918037    25    
53015.06275074546    6.450436651597115     0.2598120899799488     25    
53015.56275074546    6.353959305356596     0.2600116368239207     25    
53016.06275074546    6.260523813600298     0.26169993505942607    25    
53016.56275074546    6.168565809242532     0.26313251720408337    25    
53017.06275074546    6.077507575034394     0.26362811217882537    25    
53017.56275074546    5.987690678409966     0.2636438078373769     25    
53018.06275074546    5.89846888487077      0.26293071842197174    25    
53018.56275074546    5.809602232793226     0.26310958472855717    25    
53019.06275074546    5.721495320739448     0.2612851078503601     25    
53019.56275074546    5.63452598325947      0.2518042337466416     25    
53020.06275074546    5.54852602323652      0.23055467311759575    25    
53020.56275074546    5.463804919480298     0.2077002562728439     25    
53021.06275074546    5.380791993429005     0.19774986846837111    25    
53021.56275074546    5.2994067051365406    0.19908996746165986    25    
53022.06275074546    5.219192310272328     0.20191580122256286    25    
53022.56275074546    5.140238596727567     0.20021186056506118    25    
53023.06275074546    5.06245561294289      0.1974518392946293     25    
53023.56275074546    4.9843046290549715    0.19585782636089724    25    
53024.06275074546    4.905850473110334     0.19657659843485648    25    
53024.56275074546    4.826784428933621     0.19828614210498643    25    
53025.06275074546    4.7455794146225685    0.19949805480114186    25    
53025.56275074546    4.662231773323713     0.20054734343286706    25    
53026.06275074546    4.577015541701417     0.20095448680915426    25    
53026.56275074546    4.489717420403614     0.2001183210447699     25    
53027.06275074546    4.399949208721549     0.19883570139237686    25    
53027.56275074546    4.309544810831        0.1943722116413526     25    
53028.06275074546    4.219532491280559     0.1821236974366487     25    
53028.56275074546    4.129315767329644     0.16193972637792023    25    
53029.06275074546    4.040981458699804     0.1445303965709732     25    
53029.56275074546    3.955241162623696     0.13988512195469188    25    
53030.06275074546    3.8716704037518115    0.14224768236842214    25    
53030.56275074546    3.7911213643394497    0.14310443346300497    25    
53031.06275074546    3.714094224882282     0.14087161713342047    25    
53031.56275074546    3.6396818529133013    0.13835071068943008    25    
53032.06275074546    3.5668788059817977    0.1371173968955417     25    
53032.56275074546    3.4961717592229227    0.1371959667805654     25    
53033.06275074546    3.4266245184138797    0.13778391206673862    25    
53033.56275074546    3.3572560879161735    0.1384791269176994     25    
53034.06275074546    3.2884785647924515    0.1395726517274435     25    
53034.56275074546    3.2199264475934277    0.14002010890091773    25    
53035.06275074546    3.15110050814906      0.1401206345322928     25    
53035.56275074546    3.0823326302535436    0.1395542987723258     25    
53036.06275074546    3.0146177884203174    0.13423333528444495    25    
53036.56275074546    2.947850056095448     0.11835695578900422    25    
53037.06275074546    2.8823132933393034    0.09578818053375042    25    
53037.56275074546    2.819071678815095     0.08028610323959358    25    
53038.06275074546    2.757905551676608     0.07939963992346913    25    
53038.56275074546    2.6991066792073393    0.0836377192580932     25    
53039.06275074546    2.6432668543658555    0.08382590633807496    25    
53039.56275074546    2.590279369685758     0.08208236682309733    25    
53040.06275074546    2.5398960149096523    0.08030010107528017    25    
53040.56275074546    2.49203223712731      0.07930122301898253    25    
53041.06275074546    2.446741908901554     0.07872012301835832    25    
53041.56275074546    2.403724932550295     0.07854442048945588    25    
53042.06275074546    2.362951094461777     0.0790758156217378     25    
53042.56275074546    2.324402044685004     0.07995423504855796    25    
53043.06275074546    2.2877508339873387    0.08016708683446609    25    
53043.56275074546    2.2530903630884596    0.07938041194982187    25    
53044.06275074546    2.2202486498662153    0.07823095221431611    25    
53044.56275074546    2.188897608598553     0.07743407305548772    25    
53045.06275074546    2.1591875624494516    0.07715255592324179    25    
53045.56275074546    2.1308400161304517    0.07647716385933663    25    
53046.06275074546    2.1035991704661363    0.07427819225421949    25    
53046.56275074546    2.0775996374718653    0.07057793383736673    25    
53047.06275074546    2.05255438166211      0.06749596988890601    25    
53047.56275074546    2.028324138814647     0.06691113554348427    25    
53048.06275074546    2.004986274461211     0.06774316655588113    25    
53048.56275074546    1.9823911874182971    0.068147415468743      25    
53049.06275074546    1.9605438648363427    0.06759593545817108    25    
53049.56275074546    1.9394194125674016    0.06669903031241681    25    
53050.06275074546    1.9189011942174692    0.06573300840221621    25    
53050.56275074546    1.8990314758906823    0.06459669074676895    25    
53051.06275074546    1.8797365420358745    0.06344907082154211    25    
53051.56275074546    1.8609228305041425    0.06254314367822328    25    
53052.06275074546    1.8426398715138288    0.06181563625401816    25    
53052.56275074546    1.8247836111544538    0.06127088267184271    25    
53053.06275074546    1.8072955259456176    0.06110210483736292    25    
53053.56275074546    1.79020848137308      0.06124600464831812    25    
53054.06275074546    1.773400049590443     0.06085913938876943    25    
53054.56275074546    1.7568587102091915    0.05912729038874167    25    
53055.06275074546    1.7405767351357362    0.05680884481368461    25    
53055.56275074546    1.7244308495523697    0.05550383625291284    25    
53056.06275074546    1.70845181296217      0.05524177119432172    25    
53056.56275074546    1.6925840624690967    0.05605832761073437    25    
53057.06275074546    1.6767218349593231    0.0581246088342056     25    