53251.71098205415    1.977081342828        0.5280027994521287     25    
53252.21098205415    2.2848731108997735    0.5188872525620314     25    
53252.71098205415    2.6160487863468096    0.5119847843368077     25    
53253.21098205415    2.971382364060515     0.546278253541934      25    
53253.71098205415    3.3507143035210674    0.6416791381918082     25    
53254.21098205415    3.7543079785777027    0.7389983174078331     25    
53254.71098205415    4.1828797139805936    0.78900864870755       25    
53255.21098205415    4.636145017237239     0.7951817309990427     25    
53255.71098205415    5.11454988431079      0.7864697735716096     25    
53256.21098205415    5.618714523049353     0.7851191479774222     25    
53256.71098205415    6.148306382509412     0.7862280259379166     25    
53257.21098205415    6.70391563400719      0.7869991981919854     25    
53257.71098205415    7.286027921727928     0.7873311213417543     25    
53258.21098205415    7.894339529798705     0.7872746090473371     25    
53258.71098205415    8.529546358128018     0.7868588779924149     25    
53259.21098205415    9.191961040477409     0.7860361361519855     25    
53259.71098205415    9.881385589566223     0.7848373535985796     25    
53260.21098205415    10.598583187134393    0.783567178229999      25    
53260.71098205415    11.344683147648277    0.7814346835310666     25    
53261.21098205415    12.118591761259207    0.7793217923888716     25    
53261.71098205415    12.917739158503316    0.7804622174325754     25    
53262.21098205415    13.750764895489517    0.7870233060899651     25    
53262.71098205415    14.604340908503845    0.7957281939727695     25    
53263.21098205415    15.45382348973681     0.8021649204373706     25    
53263.71098205415    16.31135687139379     0.8060140159789607     25    
53264.21098205415    17.156217087395717    0.8089507573360004     25    
53264.71098205415    17.95774806155548     0.8120875116176717     25    
53265.21098205415    18.730026160900668    0.8154334389296845     25    
53265.71098205415    19.45104039359766     0.8181305061017942     25    
53266.21098205415    20.094391142111277    0.81921574298168       25    
53266.71098205415    20.668086505703968    0.8186599884376354     25    
53267.21098205415    21.180291354203714    0.8183249447774896     25    
53267.71098205415    21.630364312299356    0.8195315286374583     25    
53268.21098205415    22.01715131921528     0.8215873489087218     25    
53268.71098205415    22.364648365748224    0.8242802928241796     25    
53269.21098205415    22.678462307153477    0.8282434022606909     25    
53269.71098205415    22.955850203321567    0.8328551767184458     25    
53270.21098205415    23.219066700675917    0.8355927387591576     25    
53270.71098205415    23.47381495366651     0.8452949072119067     25    
53271.21098205415    23.713802468250158    0.8493115033516553     25    
53271.71098205415    23.93891485773111     0.818341919990301      25    
53272.21098205415    24.15335385500999     0.7228929460717398     25    
53272.71098205415    24.348978590632854    0.5980597247826139     25    
53273.21098205415    24.51502121113074     0.5232548951488409     25    
53273.71098205415    24.656187803490795    0.5223830939433726     25    
53274.21098205415    24.76517106283547     0.5454279772264591     25    
53274.71098205415    24.832292267348873    0.5499926096530336     25    
53275.21098205415    24.859924383847247    0.5490892618348179     25    
53275.71098205415    24.851597346537734    0.5473473778864555     25    
53276.21098205415    24.80725722397784     0.5449567212843462     25    
53276.71098205415    24.72590691309185     0.5416220260553729     25    
53277.21098205415    24.61848315992878     0.5394045230531758     25    
53277.71098205415    24.488237550331682    0.5401501929486254     25    
53278.21098205415    24.33334512369105     0.5425873723892648     25    
53278.71098205415    24.16443528683005     0.543996843055244      25    
53279.21098205415    23.984575103338702    0.5395240304805018     25    
53279.71098205415    23.79090830730334     0.5351319615843143     25    
53280.21098205415    23.584154638708707    0.5436165735166374     25    
53280.71098205415    23.366481888338406    0.5724777641815679     25    
53281.21098205415    23.133965291769197    0.6049033096465872     25    
53281.71098205415    22.881137006080674    0.6228767732189247     25    
53282.21098205415    22.610182725025997    0.6271748196306205     25    
53282.71098205415    22.317789907682812    0.626200152971436      25    
53283.21098205415    21.998676694691312    0.6257703003499129     25    
53283.71098205415    21.653051243075573    0.6241512968964614     25    
53284.21098205415    21.28608835680577     0.6214723206693328     25    
53284.71098205415    20.899430403515808    0.6179645458595668     25    
53285.21098205415    20.490777432273532    0.6132206945527596     25    
53285.71098205415    20.072734726243837    0.6095267503353208     25    
53286.21098205415    19.649850509333465    0.6089429503354529     25    
53286.71098205415    19.21936987452746     0.6102621150850107     25    
53287.21098205415    18.794348705611238    0.6108346504965354     25    
53287.71098205415    18.377538245220023    0.6128076441376262     25    
53288.21098205415    17.967260346340463    0.6133439329838035     25    
53288.71098205415    17.57015401324101     0.602097607782555      25    
53289.21098205415    17.18678296744806     0.5682523817426697     25    
53289.71098205415    16.81620605033137     0.5259441633580891     25    
53290.21098205415    16.459461668429732    0.501575230355915      25    
53290.71098205415    16.116241960331404    0.5015451478922034     25    
53291.21098205415    15.786953715027556    0.5097051244550547     25    
53291.71098205415    15.472503654547186    0.5119208081328234     25    
53292.21098205415    15.173212290802168    0.5113724293809512     25    
53292.71098205415    14.887182282610373    0.5097980912682559     25    
53293.21098205415    14.613525361323786    0.5067765598863848     25    
53293.71098205415    14.353302791655882    0.5019796435235305     25    
53294.21098205415    14.102044353109843    0.4983531190492825     25    
53294.71098205415    13.857801861983795    0.4985443025134086     25    
53295.21098205415    13.62180756570986     0.5011775236052476     25    
53295.71098205415    13.389354778772823    0.5032331002314846     25    
53296.21098205415    13.158774282669235    0.5036369905474191     25    
53296.71098205415    12.93125705487427     0.5031907926446446     25    
53297.21098205415    12.70552695688643     0.5014086212672053     25    
53297.71098205415    12.480468178446266    0.5011720622979227     25    
53298.21098205415    12.257732356406759    0.49804310631635706    25    
53298.71098205415    12.03968450186543     0.4825942293577007     25    
53299.21098205415    11.825458742507477    0.4457694776803379     25    
53299.71098205415    11.616412945202438    0.40284636452246264    25    
53300.21098205415    11.414958420660929    0.37953184597325956    25    
53300.71098205415    11.220840434832924    0.3788690899710449     25    
53301.21098205415    11.033183423861825    0.38440257122404203    25    
53301.71098205415    10.852066554939261    0.3825749456904484     25    
53302.21098205415    10.678259073250723    0.37744869043504453    25    
53302.71098205415    10.50758523249142     0.37335971938785945    25    
53303.21098205415    10.337977985581862    0.37329697392557776    25    
53303.71098205415    10.170780512960494    0.3759178823984573     25    
53304.21098205415    10.001497357115513    0.3784188000181851     25    
53304.71098205415    9.828114852694556     0.3800125676022462     25    
53305.21098205415    9.652018088948848     0.38117393615056255    25    
53305.71098205415    9.472410062282044     0.38013774429318187    25    
53306.21098205415    9.287610673689716     0.3779483259609299     25    
53306.71098205415    9.099924673326589     0.37294597610322805    25    
53307.21098205415    8.913546961948699     0.36006551865018205    25    
53307.71098205415    8.727076973693443     0.3323681903294504     25    
53308.21098205415    8.542729214798628     0.29983223682897786    25    
53308.71098205415    8.364735327497367     0.2812121823405624     25    
53309.21098205415    8.192036610268959     0.2801853551161951     25    
53309.71098205415    8.025323055363728     0.28433457424298836    25    
53310.21098205415    7.8663185518311876    0.2828193836778573     25    
53310.71098205415    7.715073216294722     0.2783939357684734     25    
53311.21098205415    7.56885132779631      0.274404690185684      25    
53311.71098205415    7.426232461524865     0.27299135630568305    25    
53312.21098205415    7.2881745951185595    0.27330151067653347    25    
53312.71098205415    7.151645389534355     0.2741439585317431     25    
53313.21098205415    7.01528231021506      0.27540882549998286    25    
53313.71098205415    6.879939608666185     0.2771053008412613     25    
53314.21098205415    6.7443282757826335    0.2773535104660256     25    
53314.71098205415    6.607424603935524     0.2781186080505486     25    
53315.21098205415    6.470415921513279     0.2766768037068542     25    
53315.71098205415    6.335160463039986     0.2646741094488622     25    
53316.21098205415    6.201071661472572     0.23164454973707505    25    
53316.71098205415    6.069098007311659     0.1874726710943388     25    
53317.21098205415    5.9412512822476895    0.15884587233340017    25    
53317.71098205415    5.81693366369547      0.15749300303794359    25    
53318.21098205415    5.696846391988061     0.16545703187134403    25    
53318.71098205415    5.582175162899973     0.16592702050717392    25    
53319.21098205415    5.472671787400075     0.1630017234689164     25    
53319.71098205415    5.367955204205673     0.15997264191986954    25    
53320.21098205415    5.267889945906993     0.15823926856876624    25    
53320.71098205415    5.172590467914301     0.15724039195431574    25    
53321.21098205415    5.081615990502729     0.15690503256546917    25    
53321.71098205415    4.994825780708736     0.15762987149989732    25    
53322.21098205415    4.91230517783403      0.15916648814504705    25    
53322.71098205415    4.833509143365721     0.15987261063989402    25    
53323.21098205415    4.758458984315633     0.1588308557659543     25    
53323.71098205415    4.687065032155323     0.1569185714516947     25    
53324.21098205415    4.618620952711773     0.15523215477423627    25    
53324.71098205415    4.5532795130887       0.15478092920084985    25    
53325.21098205415    4.490788482004192     0.1539192592649704     25    
53325.71098205415    4.430468746783355     0.15002916288145235    25    
53326.21098205415    4.372540986041637     0.14118588520389538    25    
53326.71098205415    4.316694815619849     0.13147000567069644    25    
53327.21098205415    4.262431769101726     0.12683637779587797    25    
53327.71098205415    4.209921473733409     0.12753846469250218    25    
53328.21098205415    4.159023709854065     0.12936808462142718    25    
53328.71098205415    4.109584450710665     0.12907336360734145    25    
53329.21098205415    4.061690496684365     0.12784879626120968    25    
53329.71098205415    4.015181360355047     0.12632400517834708    25    
53330.21098205415    3.969983678003342     0.12467453192066004    25    
53330.71098205415    3.926143910009032     0.12277617589830316    25    
53331.21098205415    3.883482965506395     0.1210630153683828     25    
53331.71098205415    3.841977102050061     0.1197193585821343     25    
53332.21098205415    3.801629925283185     0.11862483579939094    25    
53332.71098205415    3.762258115254179     0.11785217336645713    25    
53333.21098205415    3.723888960486968     0.11753554202320157    25    
53333.71098205415    3.68647278014296      0.11748550330634015    25    
53334.21098205415    3.649837249893783     0.11735848894225386    25    
53334.71098205415    3.6140434909502024    0.11697831511414405    25    
53335.21098205415    3.5789967122244963    0.11678285195626435    25    
53335.71098205415    3.544544889000409     0.11711930298965303    25    
53336.21098205415    3.5107649310758866    0.11744478256549747    25    
53336.71098205415    3.477525959163932     0.11916095328647586    25    
53337.21098205415    3.4447052702101963    0.12287690700416581    25    