49753.56202004166    5519.336070450092     1462.4681088913926    25    
49754.06202004166    6616.2283215363495    1447.9406663475816    25    
49754.56202004166    7796.121039416862     1476.9775261254645    25    
49755.06202004166    9054.828143305473     1647.9730847733708    25    
49755.56202004166    10388.584198415756    1806.9065338303271    25    
49756.06202004166    11792.9962786729      1833.5701011432766    25    
49756.56202004166    13264.503012410281    1820.9728267647256    25    
49757.06202004166    14798.510192602156    1825.4569295660947    25    
49757.56202004166    16391.65494636392     1828.7837988748483    25    
49758.06202004166    18039.147350056694    1830.524128130103     25    
49758.56202004166    19737.81746524018     1830.9796009321226    25    
49759.06202004166    21482.68521600003     1830.055910737678     25    
49759.56202004166    23270.768034002518    1828.5976503920815    25    
49760.06202004166    25099.01124539534     1842.3778828445734    25    
49760.56202004166    26959.054707454612    1832.7908520981373    25    
49761.06202004166    28853.600450707934    1709.4477331055275    25    
49761.56202004166    30740.625356600667    1558.3333118245973    25    
49762.06202004166    32571.483240367532    1542.3336778892883    25    
49762.56202004166    34307.48029883956     1580.4485438021939    25    
49763.06202004166    35871.13285901059     1593.543129024805     25    
49763.56202004166    37240.86350031395     1602.1987356100872    25    
49764.06202004166    38325.9391882259      1601.560526808764     25    
49764.56202004166    39164.68272515911     1599.1244482572426    25    
49765.06202004166    39767.86108517046     1608.4573651290627    25    
49765.56202004166    40170.58075939352     1623.9122268494893    25    
49766.06202004166    40439.82190122845     1645.015648401447     25    
49766.56202004166    40591.36714685412     1663.7105486088992    25    
49767.06202004166    40699.881613017336    1670.0948480787874    25    
49767.56202004166    40750.199310561635    1650.0013184929346    25    
49768.06202004166    40755.9014787209      1532.2066064896055    25    
49768.56202004166    40702.83763276161     1370.3407655496615    25    
49769.06202004166    40567.5176975937      1336.1996438957608    25    
49769.56202004166    40346.3986059268      1367.724170487675     25    
49770.06202004166    40012.53305706442     1367.2614529017758    25    
49770.56202004166    39575.98878779281     1358.741304471516     25    
49771.06202004166    39042.90092447365     1349.1014789257079    25    
49771.56202004166    38422.769946672386    1340.927699945663     25    
49772.06202004166    37744.048890493505    1350.087500041437     25    
49772.56202004166    37010.492822674496    1366.173303034568     25    
49773.06202004166    36252.558342236545    1373.166295558835     25    
49773.56202004166    35467.481340893864    1361.4866777237985    25    
49774.06202004166    34667.41364590568     1260.3842283766278    25    
49774.56202004166    33849.555313206365    1101.7805380374982    25    
49775.06202004166    33012.55018660462     1053.9401028045552    25    
49775.56202004166    32156.248187752713    1078.7961657120254    25    
49776.06202004166    31279.30929835218     1079.9530868163013    25    
49776.56202004166    30381.918988538455    1073.4712395593049    25    
49777.06202004166    29463.78465561296     1059.4224295542836    25    
49777.56202004166    28525.092232228748    1041.6999079478771    25    
49778.06202004166    27566.303291591572    1041.466142902209     25    
49778.56202004166    26587.60756026166     1051.8974760371698    25    
49779.06202004166    25588.51987034529     1060.31091289698      25    
49779.56202004166    24571.499362924013    1058.82534865647      25    
49780.06202004166    23547.411438090163    971.0473035345099     25    
49780.56202004166    22518.613359462426    808.0637428183625     25    
49781.06202004166    21506.44276986453     738.2416165948274     25    
49781.56202004166    20511.550089303215    750.7289838615238     25    
49782.06202004166    19556.495289342514    750.2361257529877     25    
49782.56202004166    18639.53685600708     746.3117932973024     25    
49783.06202004166    17768.59408302386     733.9288711739758     25    
49783.56202004166    16941.875036599133    715.3661783370037     25    
49784.06202004166    16152.414119435149    707.4284066746503     25    
49784.56202004166    15400.081085101072    707.9488934030768     25    
49785.06202004166    14677.726657514902    707.3630179836043     25    
49785.56202004166    13985.736940269051    706.030529299456      25    
49786.06202004166    13321.206246485415    703.9615844506401     25    
49786.56202004166    12684.518723226078    698.371855884158      25    
49787.06202004166    12077.537445492335    637.4230773675821     25    
49787.56202004166    11500.271430894923    513.3104046184723     25    
49788.06202004166    10954.710681650778    452.36520918628105    25    
49788.56202004166    10440.709240084801    467.64832405911363    25    
49789.06202004166    9957.75211126348      467.3714477341285     25    
49789.56202004166    9505.722296719587     455.60634447286       25    
49790.06202004166    9080.976773403776     453.9468307626946     25    
49790.56202004166    8683.53903542847      461.75795050042035    25    
49791.06202004166    8309.786578852934     466.1413677263169     25    
49791.56202004166    7959.754204339144     467.3487275360603     25    
49792.06202004166    7629.954811282459     461.0439104872806     25    
49792.56202004166    7320.421886421723     446.9355353913908     25    
49793.06202004166    7027.839609711931     422.8440600432845     25    
49793.56202004166    6752.238969021772     386.4664203347305     25    
49794.06202004166    6490.217126512384     370.1083796849052     25    
49794.56202004166    6241.760411611106     377.77372012424144    25    
49795.06202004166    6004.907193762559     375.3493940971174     25    
49795.56202004166    5779.5806365622675    361.00387386294733    25    
49796.06202004166    5566.066506653139     353.6894265697161     25    
49796.56202004166    5364.355585093654     354.8207960712659     25    
49797.06202004166    5174.773040916728     358.9601265638511     25    
49797.56202004166    4997.388649161251     366.3403509592446     25    
49798.06202004166    4831.464697757812     368.39295569942607    25    
49798.56202004166    4677.138307579477     365.5888375638673     25    
49799.06202004166    4531.855623705215     339.77869325197815    25    
49799.56202004166    4395.615764846956     277.88805711960333    25    
49800.06202004166    4265.8201079369055    237.35676741030866    25    
49800.56202004166    4142.302817074274     241.45389636979158    25    
49801.06202004166    4023.835399479875     241.45328868434305    25    
49801.56202004166    3910.1099470534023    230.78572047505938    25    
49802.06202004166    3802.5098565158546    227.9009995619725     25    
49802.56202004166    3701.027344466734     235.62927790097126    25    
49803.06202004166    3607.0821310836495    245.8301076582221     25    
49803.56202004166    3520.8745301389595    258.8897729517189     25    
49804.06202004166    3442.6083801565796    262.29702180474123    25    
49804.56202004166    3372.654859074243     252.91100646562424    25    
49805.06202004166    3308.6662476833367    241.84588518378857    25    
49805.56202004166    3250.5923745477       230.48621698957123    25    
49806.06202004166    3196.076250922181     220.37104445508285    25    
49806.56202004166    3144.868211657282     212.01367719636133    25    
49807.06202004166    3095.368434993301     207.66345929886083    25    
49807.56202004166    3047.1724819256906    209.25992842282656    25    
49808.06202004166    3000.3806897052814    208.9903563878887     25    
49808.56202004166    2954.936662447135     204.6184165657762     25    
49809.06202004166    2910.951118927156     199.60251316695638    25    
49809.56202004166    2868.431010834741     194.20471030815636    25    
49810.06202004166    2827.4479505349723    190.17899613071913    25    
49810.56202004166    2788.009835562829     188.33758384488146    25    
49811.06202004166    2750.1873051432185    187.629885435764      25    
49811.56202004166    2713.989257245878     186.58653522061294    25    
49812.06202004166    2679.485303366377     192.12089317926134    25    
49812.56202004166    2646.6853964983807    207.7351819690783     25    
49813.06202004166    2615.6580658189373    220.6279827516911     25    
49813.56202004166    2586.414373934829     223.13992954764115    25    
49814.06202004166    2559.0217131153854    239.4043967205849     25    