53371.39681219566    0.13519546823055426    0.06638061204905227     25    
53371.89681219566    0.15386919959944487    0.06514233272187153     25    
53372.39681219566    0.17399834484249346    0.06099500167670999     25    
53372.89681219566    0.1957601482368072     0.06507116021737223     25    
53373.39681219566    0.21932604611902093    0.08497322120701896     25    
53373.89681219566    0.24458542671658823    0.11913851491228492     25    
53374.39681219566    0.27155545294734795    0.15294717962854568     25    
53374.89681219566    0.3004133690884069     0.17872980650979656     25    
53375.39681219566    0.331313187654984      0.1925294025790758      25    
53375.89681219566    0.36410654526146163    0.19693265416172157     25    
53376.39681219566    0.39886578026016645    0.19672003201596217     25    
53376.89681219566    0.4357681369282039     0.19552138973941938     25    
53377.39681219566    0.47493858807843337    0.19637270069271753     25    
53377.89681219566    0.5162142504740559     0.19768196739014368     25    
53378.39681219566    0.5597110220209387     0.19888027055298738     25    
53378.89681219566    0.6056061469961891     0.19993695726519903     25    
53379.39681219566    0.6539839426293602     0.20082970641598025     25    
53379.89681219566    0.7046902375943603     0.20158069456254168     25    
53380.39681219566    0.7578728734696544     0.2022145974367645      25    
53380.89681219566    0.8137090945323522     0.20275486127571343     25    
53381.39681219566    0.8722309465477531     0.20318299555997518     25    
53381.89681219566    0.9333162018623647     0.203485201937681       25    
53382.39681219566    0.9971330298463068     0.20377422671114376     25    
53382.89681219566    1.0638586747766834     0.20416689681563394     25    
53383.39681219566    1.133634559370536      0.20527217225761224     25    
53383.89681219566    1.2063452977222466     0.20688218575548148     25    
53384.39681219566    1.281776501793568      0.20772808969713785     25    
53384.89681219566    1.359741477895094      0.20653167644281709     25    
53385.39681219566    1.4418017980168707     0.20158914712417997     25    
53385.89681219566    1.5269144751379298     0.19441259559671945     25    
53386.39681219566    1.6122010751557114     0.18812419692320756     25    
53386.89681219566    1.6951236247956167     0.186153705693502       25    
53387.39681219566    1.7785943162467004     0.1890931478776928      25    
53387.89681219566    1.8609724195893846     0.194570803770629       25    
53388.39681219566    1.9382701463102094     0.20028594796992552     25    
53388.89681219566    2.0074209164504926     0.20446319534303728     25    
53389.39681219566    2.0717512009320393     0.20819133166943488     25    
53389.89681219566    2.1293441930871277     0.21152846230325648     25    
53390.39681219566    2.1768227996605933     0.21409324155705728     25    
53390.89681219566    2.2114324234728335     0.21548117541974135     25    
53391.39681219566    2.234404325634581      0.21564227069254502     25    
53391.89681219566    2.247312824057144      0.2151891544740335      25    
53392.39681219566    2.2515836469689114     0.21477504270699957     25    
53392.89681219566    2.2469184141656786     0.21475615643284607     25    
53393.39681219566    2.2318356398409653     0.21475370313127481     25    
53393.89681219566    2.2098272045830063     0.21477897382018502     25    
53394.39681219566    2.184578616114085      0.21486676594474605     25    
53394.89681219566    2.1559137677379674     0.2153403784107066      25    
53395.39681219566    2.1220884365994035     0.2161438875396841      25    
53395.89681219566    2.086440672966964      0.21653317818814852     25    
53396.39681219566    2.0523218157891443     0.21577186238526894     25    
53396.89681219566    2.0197255258751547     0.2144614850125172      25    
53397.39681219566    1.9873871910688035     0.21249629287118943     25    
53397.89681219566    1.9556789846703062     0.20858795077931006     25    
53398.39681219566    1.925000542358363      0.20120195409960953     25    
53398.89681219566    1.895967638337286      0.18740362537514849     25    
53399.39681219566    1.8677921629247352     0.16918518039406166     25    
53399.89681219566    1.8392576907068312     0.1512072029522993      25    
53400.39681219566    1.809385401561151      0.140006407105393       25    
53400.89681219566    1.7791977374087469     0.13681760848036115     25    
53401.39681219566    1.7481309172484982     0.13797028901878558     25    
53401.89681219566    1.7150940821632945     0.1394353916128292      25    
53402.39681219566    1.6791823973560562     0.13810986242915116     25    
53402.89681219566    1.6407863853186957     0.13588614524376233     25    
53403.39681219566    1.6003517295881728     0.13338198681892482     25    
53403.89681219566    1.5582566753735407     0.13082063782586176     25    
53404.39681219566    1.514392095206444      0.128185893279914       25    
53404.89681219566    1.4682493946372897     0.12520090203695286     25    
53405.39681219566    1.420998564590247      0.1224329105276958      25    
53405.89681219566    1.3738947618976514     0.12053759853638547     25    
53406.39681219566    1.326974623538792      0.12028071792073622     25    
53406.89681219566    1.279547959034599      0.12134150693148951     25    
53407.39681219566    1.2327803355098348     0.12247059550871628     25    
53407.89681219566    1.187858363534296      0.12244045893551128     25    
53408.39681219566    1.144817398482942      0.12107109341790442     25    
53408.89681219566    1.1031901375726563     0.11888218721875421     25    
53409.39681219566    1.0631983337990545     0.11586250847691233     25    
53409.89681219566    1.0250681108084068     0.11194075803031932     25    
53410.39681219566    0.9890099369839899     0.10605490224191964     25    
53410.89681219566    0.9547366303089231     0.09877000850177577     25    
53411.39681219566    0.9218219600964894     0.09173910756995168     25    
53411.89681219566    0.8899097264349791     0.0870160093915913      25    
53412.39681219566    0.8593658292698274     0.08493643739704271     25    
53412.89681219566    0.8299937462873267     0.08434652941894524     25    
53413.39681219566    0.8013762370778997     0.08401910217990537     25    
53413.89681219566    0.7731951511364812     0.08294688236530934     25    
53414.39681219566    0.7456992810938526     0.08172917777319845     25    
53414.89681219566    0.718847097781011      0.08049739623765535     25    
53415.39681219566    0.6925242721922465     0.07921483087722368     25    
53415.89681219566    0.6666286420656711     0.07766846384070378     25    
53416.39681219566    0.6411908472282314     0.07563757024673128     25    
53416.89681219566    0.6163232665916446     0.07383623270598512     25    
53417.39681219566    0.592139474248424      0.0730931141540056      25    
53417.89681219566    0.5686504717077453     0.07417963979610348     25    
53418.39681219566    0.5457853822429463     0.07665577035886954     25    
53418.89681219566    0.5236540474775424     0.07938015393067233     25    
53419.39681219566    0.5023700304421236     0.08134035607109683     25    
53419.89681219566    0.4819470297869295     0.08245847345051746     25    
53420.39681219566    0.46233466486810737    0.0832085892866635      25    
53420.89681219566    0.44355037977511597    0.08348875649764939     25    
53421.39681219566    0.42561231981028186    0.08317221867334808     25    
53421.89681219566    0.40855450285989275    0.08151286744259463     25    
53422.39681219566    0.39234216887513       0.07909851824881882     25    
53422.89681219566    0.37691169744183517    0.07729794924362758     25    
53423.39681219566    0.36220800905562844    0.07759918343531391     25    
53423.89681219566    0.3482862127609709     0.08056274936493585     25    
53424.39681219566    0.33511815149973645    0.08451382878172857     25    
53424.89681219566    0.3226368414624068     0.08771590746352592     25    
53425.39681219566    0.31079726884506664    0.08892854662687731     25    
53425.89681219566    0.2996691383035889     0.08897612167582487     25    
53426.39681219566    0.28919485159163966    0.08804575865759838     25    
53426.89681219566    0.2792902523087619     0.08603267582597182     25    
53427.39681219566    0.2699188508023621     0.08247756147090232     25    
53427.89681219566    0.2611592162216334     0.07667045734764277     25    
53428.39681219566    0.2529263990038687     0.06966244073428836     25    
53428.89681219566    0.24512001705442454    0.0630297721975685      25    
53429.39681219566    0.23772178194197785    0.05814225578898491     25    
53429.89681219566    0.2308008618091773     0.054266138431076985    25    
53430.39681219566    0.22426243228505383    0.051083922659155796    25    
53430.89681219566    0.21800654100957736    0.04819844660173718     25    
53431.39681219566    0.21203911328336666    0.04577551548375657     25    
53431.89681219566    0.2064013176268724     0.044117266154782855    25    
53432.39681219566    0.20102057492303763    0.042696189849524044    25    
53432.89681219566    0.19582521354261812    0.040885078031578426    25    
53433.39681219566    0.19083967625588397    0.03792646211584896     25    
53433.89681219566    0.18607457401140926    0.034390103243154786    25    
53434.39681219566    0.18148593494921936    0.03169215247383936     25    
53434.89681219566    0.1770341031504541     0.031699138568036286    25    
53435.39681219566    0.1727529210775603     0.0351564585026462      25    
53435.89681219566    0.16862885456856222    0.0398753616679802      25    
53436.39681219566    0.16462001105242804    0.04396524913354148     25    
53436.89681219566    0.1606924398405824     0.046393193837635516    25    
53437.39681219566    0.15687317092670974    0.0481656729999246      25    
53437.89681219566    0.15315425002619928    0.04932392588207919     25    
53438.39681219566    0.14951602051647264    0.04957036444126716     25    
53438.89681219566    0.14594275811825505    0.048415307000984946    25    
53439.39681219566    0.14244222173474258    0.04543502019536128     25    
53439.89681219566    0.13902216474722445    0.04158651473525138     25    
53440.39681219566    0.13568929590545062    0.03824127538546623     25    
53440.89681219566    0.1324449053402866     0.036605999500988085    25    
53441.39681219566    0.12928369685370888    0.036027821705904996    25    
53441.89681219566    0.12621337086575984    0.03617347798668041     25    
53442.39681219566    0.1232421830074278     0.03669781488928937     25    
53442.89681219566    0.12036915414744097    0.03757904030949374     25    
53443.39681219566    0.11759045680167328    0.03895344966136786     25    
53443.89681219566    0.11491498169486168    0.04054789165420289     25    
53444.39681219566    0.11235161295979776    0.04211739181590298     25    
53444.89681219566    0.10989566102271475    0.043500146158546686    25    
53445.39681219566    0.1075466867132721     0.0448918508875659      25    
53445.89681219566    0.10531458926573235    0.04656585321446511     25    
53446.39681219566    0.10320854998216897    0.048780463486177615    25    
53446.89681219566    0.1012213687149092     0.05193845409083601     25    
53447.39681219566    0.09935543376725071    0.055343537113973856    25    
53447.89681219566    0.09762029950789249    0.05814308351725073     25    
53448.39681219566    0.09602560018959089    0.05973397170597727     25    
53448.89681219566    0.09457437661442099    0.06061266730076005     25    
53449.39681219566    0.09325549346825206    0.060796661164167196    25    
53449.89681219566    0.09205630360706106    0.06006562342306164     25    
53450.39681219566    0.09097491244602816    0.057929320803484376    25    
53450.89681219566    0.09003642852861736    0.05363287050981767     25    
53451.39681219566    0.08920280285487918    0.04829599304770652     25    
53451.89681219566    0.08842828007387893    0.04370302862897914     25    
53452.39681219566    0.08769809581406826    0.041682149295316634    25    
53452.89681219566    0.08704922860642753    0.041529532233685044    25    
53453.39681219566    0.08643830374795171    0.04254665736375413     25    
53453.89681219566    0.08581722909415673    0.04401960392409046     25    
53454.39681219566    0.08517519063286787    0.04616168794616328     25    
53454.89681219566    0.0845384251063032     0.04921171367043972     25    
53455.39681219566    0.08388667069324575    0.05189317157391963     25    
53455.89681219566    0.0831990342717442     0.053144942652675664    25    
53456.39681219566    0.08246055440443745    0.05214043375294485     25    
53456.89681219566    0.08168695673562298    0.049704244044903444    25    
53457.39681219566    0.08090292419371059    0.047366048251819594    25    
53457.89681219566    0.08013177391393748    0.046925438244812046    25    
53458.39681219566    0.07935412671061663    0.049097009425800156    25    
53458.89681219566    0.07857656876916644    0.05235342972631612     25    
53459.39681219566    0.07782798743714046    0.05515751801302124     25    
53459.89681219566    0.07713365043915787    0.056303892599579373    25    
53460.39681219566    0.07647683793885252    0.05593802132772792     25    
53460.89681219566    0.07586046467185224    0.05484977746779752     25    
53461.39681219566    0.075297820372676      0.053762550636483955    25    
53461.89681219566    0.07480199446577437    0.05321702640615209     25    
53462.39681219566    0.0743738436913052     0.05260377711758778     25    
53462.89681219566    0.07399821247066332    0.05231062722327896     25    
53463.39681219566    0.07365898680009593    0.05292967992313182     25    
53463.89681219566    0.07335037386356742    0.05498864613524352     25    
53464.39681219566    0.07308678072540548    0.05825369283448352     25    
53464.89681219566    0.07285121564688904    0.0618732212012786      25    
53465.39681219566    0.07262434630232116    0.06514007051752577     25    
53465.89681219566    0.07240193278010582    0.06810194759277993     25    
53466.39681219566    0.07219556896768259    0.07118113486078316     25    
53466.89681219566    0.07199315327516134    0.07199315396967182     25    
53467.39681219566    0.07178206517909548    0.0717820658756483      25    
53467.89681219566    0.07155908636091246    0.07155908705963573     25    
53468.39681219566    0.0713305084529377     0.07133050915390003     25    
53468.89681219566    0.07109797585807155    0.0706357844494807      25    
53469.39681219566    0.07086305050270272    0.06848076652133883     25    
53469.89681219566    0.07062369744563576    0.06575177227712772     25    
53470.39681219566    0.07038089471444767    0.06258897067905225     25    
53470.89681219566    0.07013810774958809    0.06007801153041406     25    
53471.39681219566    0.0698984143571953     0.05947882846587568     25    
53471.89681219566    0.06965952515571061    0.061301968895272216    25    
53472.39681219566    0.06942213217759402    0.06423164512546875     25    
53472.89681219566    0.06918859244433731    0.06686037802901772     25    
53473.39681219566    0.0689609112940984     0.06814755523016203     25    
53473.89681219566    0.06873818564554673    0.0685956212896548      25    
53474.39681219566    0.06851981797982945    0.06851981870954534     25    
53474.89681219566    0.06830550356102826    0.06830550429303368     25    
53475.39681219566    0.06809518291307604    0.06809518364734236     25    
53475.89681219566    0.06788925056971676    0.06788925130621037     25    
53476.39681219566    0.06768709650552317    0.06768709724421638     25    
53476.89681219566    0.06748802464028154    0.06736025357385021     25    
53477.39681219566    0.06729190912268912    0.06689489249014527     25    
53477.89681219566    0.06709922996966133    0.06631776613983244     25    
53478.39681219566    0.06690932674029151    0.06575571919047539     25    
53478.89681219566    0.06672150335436562    0.06534544008398391     25    
53479.39681219566    0.06653588486130202    0.06509787950183277     25    
53479.89681219566    0.06635273459102983    0.06495433131942274     25    
53480.39681219566    0.06617135788890761    0.0649793212357671      25    
53480.89681219566    0.06599107150487199    0.06523869938461818     25    
53481.39681219566    0.06581225851692364    0.06581225927666051     25    
53481.89681219566    0.0656349128218311     0.0656349135836208      25    
53482.39681219566    0.06545833833938056    0.06545833910322517     25    
53482.89681219566    0.06528190884239993    0.0652819096083089      25    
53483.39681219566    0.06510617847756302    0.06510617924553928     25    
53483.89681219566    0.06493091305007401    0.06493091382012323     25    
53484.39681219566    0.0647554164797193     0.06475541725185548     25    
53484.89681219566    0.06457916518053049    0.064579165954774       25    
53485.39681219566    0.06440279313122908    0.06440279390759292     25    
53485.89681219566    0.06422588366376779    0.0642258844422701      25    
53486.39681219566    0.06404774069793275    0.0640477414786004      25    
53486.89681219566    0.06386798890727263    0.06386798969013742     25    