54621.81948303312    168.29556592926008    27.778948144918846    25    
54622.31948303312    201.17255158617368    27.549887738870186    25    
54622.81948303312    236.60689735615563    28.030581027713378    25    
54623.31948303312    274.48755769136244    31.029613401728955    25    
54623.81948303312    314.7543636217559     34.152541045120515    25    
54624.31948303312    357.27320884630683    34.91009230961673     25    
54624.81948303312    402.00508311959055    34.7171183983589      25    
54625.31948303312    448.79662344453527    34.83338954394421     25    
54625.81948303312    497.62617424318944    34.960516640592665    25    
54626.31948303312    548.3249198795777     35.06585328223826     25    
54626.81948303312    600.8847553860802     35.15446914502762     25    
54627.31948303312    655.1252165449633     35.23171624934682     25    
54627.81948303312    711.0479449417932     35.3029058358272      25    
54628.31948303312    768.4976827021085     35.44714962466747     25    
54628.81948303312    827.4649970791572     35.64127805741642     25    
54629.31948303312    887.6382888143637     35.42256687075065     25    
54629.81948303312    949.0806713526388     34.77829753035557     25    
54630.31948303312    1009.2913206246334    34.71393635363715     25    
54630.81948303312    1068.442995087089     35.32329767437581     25    
54631.31948303312    1123.2986626496383    35.84406818742519     25    
54631.81948303312    1173.8269613752866    36.20603000552483     25    
54632.31948303312    1217.417830313743     36.42913098057921     25    
54632.81948303312    1253.209741652996     36.439052478296034    25    
54633.31948303312    1282.783955001522     36.57708935941804     25    
54633.81948303312    1305.8305599579428    36.970065799322704    25    
54634.31948303312    1325.0507132059038    37.44737837335585     25    
54634.81948303312    1341.0807975539785    38.06482003693307     25    
54635.31948303312    1355.7242930617763    38.45841280766737     25    
54635.81948303312    1370.5233094341156    38.31111724183512     25    
54636.31948303312    1384.6655300014163    38.005718020283716    25    
54636.81948303312    1398.436163315501     37.707680722996194    25    
54637.31948303312    1410.6381865324188    37.53047486729992     25    
54637.81948303312    1420.244514480939     37.819999839287526    25    
54638.31948303312    1426.7627112924195    38.20368872690995     25    
54638.81948303312    1428.7212247160294    38.20092288739133     25    
54639.31948303312    1426.5774445081795    38.031930576843436    25    
54639.81948303312    1420.2041881374491    37.8415772728978      25    
54640.31948303312    1409.9792750717609    37.67294456028872     25    
54640.81948303312    1396.8635995730071    37.86803782344796     25    
54641.31948303312    1380.8984086733099    38.24065813080096     25    
54641.81948303312    1363.1479092947284    38.44411501486084     25    
54642.31948303312    1343.4877995598013    38.32294983362142     25    
54642.81948303312    1322.2190237480954    35.67109351320161     25    
54643.31948303312    1299.295530583068     30.358973579856755    25    
54643.81948303312    1274.4635878527379    27.622735438351345    25    
54644.31948303312    1247.733388065463     28.0542022288637      25    
54644.81948303312    1218.8793098159636    28.195537269754897    25    
54645.31948303312    1187.8316284178236    27.94724588622412     25    
54645.81948303312    1155.4014971375873    27.583186100698864    25    
54646.31948303312    1121.4746621707473    27.046364650389254    25    
54646.81948303312    1087.5219237239294    26.761450618798325    25    
54647.31948303312    1053.5894121803312    26.898879910903588    25    
54647.81948303312    1020.9590940738557    26.962028448886034    25    
54648.31948303312    989.9547377443853     26.86267637859627     25    
54648.81948303312    960.9217869225337     26.464630468952095    25    
54649.31948303312    934.1447361657551     25.446766049897633    25    
54649.81948303312    909.4104173394949     24.61060258763053     25    
54650.31948303312    886.6980491964002     24.626511521469407    25    
54650.81948303312    865.9281658662604     24.797420086420342    25    
54651.31948303312    847.0676660437259     24.72812664893987     25    
54651.81948303312    830.012731942262      24.542857872791814    25    
54652.31948303312    814.6772228330766     24.11730305971454     25    
54652.81948303312    800.96148139693       23.689204735642598    25    
54653.31948303312    788.703169628551      23.680905287825652    25    
54653.81948303312    777.8438148387727     23.840499289759695    25    
54654.31948303312    768.2058057731848     23.877447426031036    25    
54654.81948303312    759.7251358054348     23.845037854684158    25    
54655.31948303312    752.1309320442803     23.78364664101184     25    
54655.81948303312    745.3806280988189     23.548960201190052    25    
54656.31948303312    739.0866240532172     22.248017475716015    25    
54656.81948303312    733.247961729161      20.0981477999382      25    
54657.31948303312    727.4449450930091     19.223339523435854    25    
54657.81948303312    721.7018271333327     19.494139952263335    25    
54658.31948303312    715.7211861719557     19.45921858141669     25    
54658.81948303312    709.5173172253852     19.170952876871375    25    
54659.31948303312    702.9578740620597     19.234911039861103    25    
54659.81948303312    696.048581600738      19.694907820730517    25    
54660.31948303312    688.652624230032      19.957798853789267    25    
54660.81948303312    680.7555451875764     19.982548248127504    25    
54661.31948303312    672.3610822874913     19.740742226633934    25    
54661.81948303312    663.4373082079446     18.96433493340352     25    
54662.31948303312    654.1550711716363     19.11793058488043     25    
54662.81948303312    644.5257286808829     20.956386590127565    25    
54663.31948303312    634.6934190277423     22.34998455119977     25    
54663.81948303312    624.7178942056534     22.64882885137155     25    
54664.31948303312    614.6091434588723     22.54042890222497     25    
54664.81948303312    604.4285707646222     22.049996081187782    25    
54665.31948303312    594.0488879632195     21.575085591117055    25    
54665.81948303312    583.4197988939615     21.558414809975417    25    
54666.31948303312    572.4637376186871     21.707900493056343    25    
54666.81948303312    561.0693805917433     21.960560997995902    25    
54667.31948303312    549.2646128208122     22.124154353130752    25    
54667.81948303312    536.988466286085      22.110561610855868    25    
54668.31948303312    524.3478147799664     21.439076829149705    25    
54668.81948303312    511.49337921599124    18.059717703831506    25    
54669.31948303312    498.4622791097298     12.447206314292238    25    
54669.81948303312    485.4496182235432     10.111401855843173    25    
54670.31948303312    472.46009483133014    10.803181054559408    25    
54670.81948303312    459.6744580237439     10.622410093475294    25    
54671.31948303312    447.08199815459915    10.236130699370994    25    
54671.81948303312    434.79829513218425    10.121501976979497    25    
54672.31948303312    422.8189710421086     10.241999856099165    25    
54672.81948303312    411.26152175512004    10.46554028253447     25    
54673.31948303312    400.1200149947141     10.78930637637313     25    
54673.81948303312    389.4696701860958     10.782669032568474    25    
54674.31948303312    379.3131880312817     10.421113110016252    25    
54674.81948303312    369.62161006415096    9.998056042610685     25    
54675.31948303312    360.39700160714773    9.490331045838428     25    
54675.81948303312    351.6074020048574     9.259620705862844     25    
54676.31948303312    343.25290590655925    9.467541927634445     25    
54676.81948303312    335.3015477643826     9.617317799693158     25    
54677.31948303312    327.7523402896036     9.580115864546485     25    
54677.81948303312    320.56870850365533    9.488680320828655     25    
54678.31948303312    313.7443835313337     9.352144234382912     25    
54678.81948303312    307.24684541278594    9.212718225480126     25    
54679.31948303312    301.06507399820276    9.091217323363377     25    
54679.81948303312    295.1715073587125     9.009451460468751     25    
54680.31948303312    289.54995488928625    9.001406137822176     25    
54680.81948303312    284.178397486085      9.036810882900333     25    
54681.31948303312    279.03478323492874    9.038087427414988     25    
54681.81948303312    274.1029531370177     9.159205391184468     25    
54682.31948303312    269.3553160654745     9.671143068922293     25    
54682.81948303312    264.7808786602732     10.280363089162199    25    
54683.31948303312    260.3473104112686     10.503707857111195    25    
54683.81948303312    256.0479310861956     10.742138509482274    25    
54684.31948303312    251.84652330265575    11.488281303882932    25    