@INSTRUMENT MEGACAMPSF
@BAND i
@MAGSYS AB
@WEIGHTMAT weightmat_SNLS_i.dat
@X_FOCAL_PLANE -2.072844
@Y_FOCAL_PLANE 4.75335
#Date : MJD
#Flux : 
#Fluxerr : errors (but look at the weight matrix)
#ZP : 
#end
53210.6  1.2962699  0.506319815254  26.325526
53227.58  129.54802  0.824322893808  26.325526
53231.56  136.01563  0.945287966693  26.325526
53234.6  135.02079  0.776761047907  26.325526
53239.53  112.43435  0.794723211669  26.325526
53253.53  70.574083  0.516494157535  26.325526
53257.51  63.246015  0.546542942759  26.325526
53261.48  54.753543  0.601803448001  26.325526
53266.52  39.712865  0.619914941662  26.325526
53270.53  32.439426  0.451279903542  26.325526
53282.46  22.328447  0.505721625179  26.325526
53287.43  19.56438  0.486251999537  26.325526
53292.43  17.722118  3.08933225983  26.325526
53293.39  15.427657  0.604651167869  26.325526
53296.5  18.679282  3.19318565229  26.325526
53297.38  16.407909  0.66525726956  26.325526
53300.35  14.450887  0.485121754446  26.325526
53311.41  10.991095  0.565509992524  26.325526
53315.46  11.136758  2.42368664725  26.325526
53316.38  10.36771  0.671300387495  26.325526
53322.34  7.9710055  0.562870914322  26.325526
53328.33  7.5842001  0.622599021237  26.325526
53330.42  6.8996337  0.557324047151  26.325526
53342.43  5.2044792  2.83194636077  26.325526
53343.32  6.9276992  0.997748447763  26.325526
53350.28  4.7906488  0.59496025725  26.325526
53353.24  4.5718284  0.476918494852  26.325526
53356.22  4.1338629  0.719473719246  26.325526
53358.31  6.16402  0.895314459279  26.325526
53376.26  2.8182465  0.619628268106  26.325526
53379.24  3.1453851  0.876970128791  26.325526
53385.26  2.5324753  0.929927832718  26.325526
53389.25  1.2546903  7.24913731454  26.325526
53390.28  6.6730157  2.98747502176  26.325526
