53248.74098661792    70.3335894798319      25.557563930556675    25    
53249.24098661792    89.44802445832423     19.30902200347562     25    
53249.74098661792    111.60857086438988    26.20834676991586     25    
53250.24098661792    137.07124006137826    57.17802372453709     25    
53250.74098661792    165.98679500048277    78.70981555943281     25    
53251.24098661792    198.65959532548695    82.62514572158558     25    
53251.74098661792    235.19547644766044    80.65662553177545     25    
53252.24098661792    275.9403048101999     80.73616759706704     25    
53252.74098661792    320.9618297654729     80.86837703587081     25    
53253.24098661792    370.6405830750667     80.89566171643195     25    
53253.74098661792    425.01306951346976    80.82665254036537     25    
53254.24098661792    484.4876446796372     80.65279046048728     25    
53254.74098661792    549.0764102512009     80.38771333737805     25    
53255.24098661792    619.2967145929533     80.3478273601653      25    
53255.74098661792    695.0579947368235     80.28314351477397     25    
53256.24098661792    776.6355790660433     77.50567362968091     25    
53256.74098661792    863.8016153249051     72.13874734086995     25    
53257.24098661792    951.788958874793      69.75579615530285     25    
53257.74098661792    1040.8357815155146    70.5760082437008      25    
53258.24098661792    1124.2478880830129    71.25244000438677     25    
53258.74098661792    1202.2051915388038    71.69424691996625     25    
53259.24098661792    1268.8477949098276    71.9281105165982      25    
53259.74098661792    1323.4074373875278    71.88040620751481     25    
53260.24098661792    1367.2144483219606    71.94761978497988     25    
53260.74098661792    1399.740452601845     72.1968401858136      25    
53261.24098661792    1424.7488344688522    72.5621164056086      25    
53261.74098661792    1442.5736736067367    73.13582529020583     25    
53262.24098661792    1456.0175353023749    73.5184693326781      25    
53262.74098661792    1466.2964873220526    74.73459302086891     25    
53263.24098661792    1472.992780587841     71.96722383657868     25    
53263.74098661792    1476.5804934537994    58.49126452610359     25    
53264.24098661792    1475.7359099501707    43.681213408162684    25    
53264.74098661792    1469.9584500420847    42.3290523992567      25    
53265.24098661792    1458.573321119979     44.907280339294516    25    
53265.74098661792    1440.5177767989117    44.74050505680989     25    
53266.24098661792    1416.7022848840083    44.386354695770436    25    
53266.74098661792    1387.293820912176     43.8962571395271      25    
53267.24098661792    1353.3403411359054    43.474708742395975    25    
53267.74098661792    1316.2307783666165    43.63814790763936     25    
53268.24098661792    1276.436640101792     43.95619038032733     25    
53268.74098661792    1235.6973345469414    43.90502493901594     25    
53269.24098661792    1193.8510692446243    43.47683310042779     25    
53269.74098661792    1151.7078526879893    41.94523406610576     25    
53270.24098661792    1109.0924182630697    39.84464762360155     25    
53270.74098661792    1066.0164453997802    39.29079483328866     25    
53271.24098661792    1022.4827498879822    39.730533101141944    25    
53271.74098661792    978.4893868932462     39.690676268477496    25    
53272.24098661792    934.0803566646006     39.363678038356916    25    
53272.74098661792    889.5936018208592     38.79864254872991     25    
53273.24098661792    845.0320347461127     38.01440206220888     25    
53273.74098661792    801.0026051013409     37.68061196566588     25    
53274.24098661792    757.479205673148      37.79500870946315     25    
53274.74098661792    715.0620399495788     37.937924182954426    25    
53275.24098661792    673.7380503694479     38.263058522195735    25    
53275.74098661792    633.9420950677313     35.73291765233552     25    
53276.24098661792    595.6805972009433     28.426230362700146    25    
53276.74098661792    559.2557725388943     22.87310538065055     25    
53277.24098661792    524.6762915851153     23.023535894985674    25    
53277.74098661792    492.2331086996262     23.65075934258744     25    
53278.24098661792    462.0246137766659     23.640571185769215    25    
53278.74098661792    433.9456092183042     23.485365229112805    25    
53279.24098661792    408.07235456630025    22.992717020567824    25    
53279.74098661792    384.0219911757481     22.65562757416794     25    
53280.24098661792    361.7115766665737     22.795129663895583    25    
53280.74098661792    340.8538001424641     22.988317234935657    25    
53281.24098661792    321.27314530382694    23.083813384724984    25    
53281.74098661792    302.8852609688365     23.011002311124162    25    
53282.24098661792    285.54792469524847    22.99519954048312     25    
53282.74098661792    269.3058559324475     22.069643634791795    25    
53283.24098661792    254.15049505762443    17.807989880570027    25    
53283.74098661792    240.08227250854998    11.619595886951561    25    
53284.24098661792    227.1116021160468     9.975354717415929     25    
53284.74098661792    215.2059934353638     11.063240359951248    25    
53285.24098661792    204.3317196643313     10.811464808050891    25    
53285.74098661792    194.44767383279117    10.446449388478328    25    
53286.24098661792    185.44233498780054    10.523313019578081    25    
53286.74098661792    177.30088524404152    10.826657629370485    25    
53287.24098661792    169.90297787375408    10.998508381607081    25    
53287.74098661792    163.23660268150908    11.07542198825431     25    
53288.24098661792    157.14873726079057    10.870613203889917    25    
53288.74098661792    151.6344248917711     10.430401392794234    25    
53289.24098661792    146.4938266949139     10.009878357572111    25    
53289.74098661792    141.7331879911743     9.59910296166177      25    
53290.24098661792    137.13941861392362    9.49807611106951      25    
53290.74098661792    132.72145255466583    9.706446136412827     25    
53291.24098661792    128.37527184836117    9.517514229499046     25    
53291.74098661792    124.0950274923644     8.856022490274531     25    
53292.24098661792    119.94912093318648    8.398241039908298     25    
53292.74098661792    115.93479867679986    8.249677899820833     25    
53293.24098661792    112.11779331284855    8.255009051949278     25    
53293.74098661792    108.50187002057567    8.447482069483204     25    
53294.24098661792    105.12890436377805    8.511684217702653     25    
53294.74098661792    102.00809126881836    8.39110709451362      25    
53295.24098661792    99.14842890768794     8.009824159825483     25    
53295.74098661792    96.55267602946616     7.098303643499376     25    
53296.24098661792    94.230961124007       6.388315137977771     25    
53296.74098661792    92.19685939749031     6.568842297089396     25    
53297.24098661792    90.42048557999044     6.77648900579643      25    
53297.74098661792    88.91445235183734     6.5128811964335345    25    
53298.24098661792    87.59287007265922     6.230298851102372     25    
53298.74098661792    86.4137975289423      6.2019578544238065    25    
53299.24098661792    85.31601977402265     6.280069525937326     25    
53299.74098661792    84.22525287105483     6.462923002619791     25    
53300.24098661792    83.12917477217778     6.601892987919289     25    
53300.74098661792    81.96043845131194     6.413981898699897     25    
53301.24098661792    80.75874118128702     6.115966874519591     25    
53301.74098661792    79.5513680884316      5.965098322437188     25    
53302.24098661792    78.35173507423842     5.9755293667040705    25    
53302.74098661792    77.20767553564365     6.424598772257899     25    
53303.24098661792    76.11864540366888     7.043603263633404     25    
53303.74098661792    75.1230935340713      7.343651953552022     25    
53304.24098661792    74.21152385666504     7.455109959722606     25    
53304.74098661792    73.37498833453516     7.4135492759975135    25    
53305.24098661792    72.61239605782123     7.228590427633529     25    
53305.74098661792    71.90835792448351     6.995004085116671     25    
53306.24098661792    71.26331002308699     6.703720823694744     25    
53306.74098661792    70.66184248399972     6.454262186055668     25    
53307.24098661792    70.10461897530249     6.24640890420224      25    
53307.74098661792    69.57611953574175     6.11343645665466      25    
53308.24098661792    69.07700043712546     6.0736272527351325    25    
53308.74098661792    68.5918666023671      5.820028849163872     25    
53309.24098661792    68.12113193121365     5.23286054471253      25    
53309.74098661792    67.64976120653363     4.948407455028305     25    
53310.24098661792    67.17769098022463     5.061358797706803     25    
53310.74098661792    66.69048087089895     5.771353370625968     25    