#Date  :
#Flux  :
#Fluxerr  :
#ZP  :
#end  :
@INSTRUMENT  SDSS
@BAND  SDSS_z
@MAGSYS  AB
53974.334472  -0.7674  3.541  23.909419999999997
53977.38318  -3.121  3.579  23.909419999999997
53989.338295  -1.57  4.047  23.909419999999997
54000.314342  -7.128  5.945  23.909419999999997
54006.261013  -2.533  4.316  23.909419999999997
54007.36431  -1.694  4.94  23.909419999999997
54009.288329  0.23  4.049  23.909419999999997
54011.35245  1.755  3.558  23.909419999999997
54025.351222  -8.311  5.316  23.909419999999997
54029.281574  8.102  7.267  23.909419999999997
54031.268566  3.091  4.0  23.909419999999997
54036.27314  2.979  4.632  23.909419999999997
54039.270906  0.01921  4.015  23.909419999999997
54041.241524  0.6677  4.587  23.909419999999997
54048.264961  7.733  3.445  23.909419999999997
54052.268965  6.67  9.251  23.909419999999997
54054.28752  26.81  7.158  23.909419999999997
54055.264751  1.611  4.071  23.909419999999997
54058.263306  12.54  5.056  23.909419999999997
54060.284818  -6.438  4.952  23.909419999999997
54063.253171  2.073  4.15  23.909419999999997
