51818.89568830832    98.19028840091025     86.4773302884983      25    
51819.39568830832    136.2484573980762     69.94939279198344     25    
51819.89568830832    182.43075938049188    89.13975699598048     25    
51820.39568830832    237.57684740509634    178.61593596997966    25    
51820.89568830832    302.30186770671787    240.49487921320576    25    
51821.39568830832    377.55230378940394    250.27129501461314    25    
51821.89568830832    463.8408098120316     244.36958391907254    25    
51822.39568830832    562.212022983443      244.73450583434212    25    
51822.89568830832    673.0847821288762     244.99171859073394    25    
51823.39568830832    797.5932014196561     244.89451333388044    25    
51823.89568830832    936.0709810896961     244.47121755724538    25    
51824.39568830832    1089.7330355304875    243.67644207941044    25    
51824.89568830832    1258.8366031269356    242.6016510445422     25    
51825.39568830832    1444.986855151196     240.81699538194042    25    
51825.89568830832    1647.766435980557     239.52895601840072    25    
51826.39568830832    1869.002078093528     243.53576806487956    25    
51826.89568830832    2105.215874106471     250.25519711421256    25    
51827.39568830832    2346.044482473326     253.20999858621437    25    
51827.89568830832    2589.699651577987     254.0185978001193     25    
51828.39568830832    2819.9704229527474    255.13688226338792    25    
51828.89568830832    3036.8344679846       256.1414187879306     25    
51829.39568830832    3224.0658928198814    256.0597853612279     25    
51829.89568830832    3383.86461935509      255.1937387047559     25    
51830.39568830832    3517.8995995937626    255.57339418382355    25    
51830.89568830832    3626.833599747821     256.9857639155606     25    
51831.39568830832    3720.639736124304     259.1224458714787     25    
51831.89568830832    3799.0663605486548    261.88462476672424    25    
51832.39568830832    3871.395296591951     264.5397514041929     25    
51832.89568830832    3937.4012280457905    267.16956549538605    25    
51833.39568830832    3996.680770442532     239.2537061374505     25    
51833.89568830832    4049.422006696272     162.28486998359637    25    
51834.39568830832    4090.5840114718194    104.05470000613266    25    
51834.89568830832    4120.219047365513     115.3452826825474     25    
51835.39568830832    4133.998077431443     123.10172753521556    25    
51835.89568830832    4131.351898992169     122.12006681736732    25    
51836.39568830832    4113.915474602968     120.59161545505528    25    
51836.89568830832    4081.2450435474157    118.29654846338796    25    
51837.39568830832    4037.8920550863127    118.11484506734963    25    
51837.89568830832    3984.038140888123     121.23539807299808    25    
51838.39568830832    3923.5644856693007    122.8124190503175     25    
51838.89568830832    3857.317804867583     121.1810944226952     25    
51839.39568830832    3785.8862981801335    121.04615902477396    25    
51839.89568830832    3709.8169598435256    123.98443146388351    25    
51840.39568830832    3628.0278395513615    127.33245060931259    25    
51840.89568830832    3540.360344909862     130.88131718255303    25    
51841.39568830832    3446.2590325078795    132.92138437004803    25    
51841.89568830832    3344.8343378073328    132.40743971023875    25    
51842.39568830832    3238.5294722095005    130.72194437353934    25    
51842.89568830832    3127.3142462806577    127.52721737664794    25    
51843.39568830832    3015.0431352202663    125.5396663482335     25    
51843.89568830832    2903.133972565721     127.60214757637503    25    
51844.39568830832    2794.5488964971855    129.62719895338404    25    
51844.89568830832    2691.795278685999     128.09013056305713    25    
51845.39568830832    2594.8098791034195    127.81671618204055    25    
51845.89568830832    2504.845586524222     133.36858831273793    25    
51846.39568830832    2420.390823722873     139.34801999634888    25    
51846.89568830832    2340.675473658486     141.98886416782986    25    
51847.39568830832    2264.9536173473102    143.23389256926288    25    
51847.89568830832    2192.1808330165945    143.74764363232237    25    
51848.39568830832    2122.0233312278046    143.29712880531767    25    
51848.89568830832    2053.6180532100975    141.1299138853731     25    
51849.39568830832    1986.8311466509135    138.93655404952207    25    
51849.89568830832    1921.1000361167692    140.15058818125996    25    
51850.39568830832    1856.2566377670132    142.53252888678153    25    
51850.89568830832    1791.534532632679     143.46818825279402    25    
51851.39568830832    1727.2585920405613    143.48859901672728    25    
51851.89568830832    1663.479834301571     142.8125707473779     25    
51852.39568830832    1600.6755678121567    140.29131429900656    25    
51852.89568830832    1540.0703590523246    130.38511436982265    25    
51853.39568830832    1481.8169510821165    116.12785040277613    25    
51853.89568830832    1427.4582823322357    111.97760641238257    25    
51854.39568830832    1376.6314460772855    114.26684359002915    25    
51854.89568830832    1329.3447469196717    112.6123914452222     25    
51855.39568830832    1285.1451860804095    109.28664196795965    25    
51855.89568830832    1241.8081500009005    109.33601263440104    25    
51856.39568830832    1199.2858843833428    111.74221457346643    25    
51856.89568830832    1155.052674630317     113.42516341151172    25    
51857.39568830832    1109.3498086401235    114.52128961629556    25    
51857.89568830832    1061.6253318756612    113.57943400703745    25    
51858.39568830832    1012.0715883037856    110.41826519642692    25    
51858.89568830832    963.0970844712979     98.07369859674232     25    
51859.39568830832    914.6497340695604     72.85443807685587     25    
51859.89568830832    869.2762883661692     57.72272780245362     25    
51860.39568830832    826.9335502687385     60.74434267313387     25    
51860.89568830832    788.6707883700674     60.56848871329988     25    
51861.39568830832    754.5793524339894     56.379173490892725    25    
51861.89568830832    723.3922869573931     54.61040750012971     25    
51862.39568830832    695.1409688875132     55.97973625454216     25    
51862.89568830832    668.5654824192218     57.91932644371911     25    
51863.39568830832    643.5885113241324     60.48549274958629     25    
51863.89568830832    619.6614996306909     60.86072767913391     25    
51864.39568830832    596.6096402649305     58.41131301420307     25    
51864.89568830832    575.0028703509952     54.67716585668378     25    
51865.39568830832    554.8434292794105     49.008138149977164    25    
51865.89568830832    536.6571003878298     45.47424779071387     25    
51866.39568830832    520.5608210712338     46.76322492571671     25    
51866.89568830832    506.6658051328657     47.118567596152225    25    
51867.39568830832    495.14830309374435    44.33035089505715     25    
51867.89568830832    485.45022748004953    41.97471337961188     25    
51868.39568830832    477.51024659403106    41.40520481589172     25    
51868.89568830832    470.84129545304296    41.89160403989679     25    
51869.39568830832    465.2945555551467     43.91269055319215     25    
51869.89568830832    460.53664406691814    45.056186936508084    25    
51870.39568830832    456.38205590460854    43.73905714356542     25    
51870.89568830832    452.72355622931656    41.805165222796035    25    
51871.39568830832    449.4795919983323     39.89320316843459     25    
51871.89568830832    446.531103184413      38.47556853681634     25    
51872.39568830832    443.7925176633047     38.47913833772722     25    
51872.89568830832    441.1790907599659     39.036696469113195    25    
51873.39568830832    438.5945541332357     39.801871747945874    25    
51873.89568830832    436.0195675141463     40.311247541796824    25    
51874.39568830832    433.40779829551434    39.79923275525132     25    
51874.89568830832    430.7332724728185     38.74238213937737     25    
51875.39568830832    427.9541823062945     37.32254134531625     25    
51875.89568830832    425.0461231310353     35.72710816665035     25    
51876.39568830832    421.9627266382512     34.41560835451545     25    
51876.89568830832    418.6839469166449     33.36864720907599     25    
51877.39568830832    415.15925392956757    33.2815227428841      25    
51877.89568830832    411.37256646783135    33.01672431413518     25    
51878.39568830832    407.26958681842825    29.269067430352774    25    
51878.89568830832    402.8378044227787     23.716670422695877    25    
51879.39568830832    398.0195479430165     22.392773212242034    25    
51879.89568830832    392.80548341967       24.316864575799364    25    
51880.39568830832    387.13495994151606    26.901928349112254    25    