#Date  :
#Flux  :
#Fluxerr  :
#ZP  :
#end  :
@INSTRUMENT  SDSS
@BAND  SDSS_z
@MAGSYS  AB
54346.179755  -3.106  4.507  23.909419999999997
54356.220793  6.142  4.889  23.909419999999997
54358.165662  2.332  5.08  23.909419999999997
54366.15789  1.02  5.725  23.909419999999997
54373.196973  4.258  4.405  23.909419999999997
54382.206312  -2.494  6.325  23.909419999999997
54383.21218  -0.4447  4.903  23.909419999999997
54386.208765  4.371  3.816  23.909419999999997
54388.212684  7.68  4.629  23.909419999999997
54393.198122  5.036  3.705  23.909419999999997
54396.128109  14.52  6.147  23.909419999999997
54403.125427  19.92  4.036  23.909419999999997
54406.118878  17.83  5.285  23.909419999999997
54412.121354  13.94  4.579  23.909419999999997
54415.158452  11.77  3.984  23.909419999999997
54416.116685  8.02  4.104  23.909419999999997
54421.121982  2.782  5.649  23.909419999999997
54423.113731  13.5  5.93  23.909419999999997
54425.114195  14.39  4.7  23.909419999999997
54431.125032  9.359  6.555  23.909419999999997
