#Date  :
#Flux  :
#Fluxerr  :
#ZP  :
#end  :
@INSTRUMENT  PS
@BAND  PS_r
@MAGSYS  AB
54941.6015625  1.6009999513626099  10.515999794006348  27.523
54950.6015625  -11.70300006866455  14.66100025177002  27.523
54951.6015625  -34.641998291015625  11.550999641418457  27.523
54953.6015625  -36.428001403808594  17.441999435424805  27.523
54973.5  -1.9390000104904175  10.605999946594238  27.523
54993.5  -18.576000213623047  16.89299964904785  27.523
54996.5  -45.6510009765625  20.509000778198242  27.523
54999.5  2.5209999084472656  22.684999465942383  27.523
55002.3984375  -16.584999084472656  13.86400032043457  27.523
55011.3984375  -5.10099983215332  12.729000091552734  27.523
55014.30078125  -13.906000137329102  14.78499984741211  27.523
55029.30078125  -54.891998291015625  18.496000289916992  27.523
55089.30078125  -8.505000114440918  11.888999938964844  27.523
55296.6015625  60.99700164794922  92.57499694824219  27.523
55302.6015625  -7.586999893188477  21.469999313354492  27.523
55305.6015625  -7.415999889373779  20.961999893188477  27.523
55326.6015625  23.707000732421875  19.46500015258789  27.523
55329.5  21.12299919128418  17.645999908447266  27.523
55332.3984375  38.41299819946289  12.640000343322754  27.523
55335.3984375  80.61599731445312  14.032999992370605  27.523
55338.3984375  99.7239990234375  36.380001068115234  27.523
55347.5  199.75999450683594  17.30500030517578  27.523
55350.5  175.29299926757812  13.605999946594238  27.523
55353.3984375  180.75999450683594  10.902000427246094  27.523
55362.3984375  120.17500305175781  14.609000205993652  27.523
55365.30078125  134.89300537109375  11.944000244140625  27.523
55368.3984375  52.52899932861328  13.255999565124512  27.523
55377.5  39.20199966430664  16.930999755859375  27.523
55389.30078125  30.490999221801758  10.081999778747559  27.523
55407.3984375  2.3010001182556152  16.344999313354492  27.523
55413.30078125  15.418999671936035  11.477999687194824  27.523
55416.30078125  21.53700065612793  14.968999862670898  27.523
55422.30078125  49.76900100708008  40.125999450683594  27.523
55425.30078125  18.281999588012695  26.25  27.523
55428.30078125  3.0439999103546143  17.18600082397461  27.523
55437.30078125  -0.11800000071525574  20.790000915527344  27.523
55440.30078125  7.428999900817871  12.996999740600586  27.523
55443.30078125  -10.642999649047852  19.22100067138672  27.523
55446.30078125  1.284999966621399  11.586000442504883  27.523
55449.19921875  7.4629998207092285  20.124000549316406  27.523
55452.30078125  1.9639999866485596  15.541000366210938  27.523
55602.6015625  -2.174999952316284  10.529000282287598  27.523
55674.5  1.5859999656677246  12.913999557495117  27.523
55677.6015625  9.083999633789062  13.324000358581543  27.523
55701.6015625  4.410999774932861  20.264999389648438  27.523
55710.5  -9.74899959564209  11.6899995803833  27.523
55722.3984375  45.76900100708008  30.76099967956543  27.523
55737.3984375  -1.2929999828338623  14.314000129699707  27.523
55740.3984375  6.958000183105469  33.625999450683594  27.523
55743.30078125  -4.0920000076293945  13.286999702453613  27.523
55746.30078125  2.3410000801086426  9.041000366210938  27.523
55752.30078125  14.279999732971191  17.506000518798828  27.523
55761.30078125  3.2720000743865967  12.454999923706055  27.523
55764.30078125  -9.079000473022461  26.222999572753906  27.523
55767.30078125  2.1459999084472656  10.630000114440918  27.523
55770.30078125  6.228000164031982  9.638999938964844  27.523
55773.30078125  2.3389999866485596  13.159000396728516  27.523
55776.30078125  2.2850000858306885  10.506999969482422  27.523
55779.30078125  -4.921999931335449  15.989999771118164  27.523
55791.30078125  2.2839999198913574  10.319000244140625  27.523
55794.30078125  -2.878999948501587  10.095000267028809  27.523
55797.30078125  2.0299999713897705  10.123000144958496  27.523
55800.30078125  23.447999954223633  35.36399841308594  27.523
55803.30078125  -12.5600004196167  13.657999992370605  27.523
55806.30078125  -15.305999755859375  14.38700008392334  27.523
56059.3984375  2.1429998874664307  17.950000762939453  27.523
56062.6015625  -2.6050000190734863  11.291000366210938  27.523
56065.5  2.234999895095825  9.788999557495117  27.523
56088.30078125  -1.1490000486373901  10.767000198364258  27.523
56091.30078125  10.239999771118164  12.95300006866455  27.523
56094.3984375  -1.649999976158142  11.897000312805176  27.523
56416.6015625  -14.468999862670898  11.994999885559082  27.523
56420.6015625  3.0450000762939453  12.819999694824219  27.523
56424.6015625  1.9620000123977661  10.954999923706055  27.523
56427.5  11.4350004196167  12.295000076293945  27.523
56443.5  -0.38100001215934753  14.970000267028809  27.523
56450.5  1.5499999523162842  18.04599952697754  27.523
56460.5  -5.508999824523926  13.576000213623047  27.523
56472.3984375  -9.748000144958496  20.841999053955078  27.523
56475.3984375  0.7039999961853027  9.406000137329102  27.523
56478.30078125  9.482999801635742  10.029999732971191  27.523
56479.3984375  9.741000175476074  9.843999862670898  27.523
56486.30078125  -10.880000114440918  9.432000160217285  27.523
56489.30078125  1.7910000085830688  13.64900016784668  27.523
56501.3984375  2.947000026702881  23.604999542236328  27.523
56507.30078125  -5.348999977111816  11.300000190734863  27.523
56508.30078125  2.0940001010894775  10.012999534606934  27.523
56512.30078125  20.31999969482422  11.428999900817871  27.523
56518.30078125  10.868000030517578  15.029000282287598  27.523
56537.30078125  1.9730000495910645  15.991000175476074  27.523
