52400.95338481353    9.160777434266727     9.160777434272186     25    
52401.45338481353    14.429778403497394    7.235206036394339     25    
52401.95338481353    21.136402046494005    12.930081253382827    25    
52402.45338481353    29.467670879740055    29.467670879741753    25    
52402.95338481353    39.54873613796973     39.548736137971       25    
52403.45338481353    51.59563441514973     45.676836326047535    25    
52403.95338481353    65.70604011924574     44.65970483867014     25    
52404.45338481353    82.1219294202781      44.783240757053285    25    
52404.95338481353    100.91657440087373    44.87665162600636     25    
52405.45338481353    122.35481630567699    44.86645206100078     25    
52405.95338481353    146.4885993934055     44.75959408432669     25    
52406.45338481353    173.6025554818982     44.54450642305538     25    
52406.95338481353    203.73037550739272    44.23764908159378     25    
52407.45338481353    237.23104875098159    44.09573706296957     25    
52407.95338481353    274.03377754249755    43.79827381796304     25    
52408.45338481353    314.4670347708547     41.4856256349741      25    
52408.95338481353    358.0846291102918     37.6505461312604      25    
52409.45338481353    402.59113750904567    36.25898761552022     25    
52409.95338481353    447.88332907987257    36.92453062029172     25    
52410.45338481353    490.5065392553885     37.325475867341225    25    
52410.95338481353    530.5720166109033     37.614992485735414    25    
52411.45338481353    564.7992649957154     37.677186159411306    25    
52411.95338481353    593.3083792262656     37.519133023013204    25    
52412.45338481353    616.4245813074903     37.572814144420185    25    
52412.95338481353    634.0733335407924     37.843063175500745    25    
52413.45338481353    648.0814836675974     38.261884308722195    25    
52413.95338481353    658.42347324225       38.86834032577976     25    
52414.45338481353    666.6569749854058     39.22124494582437     25    
52414.95338481353    672.9674490617465     39.605448487389395    25    
52415.45338481353    677.2869636656959     36.8227109525812      25    
52415.95338481353    679.7477437362277     27.87502406981525     25    
52416.45338481353    679.6173122111509     20.25912204132399     25    
52416.95338481353    676.8376142600989     20.940987610372204    25    
52417.45338481353    670.8904680686846     22.230036877310887    25    
52417.95338481353    661.4835612940997     22.046156053283518    25    
52418.45338481353    649.1605464593814     21.743937349041836    25    
52418.95338481353    633.8429722421263     21.300068928424785    25    
52419.45338481353    616.4628752294915     21.136381537587233    25    
52419.95338481353    597.2654044725725     21.68954016216368     25    
52420.45338481353    576.9595510196987     22.122932976228412    25    
52420.95338481353    555.9890012366002     21.69326835586481     25    
52421.45338481353    534.5297510891417     21.629776863112667    25    
52421.95338481353    512.8567130114684     23.078471972442035    25    
52422.45338481353    490.94452680377856    24.53699763700352     25    
52422.95338481353    468.84714118050067    25.021853668187113    25    
52423.45338481353    446.61554104686513    25.135198285691448    25    
52423.95338481353    424.29193145994134    25.121326540810173    25    
52424.45338481353    401.97467769514907    24.92280200921963     25    
52424.95338481353    379.7821412669696     24.459563886119824    25    
52425.45338481353    357.8095897174117     23.97708014971517     25    
52425.95338481353    336.25753763844136    24.052321300372974    25    
52426.45338481353    315.1824582321595     24.340388516390185    25    
52426.95338481353    294.81320296684015    24.650596241515814    25    
52427.45338481353    275.16498787404873    24.520724414821785    25    
52427.95338481353    256.4243024408877     21.626984649888254    25    
52428.45338481353    238.59376216795798    16.552731315264573    25    
52428.95338481353    221.81361783343263    14.600559986528916    25    
52429.45338481353    206.08888854517633    15.291806536849178    25    
52429.95338481353    191.58342355314997    15.45390952399924     25    
52430.45338481353    178.26427432613596    15.50513296087418     25    
52430.95338481353    166.0955455104224     15.288017997940981    25    
52431.45338481353    155.05644282314512    14.865419883124472    25    
52431.95338481353    144.90049130354691    14.797261601257032    25    
52432.45338481353    135.63394379673466    15.036340707564927    25    
52432.95338481353    127.0047219254482     15.191620393004847    25    
52433.45338481353    119.02102370568463    15.275508704956765    25    
52433.95338481353    111.54553029253796    15.188645040462783    25    
52434.45338481353    104.57693027490868    14.96258128853016     25    
52434.95338481353    98.10013405247712     13.520621236638261    25    
52435.45338481353    92.11520835979395     9.960356100221409     25    
52435.95338481353    86.60227118481245     7.242194355492777     25    
52436.45338481353    81.56214684855202     7.546604679047794     25    
52436.95338481353    76.96872163720823     7.8002258919782       25    
52437.45338481353    72.82243710681655     7.439546168304386     25    
52437.95338481353    69.09146628398874     7.295247939061378     25    
52438.45338481353    65.77392620907959     7.560240243877749     25    
52438.95338481353    62.83985185866782     7.796148159961673     25    
52439.45338481353    60.29537598563396     7.9310127133912935    25    
52439.95338481353    58.068300122890065    7.880868559228265     25    
52440.45338481353    56.15978226542071     7.548229008847756     25    
52440.95338481353    54.45355739727959     7.066476079017487     25    
52441.45338481353    52.91834506074146     6.359517763948817     25    
52441.95338481353    51.45639096042843     5.796827175252858     25    
52442.45338481353    50.004027364392776    5.920138234494322     25    
52442.95338481353    48.54197438700215     6.022585891490208     25    
52443.45338481353    47.01597172537644     5.494175314148175     25    
52443.95338481353    45.48487784223044     4.868740352353548     25    
52444.45338481353    43.97401109219499     4.663009675341562     25    
52444.95338481353    42.514720676175095    4.671949394372065     25    
52445.45338481353    41.15079592080153     4.8698157184976525    25    
52445.95338481353    39.890863961037624    5.074259139394847     25    
52446.45338481353    38.77181063490353     4.958420477977108     25    
52446.95338481353    37.78399226608617     4.714500562009055     25    
52447.45338481353    36.930155318514934    4.53024992083073      25    
52447.95338481353    36.2090690121924      4.401423754360483     25    
52448.45338481353    35.62396897518887     4.508646358197688     25    
52448.95338481353    35.16652494772153     4.688809348699108     25    
52449.45338481353    34.82413741478549     4.526980417707196     25    
52449.95338481353    34.58236385046959     4.190069339869988     25    
52450.45338481353    34.38368529309308     4.132879616363025     25    
52450.95338481353    34.22423930707387     4.263485257577872     25    
52451.45338481353    34.03584349547288     4.46400503680438      25    
52451.95338481353    33.82299938691564     4.696425534393934     25    
52452.45338481353    33.54336091310527     4.611811831846367     25    
52452.95338481353    33.20444375501658     4.264622626341097     25    
52453.45338481353    32.8383836605296      4.031915143288889     25    
52453.95338481353    32.44474843709236     3.914535083268858     25    
52454.45338481353    32.063002193851275    4.151373000365413     25    
52454.95338481353    31.691934236718243    4.688588180462355     25    
52455.45338481353    31.358437783698708    5.023756168408891     25    
52455.95338481353    31.06339290186637     5.187887556060871     25    
52456.45338481353    30.800606804880356    5.19806862825785      25    
52456.95338481353    30.57059161276399     5.042769025343715     25    
52457.45338481353    30.365310082416887    4.821327141014606     25    
52457.95338481353    30.18475244168944     4.525156705635579     25    
52458.45338481353    30.021597393479166    4.244498541195268     25    
52458.95338481353    29.875603377268295    4.003209075327445     25    
52459.45338481353    29.73971584498923     3.8180453921592687    25    
52459.95338481353    29.613391526422767    3.733348897474574     25    
52460.45338481353    29.489912543869412    3.592571860969398     25    
52460.95338481353    29.368363996075033    3.253860423674947     25    
52461.45338481353    29.24243459704182     3.070323809811606     25    
52461.95338481353    29.110767893147337    3.0977674370423673    25    
52462.45338481353    28.96752911142864     3.6893407955765443    25    