#Date  :
#Flux  :
#Fluxerr  :
#ZP  :
#end  :
@INSTRUMENT  CNIa02
@BAND  Bessell12_V
@MAGSYS  Linear_AB11_off
57624.21829999983  5306.40019194775  390.9900153388341  25.0
57624.21959999995  5335.805618460333  368.5843942823704  25.0
57636.120500000194  26717.757271179464  1722.557469089583  25.0
57636.12179999985  26717.757271179464  1845.5972883102675  25.0
57638.20129999984  25562.30427112548  2260.2002210605324  25.0
57638.20250000013  26989.82073472013  3181.893574954708  25.0
57640.19929999998  26595.000327215203  1959.592041635551  25.0
57640.2006000001  26915.348039269138  2156.7257950274343  25.0
57642.11860000016  25374.646458649644  2290.349480867744  25.0
57642.119799999986  25703.957827688646  2225.376684680972  25.0
57644.15130000003  24121.260560925723  1644.0211477440591  25.0
57644.15249999985  24010.43343569326  1769.154115356666  25.0
57647.160300000105  20854.510476931708  1440.578548364217  25.0
57647.161600000225  20873.727039105517  1672.6109384845595  25.0
57649.15020000003  18535.316234148104  1297.445942771539  25.0
57649.15139999986  19373.139245819573  1445.30897286232  25.0
57651.154999999795  17186.99695397738  1203.0654985687456  25.0
57651.156299999915  17571.14246595097  1181.4042806922494  25.0
57653.06669999985  14996.84835502374  966.8825449887609  25.0
57653.06790000014  15038.34347961358  969.5578345374886  25.0
57655.20179999992  13452.407051486329  929.2593582415258  25.0
57657.21109999996  12542.9589230232  924.1993676144313  25.0
57657.21240000008  12212.37130165309  944.8328100644866  25.0
57659.12559999991  11230.52347541083  765.4333838472883  25.0
57659.12690000003  11449.855346901906  780.3822806594942  25.0
57661.13040000014  9700.631337839583  750.5073781281067  25.0
57661.131699999794  10018.437657240278  645.9125457249037  25.0
57663.108800000045  9358.36543583531  603.3561169206725  25.0
57666.091000000015  8180.879579457477  527.4407982783065  25.0
57666.09219999984  8002.026771193327  515.9097315942255  25.0
57668.15789999999  7197.803728027004  623.1656892934387  25.0
57668.159099999815  7197.803728027004  497.2066669894458  25.0
57671.115199999884  6064.569815101373  435.68266720862755  25.0
57671.116500000004  6120.684588704605  535.5490895246156  25.0
57673.15020000003  5228.775553134414  390.08630083836493  25.0
57673.15139999986  5286.8866585088135  535.6342819577553  25.0
57680.09439999983  4062.5619818684395  303.0823869430866  25.0
57680.09569999995  4111.497211045225  257.50436351253984  25.0
57682.060099999886  3919.2232245497707  238.24270728428843  25.0
57682.061300000176  3890.451449942813  250.82667438027627  25.0
57684.10580000002  3667.7523159949587  236.46873061096667  25.0
57684.10699999984  3691.475581654127  227.79830209666667  25.0
57687.07679999992  3460.987254853524  239.07652980006574  25.0
57687.07800000021  3397.8171182708334  234.7128913555708  25.0
57689.066300000064  3156.4578912990746  273.27728455528154  25.0
57689.067600000184  3305.2171686997976  286.1564461916639  25.0
57691.03470000019  3098.8460420120673  231.18555713707477  25.0
57691.03599999985  3056.3282803659727  228.0135723785188  25.0
57694.07769999979  2810.6062003344005  188.9724702221024  25.0
57696.074500000104  2642.4087573219476  165.49489158504622  25.0
57696.07569999993  2661.950651151836  205.9467610225977  25.0
57698.058699999936  2639.9761293548086  196.95213767289601  25.0
57698.060000000056  2701.4690729572494  194.0753073955599  25.0
57700.065099999774  2518.83662784174  162.39539878541865  25.0
57700.066399999894  2553.877135779325  190.52882927717928  25.0
57702.05439999979  2416.573451436825  180.28545857358554  25.0
57704.0112999999  2265.687455012918  156.5081447775963  25.0
57704.01260000002  2312.0647901755965  151.19381612375986  25.0
57707.05200000014  2126.179859862522  133.1633133682448  25.0
57707.053299999796  2173.7019751571174  176.18070851276164  25.0
57709.03649999993  2045.5024311093562  131.8784153544627  25.0
57709.03780000005  2058.732876733525  132.73141370675626  25.0
57711.02829999989  1937.3139245819573  140.96223315570774  25.0
57711.02950000018  1948.0495532907653  147.12603546651272  25.0
57714.04039999982  1828.1002161427446  114.49449152740672  25.0
57714.04169999994  1828.1002161427446  127.96443170710164  25.0
57716.03759999992  1658.0590751089167  103.84476138160164  25.0
57716.03890000004  1760.353953616166  105.3874840708609  25.0
57718.05019999994  1671.8603572044672  101.62945943132043  25.0
57718.05150000006  1651.9617982290183  109.54893919006979  25.0
57624.043599999975  4755.541763152083  162.0605856782397  25.0
57625.043500000145  6723.571072343195  204.35704770010696  25.0
57626.043699999806  8830.799004185632  219.60359437784015  25.0
57627.64779999992  13292.295883156825  599.8901900986094  25.0
57628.679099999834  14008.769839545832  232.24596914488328  25.0
57629.05200000014  16383.247796286405  633.7602121241092  25.0
57630.94639999978  19195.52523761379  724.8690163288605  25.0
57631.043699999806  19806.147089717397  1550.5815272938178  25.0
57631.94219999993  21340.27442848977  746.8945262413492  25.0
57634.22239999985  25142.010301590228  949.4225372969948  25.0
57638.95610000007  25894.05105739233  977.821397768356  25.0
57640.272900000215  26595.000327215203  1494.1889317471075  25.0
57640.846499999985  25304.630494613964  862.337761410053  25.0
57641.210500000045  26940.14941063672  2034.649155082804  25.0
57642.95860000001  23141.95261511252  703.3793595033732  25.0
57643.23460000008  24076.868456124495  975.7270757096239  25.0
57644.15439999988  24366.884234595844  1458.777434421526  25.0
57649.9001000002  17474.308552673232  933.4771112955976  25.0
57652.17510000011  15163.519007872907  474.84798241416854  25.0
57653.78289999999  13689.891307007354  580.0073695225224  25.0
57662.55759999994  9514.80736351759  473.22691771171026  25.0
57665.559599999804  8105.876824647378  283.69996135725364  25.0
57665.75070000021  7928.663748785477  292.1027672826355  25.0
57667.513400000054  7197.803728027004  258.54746683451185  25.0
57670.49770000018  6003.437587325644  226.70418468098197  25.0
57673.549000000115  5133.339643802892  193.84720199236943  25.0
57590.230909999926  0.0  1570.3628043335516  25.0
57593.14855000004  0.0  1995.262314968881  25.0
57595.3041699999  0.0  608.1350012787188  25.0
57598.11651000008  0.0  990.8319448927665  25.0
57601.18257000018  0.0  972.7472237769641  25.0
57603.1104100002  0.0  570.1642722807478  25.0
57605.2481300002  0.0  564.9369748123022  25.0
57607.29038000014  0.0  501.18723362727246  25.0
57609.24154999992  0.0  685.488226452662  25.0
57611.10942000011  0.0  660.6934480075964  25.0
57615.04640999995  0.0  1629.2960326397247  25.0
57617.13124000002  0.0  1137.6272858234322  25.0
57618.294209999964  0.0  1499.6848355023756  25.0
57620.180689999834  0.0  1076.465213629834  25.0
57622.17460000003  1148.1536214968817  169.19817045145473  25.0
57623.13090000022  2421.02904673618  178.38801256557448  25.0
57624.1283900002  3698.28179780267  170.31217074482421  25.0
57625.06333999988  6194.410750767818  228.2105256717129  25.0
57626.146060000174  8472.274141405971  312.1301142655833  25.0
57630.111980000045  16749.42876026438  308.535879833852  25.0
57631.10911000008  18535.316234148104  341.43314283461547  25.0
57633.10354000004  20701.413487910413  381.3341288061929  25.0
57634.100980000105  20701.413487910413  381.3341288061929  25.0
57635.09826999996  22284.35149270303  410.49292442970545  25.0
57636.09566000011  23768.402866248784  437.83016098918966  25.0
57639.13580999989  24434.305526939763  450.0965413082252  25.0
57640.09181000013  23550.49283896009  433.8161099456319  25.0
57642.079270000104  23550.49283896009  433.8161099456319  25.0
57643.07641999982  20892.96130854041  384.86257005718875  25.0
57644.07353000017  20323.57010936221  561.5609948381965  25.0
57645.070979999844  19230.917289101613  531.3698816894469  25.0
57647.06560999993  18706.821403658018  516.8885772121034  25.0
57648.06285999995  17864.875748520535  493.62475903672777  25.0
57649.05996000022  16595.86907437563  458.5608088274657  25.0
57651.05439000018  14454.39770745928  399.3897682695331  25.0
57652.05182000017  13931.568029453036  384.9434503966279  25.0
57653.04896999989  12823.305826560205  354.32103406676384  25.0
57656.1296000001  11168.632477805611  308.6007198277397  25.0
57659.11750999978  9727.47223776966  268.77999080419903  25.0
57660.10234999983  9289.663867799363  256.68289848891953  25.0
57663.132710000034  7516.228940182053  276.9081074088076  25.0
57668.00388999982  6081.3500127871885  224.0452141537137  25.0
57670.08731999993  5345.643593969719  246.1759850366396  25.0
57675.11475000018  3664.3757464783334  303.7513308804053  25.0
57682.16255000001  2992.264636608195  165.35865471576685  25.0
57687.01809999999  2398.83291901949  220.94067679487932  25.0
57688.10843000002  2654.605561975536  171.14874545253497  25.0
57691.091630000155  2013.7242498623916  148.376686051053  25.0
57695.107919999864  1958.8446735059908  162.3746356080615  25.0
57698.12101999996  2249.0546058357804  186.43102591263235  25.0
57702.1047100001  0.0  1213.3888504649788  25.0
57704.099969999865  1614.3585568264868  267.6382522319018  25.0
57707.06450999994  0.0  1355.1894123510351  25.0
57710.02174999984  1330.45441797809  147.04725646651585  25.0
57713.0679299999  963.8290236239715  150.912287254178  25.0
57716.06257000007  1330.45441797809  147.04725646651585  25.0
57719.04707999993  1445.4397707459266  146.44291503216195  25.0
57721.01699999999  0.0  1644.3717232149306  25.0
