#Date  :
#Flux  :
#Fluxerr  :
#ZP  :
#end  :
@INSTRUMENT  PS
@BAND  PS_r
@MAGSYS  AB
55161.6015625  38.19200134277344  13.815999984741211  27.523
55176.6015625  0.46299999952316284  82.177001953125  27.523
55179.6015625  -1.1089999675750732  10.607999801635742  27.523
55188.6015625  -0.7799999713897705  10.888999938964844  27.523
55206.6015625  15.729999542236328  11.333000183105469  27.523
55212.5  0.8510000109672546  9.694000244140625  27.523
55215.6015625  -5.396999835968018  10.375  27.523
55217.5  -5.98799991607666  9.413999557495117  27.523
55221.5  14.435999870300293  11.670999526977539  27.523
55230.3984375  24.542999267578125  49.632999420166016  27.523
55233.5  7.409999847412109  12.409000396728516  27.523
55236.5  0.7770000100135803  12.128999710083008  27.523
55239.5  7.73799991607666  12.795999526977539  27.523
55242.3984375  -0.8610000014305115  10.123000144958496  27.523
55248.3984375  -19.357999801635742  14.543999671936035  27.523
55275.3984375  0.6769999861717224  11.77299976348877  27.523
55290.3984375  -1.8860000371932983  29.180999755859375  27.523
55302.3984375  1.4819999933242798  16.9689998626709  27.523
55305.30078125  28.243000030517578  19.393999099731445  27.523
55320.30078125  6.973999977111816  14.086999893188477  27.523
55545.5  48.7400016784668  13.3149995803833  27.523
55560.6015625  148.16299438476562  12.12600040435791  27.523
55563.6015625  116.49400329589844  17.775999069213867  27.523
55566.6015625  126.19300079345703  12.791999816894531  27.523
55572.6015625  122.6259994506836  16.589000701904297  27.523
55587.6015625  48.97999954223633  16.819000244140625  27.523
55590.5  26.915000915527344  11.079000473022461  27.523
55593.5  20.66200065612793  10.701000213623047  27.523
55596.3984375  23.281999588012695  10.913999557495117  27.523
55602.3984375  4.4770002365112305  15.01099967956543  27.523
55614.3984375  -159.9759979248047  94.37200164794922  27.523
55629.30078125  -5.482999801635742  11.13599967956543  27.523
55632.30078125  -1.8930000066757202  10.800999641418457  27.523
55635.30078125  14.085000038146973  12.309000015258789  27.523
55644.3984375  -22.297000885009766  34.14500045776367  27.523
55650.3984375  0.003000000026077032  12.166999816894531  27.523
55653.3984375  -7.709000110626221  13.069000244140625  27.523
55662.30078125  4.0269999504089355  13.831999778747559  27.523
55674.30078125  -5.7220001220703125  10.97599983215332  27.523
55677.30078125  -11.946000099182129  12.586000442504883  27.523
55680.30078125  4.229000091552734  14.361000061035156  27.523
55941.6015625  -3.3259999752044678  13.626999855041504  27.523
55947.6015625  -17.417999267578125  12.99899959564209  27.523
55948.3984375  -19.490999221801758  16.350000381469727  27.523
55952.6015625  0.4880000054836273  9.687000274658203  27.523
55955.6015625  -14.612000465393066  14.069000244140625  27.523
55970.5  0.5860000252723694  12.48900032043457  27.523
55973.5  -2.940000057220459  11.234000205993652  27.523
55984.30078125  11.348999977111816  10.42199993133545  27.523
56000.5  12.255999565124512  13.491000175476074  27.523
56006.3984375  -2.75600004196167  14.277999877929688  27.523
56014.30078125  -2.484999895095825  12.255999565124512  27.523
56029.3984375  -6.236000061035156  13.125  27.523
56032.3984375  -14.63599967956543  11.288000106811523  27.523
56040.30078125  -2.565000057220459  13.291000366210938  27.523
56043.30078125  -0.7699999809265137  10.034000396728516  27.523
56325.6015625  6.63700008392334  14.675999641418457  27.523
56328.5  -1.1399999856948853  12.14900016784668  27.523
56331.6015625  1.968000054359436  11.331999778747559  27.523
56336.5  -10.253999710083008  10.939000129699707  27.523
56354.5  0.11699999868869781  12.640999794006348  27.523
56357.3984375  -0.3330000042915344  11.180000305175781  27.523
56360.30078125  9.428999900817871  13.588000297546387  27.523
56384.30078125  -8.197999954223633  14.914999961853027  27.523
56387.3984375  -10.465999603271484  13.27299976348877  27.523
56391.30078125  18.868000030517578  14.25100040435791  27.523
56395.30078125  3.3989999294281006  12.991999626159668  27.523
56416.30078125  27.874000549316406  12.720000267028809  27.523
56625.6015625  -6.39900016784668  11.574000358581543  27.523
56630.6015625  -15.244000434875488  10.845999717712402  27.523
56636.6015625  0.9589999914169312  12.0649995803833  27.523
56656.6015625  -8.008999824523926  14.552000045776367  27.523
56666.6015625  5.2129998207092285  14.394000053405762  27.523
56682.6015625  0.9950000047683716  11.383000373840332  27.523
56709.3984375  -23.993999481201172  15.069000244140625  27.523
