#mB  c  mBmB x1x1 cc mBx1 mBc x1c
19.309152084653203  -0.3  0.0003729252096498257  0.028033801188722736  0.0002545627217706225  0.0015413971539106992  0.00023641688854308084  0.0006799466014699568
19.309753811249188  0.3  0.00038009736747593475  0.021679384354280344  0.00025868747029861923  0.0011081976525096429  0.0002518408904968114  0.0004306788533384723
19.814560927623347  0.0  0.00041650786739176203  0.032633777741068924  0.0002773848352693725  0.0016806140809642398  0.00026711311988511575  0.0007221473894679989
20.31456092762335  0.0  0.0005003703075974846  0.05102013959933378  0.00032512593843859767  0.002460734665026323  0.0003136061909683297  0.001075486248885929
20.814560927623347  0.0  0.0006625793504340895  0.09138829998048797  0.000424003011329723  0.003991833336555611  0.00040137873173774074  0.0017406567985109892
20.313114872113708  -0.15  0.00051163054579858  0.058151921671918  0.0003392496090429269  0.002832871114207881  0.0003141725303457218  0.0012504267070472456
20.313452408261337  0.15  0.0004902690875268583  0.04444791562037617  0.000315766634116759  0.0021129338589838008  0.00031261198420380056  0.0009004497156912402
21.309152084653206  -0.3  0.001059768257477839  0.24683844209126868  0.0008156085745476444  0.00984069451428054  0.0005295140282843354  0.003847403378788721
21.30975381124919  0.3  0.0009399203208654492  0.12182932603376953  0.0005480423880004889  0.004789012453145154  0.0005814361769169973  0.0021281917203621846
