54053.2300493863    15.115273778621722    5.458813623502855     25    
54053.7300493863    17.873499357622897    5.456487228514847     25    
54054.2300493863    20.837432973227       5.623538275728035     25    
54054.7300493863    23.996872915710348    6.490222531625684     25    
54055.2300493863    27.351944508370146    7.565496651490955     25    
54055.7300493863    30.889078381472807    8.030414775766346     25    
54056.2300493863    34.61033083312478     8.056437241376255     25    
54056.7300493863    38.50163820398383     8.073228360301384     25    
54057.2300493863    42.56411439656442     8.127689885455492     25    
54057.7300493863    46.786074832316984    8.165004625621846     25    
54058.2300493863    51.16481764776275     8.182100835685851     25    
54058.7300493863    55.6936016327171      8.184499706726957     25    
54059.2300493863    60.36396303579327     8.172352547679997     25    
54059.7300493863    65.17469848172296     8.152412608598599     25    
54060.2300493863    70.11769063368267     8.135401683407208     25    
54060.7300493863    75.19279299833335     8.122898306323265     25    
54061.2300493863    80.36292179718579     8.228386956438706     25    
54061.7300493863    85.67431341895046     8.469636279935695     25    
54062.2300493863    90.83801550589999     8.718192000799016     25    
54062.7300493863    95.85968668571496     8.948567321173966     25    
54063.2300493863    100.48377831908728    9.151938004501133     25    
54063.7300493863    104.51799660239728    9.304540447283303     25    
54064.2300493863    107.91239222934935    9.415863601376792     25    
54064.7300493863    110.32692847842989    9.454556726996609     25    
54065.2300493863    111.85502592863762    9.447663544704149     25    
54065.7300493863    112.62795291940917    9.593993505772627     25    
54066.2300493863    112.6037268657488     9.891081711759606     25    
54066.7300493863    112.14140252710585    10.20089580684078     25    
54067.2300493863    111.24132414706156    10.568290219461272    25    
54067.7300493863    110.13702127080367    10.759908946679255    25    
54068.2300493863    108.9919007707296     10.62598268560639     25    
54068.7300493863    107.78034821073076    10.228796970527648    25    
54069.2300493863    106.5947233291501     9.390848104713633     25    
54069.7300493863    105.40382741317332    8.206161897839777     25    
54070.2300493863    104.18383998625195    7.671545417618078     25    
54070.7300493863    102.93798082415472    7.827466376788527     25    
54071.2300493863    101.64338244787284    7.929136350228375     25    
54071.7300493863    100.30010536852028    7.891772977493609     25    
54072.2300493863    98.89768656418832     7.844395148743931     25    
54072.7300493863    97.43218401740147     7.769348579738571     25    
54073.2300493863    95.90037351020042     7.747677702919486     25    
54073.7300493863    94.296680067305       7.940765955536056     25    
54074.2300493863    92.62073161866795     8.19908060450773      25    
54074.7300493863    90.8635901834244      8.24073457767539      25    
54075.2300493863    89.02710948664479     8.11670323485738      25    
54075.7300493863    87.11898402853423     7.746715235584317     25    
54076.2300493863    85.13659744282201     6.992626463360012     25    
54076.7300493863    83.09728082649053     6.446832829180853     25    
54077.2300493863    81.00116922072263     6.517856464711862     25    
54077.7300493863    78.86231594688202     6.708594528486296     25    
54078.2300493863    76.67787017795776     6.702849163554659     25    
54078.7300493863    74.47766403093591     6.642153306291366     25    
54079.2300493863    72.31412146102299     6.528438489446007     25    
54079.7300493863    70.1885493681877      6.38267711640107      25    
54080.2300493863    68.21255608077487     6.4481069221295195    25    
54080.7300493863    66.37024642495642     6.734866129864302     25    
54081.2300493863    64.76659115811056     6.916725876237219     25    
54081.7300493863    63.422795668682774    6.886743477620401     25    
54082.2300493863    62.33072307361592     6.902425545410245     25    
54082.7300493863    61.515405413388365    7.126153506872357     25    
54083.2300493863    60.93188176302907     7.406585692014763     25    
54083.7300493863    60.533067449985786    7.651996443425675     25    
54084.2300493863    60.318202671776035    7.863955631001866     25    
54084.7300493863    60.21873958299454     7.913891332529        25    
54085.2300493863    60.243941647358454    7.820017393350247     25    
54085.7300493863    60.35520224834304     7.593041865505221     25    
54086.2300493863    60.55024032248538     7.154331436766182     25    
54086.7300493863    60.82288367086722     6.807369616072161     25    
54087.2300493863    61.170803798040346    6.772191923765684     25    
54087.7300493863    61.58854177456165     6.849333240570941     25    
54088.2300493863    62.07020313953566     6.919129588773287     25    
54088.7300493863    62.61354558196141     6.994913761427923     25    
54089.2300493863    63.206486051531684    6.978671076587217     25    
54089.7300493863    63.85042288348925     6.890363666613487     25    
54090.2300493863    64.52820030042302     6.785460756552982     25    
54090.7300493863    65.24210128979935     6.648933242039035     25    
54091.2300493863    65.97620533196776     6.58181383276764      25    
54091.7300493863    66.73222114570113     6.671843235660751     25    
54092.2300493863    67.49083716897886     6.735186702140764     25    
54092.7300493863    68.24301872441357     6.5922803978003985    25    
54093.2300493863    68.97665855387898     6.3925449817152495    25    
54093.7300493863    69.66062610482368     6.360071858831154     25    
54094.2300493863    70.29731449913953     6.427517764002472     25    
54094.7300493863    70.84594110956722     6.448527087700824     25    
54095.2300493863    71.30985646684401     6.4335691212523125    25    
54095.7300493863    71.67866114211118     6.359436904385284     25    
54096.2300493863    71.94397386693278     6.2035619636511345    25    
54096.7300493863    72.12931063547826     6.0179003151743995    25    
54097.2300493863    72.2407674984185      5.791055346483121     25    
54097.7300493863    72.2880921131401      5.602235556487273     25    
54098.2300493863    72.29374171959655     5.630266917146876     25    
54098.7300493863    72.25033189193493     5.7846938023444325    25    
54099.2300493863    72.15921313138368     5.848733084054473     25    
54099.7300493863    72.02125657612429     5.8449751596847825    25    
54100.2300493863    71.78911722428127     6.051738218248081     25    
54100.7300493863    71.46757496555871     6.535363136084524     25    
54101.2300493863    71.015746520402       6.932749995893792     25    
54101.7300493863    70.41622648439146     7.188828059919779     25    
54102.2300493863    69.67131506589244     7.248706492778211     25    
54102.7300493863    68.76123805009964     6.913202642915377     25    
54103.2300493863    67.70830609290479     6.296210614246664     25    
54103.7300493863    66.55469686957026     5.606693956297081     25    
54104.2300493863    65.29552629886665     4.772289544600943     25    
54104.7300493863    63.986180299829236    4.270494844703713     25    
54105.2300493863    62.62172001137145     4.294881398232699     25    
54105.7300493863    61.23704536629995     4.370585924906785     25    
54106.2300493863    59.84151410187235     4.345606414070031     25    
54106.7300493863    58.436954065775225    4.36962901597309      25    
54107.2300493863    57.02901770286915     4.513909979235921     25    
54107.7300493863    55.61890583346185     4.705826753921303     25    
54108.2300493863    54.21299040003166     4.893431457172226     25    
54108.7300493863    52.811162256350045    5.065046323382649     25    
54109.2300493863    51.42344262126381     5.029883476953111     25    
54109.7300493863    50.04791762127452     4.782446012787339     25    
54110.2300493863    48.699383643114125    4.479269108258376     25    
54110.7300493863    47.37715315667213     4.12735859702235      25    
54111.2300493863    46.09299508947518     3.7475356036591547    25    
54111.7300493863    44.85257381516502     3.3365694104736856    25    
54112.2300493863    43.65839423908687     2.959546327085672     25    
54112.7300493863    42.519718021084316    2.821495757827247     25    
54113.2300493863    41.43308218487538     2.8555954925050786    25    
54113.7300493863    40.3958647455606      2.8420125860003456    25    
54114.2300493863    39.40845823799064     2.808331233426907     25    
54114.7300493863    38.4660645775775      2.7667273618129586    25    
54115.2300493863    37.56914350694162     2.713973505864757     25    
54115.7300493863    36.713693372177225    2.66309960855257      25    
54116.2300493863    35.89903900076869     2.619757881807319     25    
54116.7300493863    35.12272098364606     2.5816385780470648    25    
54117.2300493863    34.38218036514526     2.5431597854843604    25    
54117.7300493863    33.67682857120047     2.5156437278510637    25    
54118.2300493863    33.00260324574487     2.5131055568703076    25    
54118.7300493863    32.35999893727111     2.539605740828424     25    
54119.2300493863    31.744343288241055    2.682310894761322     25    
54119.7300493863    31.156267727531425    2.8745050127736027    25    
54120.2300493863    30.591436138307266    3.414946899602005     25    