57646.791697206754    37.008217923574186    27.06250442192461     25    
57647.291697206754    44.43922215933389     27.528024348885946    25    
57647.791697206754    52.55518599350242     29.49471425544571     25    
57648.291697206754    61.35822666199819     36.32329557176391     25    
57648.791697206754    70.84920546977689     42.99274916325888     25    
57649.291697206754    81.03078378460258     45.105832087064734    25    
57649.791697206754    91.90334584649429     45.223764198840854    25    
57650.291697206754    103.46996302124357    45.667323225431204    25    
57650.791697206754    115.73067661775082    45.99934221657508     25    
57651.291697206754    128.68883386601803    46.05662274123434     25    
57651.791697206754    142.34426727764307    45.85261085695688     25    
57652.291697206754    156.70046581302162    45.383038235543225    25    
57652.791697206754    171.75718732026775    44.63470424656025     25    
57653.291697206754    187.5238644295001     43.78750042054178     25    
57653.791697206754    204.01155239022583    42.79847113417321     25    
57654.291697206754    221.14939493007844    42.10769910649607     25    
57654.791697206754    239.05883295490858    41.760379740002946    25    
57655.291697206754    257.0211110966817     42.024206579272516    25    
57655.791697206754    275.03124702741025    43.205276176194296    25    
57656.291697206754    292.29312217041627    44.341833594296745    25    
57656.791697206754    308.5650633792618     45.121173853075454    25    
57657.291697206754    323.3141921897833     45.40338332679588     25    
57657.791697206754    336.0236758085922     44.51360698849381     25    
57658.291697206754    346.7454050522783     43.62817928189685     25    
57658.791697206754    355.2661907156345     44.1521096889549      25    
57659.291697206754    361.680135351597      45.442962584323084    25    
57659.791697206754    366.01643600004894    47.55627914678171     25    
57660.291697206754    368.3022773583938     49.69160332923887     25    
57660.791697206754    368.5522269286971     49.74692381459672     25    
57661.291697206754    366.87977904081527    48.156266171579944    25    
57661.791697206754    363.82669003485944    44.06608184521756     25    
57662.291697206754    359.3929769369727     37.24298827693506     25    
57662.791697206754    354.43952070888963    34.32627345776353     25    
57663.291697206754    348.9095699095251     36.03427524671271     25    
57663.791697206754    343.6223922956202     36.87794195269718     25    
57664.291697206754    338.62340598750967    36.64009745265826     25    
57664.791697206754    333.83297005589174    36.151565632914036    25    
57665.291697206754    329.3392739773059     35.24090050606553     25    
57665.791697206754    324.64739402078067    35.17078674330456     25    
57666.291697206754    319.70836537586945    36.777232570090185    25    
57666.791697206754    314.1844242363907     37.926271955591375    25    
57667.291697206754    307.8375102023488     37.6323108941104      25    
57667.791697206754    300.8644571292071     36.85640344184407     25    
57668.291697206754    293.2132800808139     35.73886370543536     25    
57668.791697206754    285.20217141062517    34.8283867681138      25    
57669.291697206754    277.1083640796254     35.29149230853008     25    
57669.791697206754    269.06401586038754    36.12767062996351     25    
57670.291697206754    261.4646848046668     36.08339691091182     25    
57670.791697206754    254.28269280881943    35.635121450704226    25    
57671.291697206754    247.75032836280684    35.021683566380915    25    
57671.791697206754    241.83094686380642    34.40123893462912     25    
57672.291697206754    236.57898339289858    35.14583491617689     25    
57672.791697206754    231.99093081095054    36.83399671010468     25    
57673.291697206754    228.12823651928755    37.27038394909801     25    
57673.791697206754    224.98781217133617    36.60435523295636     25    
57674.291697206754    222.51890456881057    36.22732975605213     25    
57674.791697206754    220.73319034530908    36.13735373284117     25    
57675.291697206754    219.49140610688528    36.9603701152462      25    
57675.791697206754    218.79587024461088    39.07147521547878     25    
57676.291697206754    218.5225277868807     40.29866412093702     25    
57676.791697206754    218.66523063977272    40.086120772850165    25    
57677.291697206754    219.0989807627777     39.09391338919879     25    
57677.791697206754    219.79798003171365    36.80501808125728     25    
57678.291697206754    220.6486755999381     35.130300043357664    25    
57678.791697206754    221.5908082791403     36.22764643520535     25    
57679.291697206754    222.5454892661023     38.01681045975272     25    
57679.791697206754    223.4031074027233     39.212370022973964    25    
57680.291697206754    224.16308553663436    39.94891264038793     25    
57680.791697206754    224.7512602217343     39.515284912508335    25    
57681.291697206754    225.19306863950874    38.311119337500045    25    
57681.791697206754    225.50000995264284    36.74737041233465     25    
57682.291697206754    225.67291851061566    34.93251723775108     25    
57682.791697206754    225.73866481298307    34.378823060468434    25    
57683.291697206754    225.68397335007666    34.7541811449794      25    
57683.791697206754    225.43064747897958    33.96074050325501     25    
57684.291697206754    224.98346434591878    32.05614401135416     25    
57684.791697206754    224.1267738522323     31.34845344113211     25    
57685.291697206754    222.8735074583637     32.10666921739384     25    
57685.791697206754    221.01002165360285    32.5195711221534      25    
57686.291697206754    218.50110543443398    32.46957557399639     25    
57686.791697206754    215.38873275517952    31.547630211197063    25    
57687.291697206754    211.60451599822125    28.698230697675918    25    
57687.791697206754    207.4619574001883     27.469211439413662    25    
57688.291697206754    203.01372791955748    30.63492108869498     25    
57688.791697206754    198.49085997494146    33.63044654056493     25    
57689.291697206754    194.0652742518119     34.45389113060622     25    
57689.791697206754    189.73871567362002    34.48434647552688     25    
57690.291697206754    185.64946224055902    33.76132419100681     25    
57690.791697206754    181.63743882925937    33.04743866723129     25    
57691.291697206754    177.5529519848658     34.087253818790785    25    
57691.791697206754    173.34842175962675    35.81780104448992     25    
57692.291697206754    168.7843481603874     37.09927226645205     25    
57692.791697206754    163.90281969978156    37.96914257890161     25    
57693.291697206754    158.61549495445664    37.38284911416472     25    
57693.791697206754    152.97049060158585    35.468205842292136    25    
57694.291697206754    147.25439315961077    31.8192300216132      25    
57694.791697206754    141.44995648805676    25.789333156014045    25    
57695.291697206754    135.87974566771146    22.647328088123228    25    
57695.791697206754    130.53584626423003    23.985144097359978    25    
57696.291697206754    125.57754797702246    24.85285113176207     25    
57696.791697206754    121.04578946940524    24.596202990996307    25    
57697.291697206754    116.80262749044581    25.09403157575859     25    
57697.791697206754    112.84946715188305    26.830364656731053    25    
57698.291697206754    109.0658502419755     28.540093580660646    25    
57698.791697206754    105.41506888005472    30.24520967157602     25    
57699.291697206754    101.84959964779132    30.866511027201085    25    
57699.791697206754    98.31223883313142     29.252171864813615    25    
57700.291697206754    94.84655491588317     26.62238395934682     25    
57700.791697206754    91.46430866154488     23.782649226308013    25    
57701.291697206754    88.18470162481341     20.649869176607627    25    
57701.791697206754    85.04194382858384     17.862949450512268    25    
57702.291697206754    82.0365192825021      15.629890992040925    25    
57702.791697206754    79.19839092857188     15.361191040045343    25    
57703.291697206754    76.51699493692308     16.463171673702497    25    
57703.791697206754    73.97945976293421     16.867051747602797    25    
57704.291697206754    71.58508401937257     16.924115942924427    25    
57704.791697206754    69.3140057336625      16.612807519709147    25    
57705.291697206754    67.16746112429934     15.925940858736366    25    
57705.791697206754    65.12540033105451     15.042497900364406    25    
57706.291697206754    63.189153831952616    13.90829783562842     25    
57706.791697206754    61.33896074663777     12.699436181971336    25    
57707.291697206754    59.5754793338601      11.275183657654132    25    
57707.791697206754    57.880004171940094    10.667739952098442    25    
57708.291697206754    56.25175482154952     11.005047484520174    25    
57708.791697206754    54.67384779848917     13.096071376380914    25    
57709.291697206754    53.14329748654856     15.685564878187888    25    
57709.791697206754    51.645808817812615    21.103475467702204    25    