@INSTRUMENT DECam
@BAND DECam_g
@MAGSYS AB
#Date : MJD
#Flux : 
#Fluxerr : 
#ZP : 
#end
57248.419  8.574  8.2427  27.487295499697606
57252.267  0.075  5.6756  27.487295499697606
57257.254  14.694  6.5036  27.487295499697606
57276.368  24.944  6.2663  27.487295499697606
57278.203  27.468  5.1889  27.487295499697606
57286.21  12.161  7.7921  27.487295499697606
57297.159  39.096  30.966  27.487295499697606
57301.278  4.231  9.8495  27.487295499697606
57305.279  0.28133  5.3923  27.487295499697606
57311.106  8.9865  6.2608  27.487295499697606
