53630.003702013695    6.430499157011641     1.5917945893433902     25    
53630.503702013695    7.472115384011195     1.5870274709706402     25    
53631.003702013695    8.581326934719808     1.594093511053236      25    
53631.503702013695    9.752573595647272     1.673461314338052      25    
53632.003702013695    10.98752341591663     1.817524008611159      25    
53632.503702013695    12.280198790486228    1.920710525694801      25    
53633.003702013695    13.630127768226437    1.9446867473983687     25    
53633.503702013695    15.035134770594016    1.9403167733357038     25    
53634.003702013695    16.49017915927355     1.9472731525109015     25    
53634.503702013695    17.99679273855701     1.956325288043274      25    
53635.003702013695    19.548716756682307    1.9646006618003895     25    
53635.503702013695    21.146177800791715    1.9719600826080221     25    
53636.003702013695    22.78619957044678     1.978765115489391      25    
53636.503702013695    24.464329124922475    1.9850962035033772     25    
53637.003702013695    26.181825778848516    1.9910120999586944     25    
53637.503702013695    27.932486321905152    1.9991819188799151     25    
53638.003702013695    29.71975078176886     2.0236348050470516     25    
53638.503702013695    31.53280044373763     2.027143649385974      25    
53639.003702013695    33.374169282542184    1.9522619781532362     25    
53639.503702013695    35.236394144162816    1.821596944513915      25    
53640.003702013695    37.04051965010679     1.7543878505069677     25    
53640.503702013695    38.80823177985743     1.7835466487235005     25    
53641.003702013695    40.463920901619325    1.833539046962264      25    
53641.503702013695    41.954123709334176    1.8594859318011814     25    
53642.003702013695    43.287677029414304    1.8803779891275672     25    
53642.503702013695    44.370485228909       1.8934503323675536     25    
53643.003702013695    45.19678190679609     1.895573634015126      25    
53643.503702013695    45.80725276705252     1.899824261597541      25    
53644.003702013695    46.19914366613878     1.9157549751623562     25    
53644.503702013695    46.394516735864784    1.9370751831868815     25    
53645.003702013695    46.47699393798765     1.9598982666393001     25    
53645.503702013695    46.425038913745       1.9878564923311763     25    
53646.003702013695    46.30700285544884     2.002944312263831      25    
53646.503702013695    46.16024185985827     2.0000018831218327     25    
53647.003702013695    45.96655172205396     1.9775720960625125     25    
53647.503702013695    45.73809740249019     1.9122703869221425     25    
53648.003702013695    45.47643139878227     1.7929746469486163     25    
53648.503702013695    45.1522012403554      1.701866749303452      25    
53649.003702013695    44.761780949985884    1.6968126545937656     25    
53649.503702013695    44.29820701712156     1.7223333224552648     25    
53650.003702013695    43.73640285930987     1.7207862834844396     25    
53650.503702013695    43.0808810672607      1.7047175721303363     25    
53651.003702013695    42.35209041535675     1.6870284506820616     25    
53651.503702013695    41.54190376645184     1.666313889646748      25    
53652.003702013695    40.67595159581555     1.6494152919392204     25    
53652.503702013695    39.785871097265876    1.6519802368238437     25    
53653.003702013695    38.86256577091464     1.669364193678705      25    
53653.503702013695    37.94843225325973     1.6746325632566983     25    
53654.003702013695    37.048070256909824    1.6696954779421853     25    
53654.503702013695    36.16064578518535     1.642940311709191      25    
53655.003702013695    35.2960150167895      1.5606023190090899     25    
53655.503702013695    34.449776577666746    1.432522493011778      25    
53656.003702013695    33.609403482717724    1.3506099788852595     25    
53656.503702013695    32.77705939467958     1.3461189716769555     25    
53657.003702013695    31.944786156582186    1.3594540573241582     25    
53657.503702013695    31.105280662751635    1.3514847402441363     25    
53658.003702013695    30.260839182361984    1.3385047094995244     25    
53658.503702013695    29.406126496739507    1.3196174880032943     25    
53659.003702013695    28.54120806897818     1.2905205752006241     25    
53659.503702013695    27.666613441974228    1.2671670745907537     25    
53660.003702013695    26.78212164269711     1.2658275947893425     25    
53660.503702013695    25.887921433742182    1.2746761253908496     25    
53661.003702013695    24.983765798658208    1.2767489657556088     25    
53661.503702013695    24.068169929312255    1.2799575086626453     25    
53662.003702013695    23.148993557876484    1.2518567429676626     25    
53662.503702013695    22.226413533087623    1.1452011688812693     25    
53663.003702013695    21.30482097275868     0.9978277867628279     25    
53663.503702013695    20.397406594604156    0.9189437889217348     25    
53664.003702013695    19.500291664198535    0.9156156233386415     25    
53664.503702013695    18.62696094464115     0.9213094901615511     25    
53665.003702013695    17.781282366360088    0.9145842573134323     25    
53665.503702013695    16.963281281337178    0.9063726045134511     25    
53666.003702013695    16.179345033497984    0.88755066829788       25    
53666.503702013695    15.428137499370724    0.8582903164677164     25    
53667.003702013695    14.708436182801751    0.835448804836509      25    
53667.503702013695    14.020339757193186    0.8268756605239558     25    
53668.003702013695    13.363314362837713    0.8237406504954364     25    
53668.503702013695    12.736628232759132    0.8195919300098324     25    
53669.003702013695    12.140495956624237    0.8162615200539561     25    
53669.503702013695    11.573592376540207    0.8095295729402266     25    
53670.003702013695    11.036132000017066    0.8045287181389459     25    
53670.503702013695    10.52718404316284     0.7862724540489048     25    
53671.003702013695    10.045778786996946    0.7243484869001698     25    
53671.503702013695    9.592144465070657     0.6226157525755256     25    
53672.003702013695    9.164673021895084     0.5538597008355598     25    
53672.503702013695    8.76437251559672      0.5532210217883671     25    
53673.003702013695    8.387939607634076     0.56779545277526       25    
53673.503702013695    8.033822502579312     0.55777202285184       25    
53674.003702013695    7.7016228363452495    0.5410913845898554     25    
53674.503702013695    7.383905286610935     0.5341556909398334     25    
53675.003702013695    7.082359717612258     0.5398929613175131     25    
53675.503702013695    6.7913381886384565    0.5466289349994904     25    
53676.003702013695    6.5062986869218165    0.548997164082009      25    
53676.503702013695    6.229268633829734     0.5485646317180991     25    
53677.003702013695    5.958994149095949     0.5400156470966948     25    
53677.503702013695    5.693972050127853     0.5224962236598494     25    
53678.003702013695    5.442311093340256     0.5001448214501041     25    
53678.503702013695    5.206053425837902     0.47014571344436074    25    
53679.003702013695    4.986677986547736     0.4377649337505858     25    
53679.503702013695    4.793024467244392     0.4245774361537061     25    
53680.003702013695    4.623905789980891     0.43237036438210774    25    
53680.503702013695    4.478146825932452     0.4370055635241774     25    
53681.003702013695    4.3597246709944155    0.4252477309744933     25    
53681.503702013695    4.260935891798068     0.41030676107852915    25    
53682.003702013695    4.170265099234936     0.40734964045283506    25    
53682.503702013695    4.09131383557211      0.4140303979226804     25    
53683.003702013695    4.009308365202939     0.42221290113799326    25    
53683.503702013695    3.9213790625075045    0.43259647472982593    25    
53684.003702013695    3.8272544822751247    0.4406935751080698     25    
53684.503702013695    3.720327261010458     0.43926062479715955    25    
53685.003702013695    3.6022822302601942    0.43034700554245814    25    
53685.503702013695    3.4836239774595477    0.40985217522142164    25    
53686.003702013695    3.363020374634948     0.36582399535134363    25    
53686.503702013695    3.246828039222757     0.3173479858990967     25    
53687.003702013695    3.1433157706241475    0.30084125949870655    25    
53687.503702013695    3.049949071768173     0.3079772675396271     25    
53688.003702013695    2.9719342592799265    0.30940162512077113    25    
53688.503702013695    2.9116713244468677    0.2988003887366706     25    
53689.003702013695    2.8626782241192883    0.29117811129008897    25    
53689.503702013695    2.821628344097361     0.29842687658205286    25    
53690.003702013695    2.788813173867186     0.3141537576209023     25    
53690.503702013695    2.755969538247036     0.32967431597041913    25    
53691.003702013695    2.724089284462042     0.34795284249101943    25    
53691.503702013695    2.6901193888144164    0.35869898973323283    25    
53692.003702013695    2.6504443394347335    0.35189662830466706    25    
53692.503702013695    2.6072507461229493    0.3344275447370552     25    
53693.003702013695    2.5628017002411023    0.31781052876100424    25    
53693.503702013695    2.516321352442672     0.300271713668153      25    
53694.003702013695    2.4706489754894263    0.2856010127304912     25    
53694.503702013695    2.4269866069960826    0.2784063811760794     25    
53695.003702013695    2.3853001497819455    0.2761472706427734     25    
53695.503702013695    2.347799715075669     0.2763666719392923     25    
53696.003702013695    2.3142736605978107    0.28030562051463026    25    
53696.503702013695    2.2839751263047074    0.2819063602042567     25    
53697.003702013695    2.2569442892102054    0.2777446163749095     25    
53697.503702013695    2.232818497421955     0.270760490136872      25    
53698.003702013695    2.210812828333434     0.26310525366556725    25    
53698.503702013695    2.1911663201107086    0.2539986499089671     25    
53699.003702013695    2.172972971457544     0.2459085183108335     25    
53699.503702013695    2.1562163149632596    0.2398721751493227     25    
53700.003702013695    2.140515536900815     0.23528411347683692    25    
53700.503702013695    2.1251674189937773    0.23143161429149925    25    
53701.003702013695    2.110380975990703     0.22846417289311055    25    
53701.503702013695    2.0952185692164313    0.23140478772943723    25    
53702.003702013695    2.0797570294356453    0.24204585831912961    25    
53702.503702013695    2.063502201212296     0.2561427983362717     25    
53703.003702013695    2.045842634249813     0.26566865730298744    25    
53703.503702013695    2.0269371925796773    0.27485473919917897    25    
53704.003702013695    2.005836727447368     0.30939155478738306    25    