#mB  c  mBmB x1x1 cc mBx1 mBc x1c
15.340709199397594  -0.3  0.002618056726883678  0.043036835138054376  0.0007433840580123532  0.004683452231284305  0.0012370334488625214  0.002298649810509201
15.341633450946217  0.3  0.0020616948759786253  0.02877515941441589  0.0006031874089025654  0.002665568178643116  0.0009727433526172554  0.0011716886591261232
15.846299134827946  0.0  0.002802100841273634  0.04668656884811831  0.0007913271499970565  0.0047447584911190594  0.0013240298677626872  0.002323572455751795
16.346299134827944  0.0  0.004042119378711767  0.07377861318962425  0.0011120536714000066  0.007491131515420946  0.0019150764027321707  0.0038633560768076476
16.846299134827948  0.0  0.006812092728969475  0.13365048258890064  0.0018412362614161114  0.01331889264364289  0.003247103775830973  0.007256489398727562
16.344767420248463  -0.15  0.004768819810016009  0.09120493771823537  0.0013032578702012322  0.009745660178838886  0.0022653023442943394  0.005125289213578056
16.345266349293567  0.15  0.0034912076359630935  0.060876354997354463  0.0009716505474132885  0.005890727975192681  0.001653220531495759  0.002967316335627113
17.340709199397594  -0.3  0.02119151463069679  0.4916003010416697  0.005798476796879485  0.05437835769811745  0.010289175938476865  0.031348205486511
17.34163345094622  0.3  0.008187590371700505  0.15288372335459888  0.002231704377288516  0.012736045157172604  0.003934905932502124  0.007206347546835165
