53666.47591690852    0.5104232334279997     0.11792514507795274     25    
53666.97591690852    0.5636265482161488     0.11767403237617607     25    
53667.47591690852    0.6191080338372751     0.11714523059839861     25    
53667.97591690852    0.6766602167047965     0.11758993200242669     25    
53668.47591690852    0.7360957929843271     0.12027155557616258     25    
53668.97591690852    0.7975682864907789     0.1260628885873402      25    
53669.47591690852    0.8610035909786049     0.1329070278758163      25    
53669.97591690852    0.9261942328612257     0.13851851995062045     25    
53670.47591690852    0.99301341756083       0.14124826625639722     25    
53670.97591690852    1.0616377200376954     0.1418609779416866      25    
53671.47591690852    1.1319094736443336     0.14150610523107301     25    
53671.97591690852    1.2036212047941621     0.14121511280089977     25    
53672.47591690852    1.2767469676703358     0.14147113987034132     25    
53672.97591690852    1.3514057093697265     0.14172859456159173     25    
53673.47591690852    1.4273965423472872     0.14196464058080552     25    
53673.97591690852    1.5045156976647955     0.1421720124143366      25    
53674.47591690852    1.5828673038256753     0.14234910811120313     25    
53674.97591690852    1.6624431149996997     0.14250116690848005     25    
53675.47591690852    1.743035657600291      0.14263282714954217     25    
53675.97591690852    1.824478620800446      0.14274595582436456     25    
53676.47591690852    1.9069452865396708     0.1428274146696164      25    
53676.97591690852    1.9903207974404415     0.14289537585905518     25    
53677.47591690852    2.0743976799161756     0.14297504854688237     25    
53677.97591690852    2.159129243855185      0.1433775247860057      25    
53678.47591690852    2.244723082705717      0.1444079136853141      25    
53678.97591690852    2.3308318600230287     0.1448997941223848      25    
53679.47591690852    2.4170695866679046     0.14361125775958383     25    
53679.97591690852    2.5040061132274096     0.13899271521338485     25    
53680.47591690852    2.591594852990437      0.13176629372488188     25    
53680.97591690852    2.6782376132011056     0.12451902648164055     25    
53681.47591690852    2.7624654004724296     0.12034281276318405     25    
53681.97591690852    2.8456567649722424     0.11997669186468755     25    
53682.47591690852    2.927070058408529      0.12163420326362119     25    
53682.97591690852    3.0045994885800114     0.12359455473406006     25    
53683.47591690852    3.076800434696622      0.12453082757214275     25    
53683.97591690852    3.145352756974169      0.12521001426527115     25    
53684.47591690852    3.2090133654794544     0.1257968016611953      25    
53684.97591690852    3.265987758858354      0.12624307602051452     25    
53685.47591690852    3.315143514673514      0.12644785978484124     25    
53685.97591690852    3.357372838557251      0.12641078907620468     25    
53686.47591690852    3.3933529080244234     0.12636778906271565     25    
53686.97591690852    3.4237261867008186     0.12655949399703278     25    
53687.47591690852    3.4476397573863227     0.127044237341676       25    
53687.97591690852    3.465458984965423      0.1276943430503808      25    
53688.47591690852    3.4789871340826943     0.12842491762151476     25    
53688.97591690852    3.489748775163865      0.12918503193382525     25    
53689.47591690852    3.496358704552017      0.13017112977183215     25    
53689.97591690852    3.4995969038497425     0.13115853398239263     25    
53690.47591690852    3.5011137273370094     0.13181296133337178     25    
53690.97591690852    3.502024256284806      0.13202162942650247     25    
53691.47591690852    3.5014239728226912     0.13212454627823422     25    
53691.97591690852    3.4993841701619743     0.13164007312673415     25    
53692.47591690852    3.496114383548318      0.13000017037157247     25    
53692.97591690852    3.4919061225670163     0.12618349007046437     25    
53693.47591690852    3.4866104422749333     0.12045290991554224     25    
53693.97591690852    3.4796740109564728     0.11470550164872542     25    
53694.47591690852    3.4705680230666514     0.11117747208697368     25    
53694.97591690852    3.4596103387852506     0.11060447075617653     25    
53695.47591690852    3.4467207738858265     0.1116209269218452      25    
53695.97591690852    3.4314108327509865     0.11281157830058039     25    
53696.47591690852    3.413236001364799      0.11300173967025137     25    
53696.97591690852    3.392274423759122      0.11270067455928436     25    
53697.47591690852    3.368822826507247      0.11223407524051585     25    
53697.97591690852    3.343160940284577      0.11175999186313837     25    
53698.47591690852    3.3152374807063176     0.11131096878722342     25    
53698.97591690852    3.284786766485545      0.11076906085141983     25    
53699.47591690852    3.2525096723842046     0.1103284586367717      25    
53699.97591690852    3.2191430543829553     0.11019950138166013     25    
53700.47591690852    3.1844560659320504     0.11062911821907154     25    
53700.97591690852    3.1483335420504477     0.11139871877987417     25    
53701.47591690852    3.11147909265199       0.1120597187988501      25    
53701.97591690852    3.0745360175954266     0.11223800121982887     25    
53702.47591690852    3.037217352675113      0.11236269668782771     25    
53702.97591690852    2.999492614323302      0.11214244631453081     25    
53703.47591690852    2.961565099080873      0.11097193552386535     25    
53703.97591690852    2.9236101570056325     0.10801280567454086     25    
53704.47591690852    2.8855730480308504     0.10275894600877976     25    
53704.97591690852    2.847318097342077      0.09677013567771321     25    
53705.47591690852    2.808713104189578      0.09212083867680279     25    
53705.97591690852    2.7697537064210715     0.0904096760871289      25    
53706.47591690852    2.7305062156399296     0.09063386999775704     25    
53706.97591690852    2.690838380501462      0.091515766514512       25    
53707.47591690852    2.650619015107774      0.09180503997597617     25    
53707.97591690852    2.6098965855311667     0.0915665937679895      25    
53708.47591690852    2.568679454572629      0.0912250282672226      25    
53708.97591690852    2.52688732741968       0.0907746189831755      25    
53709.47591690852    2.484454858237503      0.09017768692919503     25    
53709.97591690852    2.4414311493684213     0.08928915474645256     25    
53710.47591690852    2.3977988677489384     0.08834227315518929     25    
53710.97591690852    2.3535186022990717     0.08764841592602886     25    
53711.47591690852    2.3085713827566123     0.08749617046373731     25    
53711.97591690852    2.262982435305051      0.08779410929388402     25    
53712.47591690852    2.2167340718448667     0.08820192231951013     25    
53712.97591690852    2.1698057595947366     0.08837931130376507     25    
53713.47591690852    2.1220627172193165     0.08867686362624584     25    
53713.97591690852    2.073575618093351      0.08904956191632116     25    
53714.47591690852    2.024632111500659      0.08857316750697676     25    
53714.97591690852    1.9754801996663727     0.08623900005561717     25    
53715.47591690852    1.9257689041940569     0.08088426011821348     25    
53715.97591690852    1.8757611754291401     0.07370540353703388     25    
53716.47591690852    1.8260045763190742     0.06693214705836482     25    
53716.97591690852    1.776835320957837      0.06327532944763879     25    
53717.47591690852    1.7277910317955207     0.062441956602655495    25    
53717.97591690852    1.6792795463836865     0.06298419201130964     25    
53718.47591690852    1.6318388694290302     0.06343354353307817     25    
53718.97591690852    1.5856610202757582     0.06316380771902576     25    
53719.47591690852    1.5404540384738141     0.06294820679031256     25    
53719.97591690852    1.4963766478649436     0.0626779799263479      25    
53720.47591690852    1.453598530027111      0.062216501199021924    25    
53720.97591690852    1.4122146509138485     0.06142047700488165     25    
53721.47591690852    1.3720903686689379     0.06043556006023605     25    
53721.97591690852    1.3330473969977825     0.05952400788343693     25    
53722.47591690852    1.2949435374243168     0.058946182861786545    25    
53722.97591690852    1.2579316747805656     0.05868756037827692     25    
53723.47591690852    1.2219071201909721     0.058593987320625325    25    
53723.97591690852    1.1866835020708923     0.058522214451325154    25    
53724.47591690852    1.1521481408768568     0.05839661599171669     25    
53724.97591690852    1.1184099884916288     0.058313743311377994    25    
53725.47591690852    1.0854381530730894     0.0582028196178117      25    
53725.97591690852    1.053187839675672      0.05797822316637522     25    
53726.47591690852    1.0216019222612334     0.057886770188026       25    
53726.97591690852    0.9907171349573792     0.05787678630350486     25    
53727.47591690852    0.9606384602018029     0.05730450243029488     25    
53727.97591690852    0.9314633387830437     0.055458972296564164    25    
53728.47591690852    0.903117435191023      0.05139229601039583     25    
53728.97591690852    0.8756322669247626     0.04586111029128118     25    
53729.47591690852    0.8491158820296125     0.04050899556656476     25    
53729.97591690852    0.8236594234788456     0.037600808808455274    25    
53730.47591690852    0.7992256164852861     0.037205179114973196    25    
53730.97591690852    0.7757792609166897     0.03800789646414639     25    
53731.47591690852    0.753294415783651      0.03864279575134299     25    
53731.97591690852    0.7318152102148423     0.03836873544138148     25    
53732.47591690852    0.7113744319305837     0.03786543388397623     25    
53732.97591690852    0.691792706417508      0.03738199186114986     25    
53733.47591690852    0.6728867119596181     0.03715298996636571     25    
53733.97591690852    0.654737721621636      0.03730603699406475     25    
53734.47591690852    0.6373526970884043     0.03767419906376714     25    
53734.97591690852    0.6205404764683642     0.0380470271790947      25    
53735.47591690852    0.6041320934143708     0.038245172388615085    25    
53735.97591690852    0.5882227751219326     0.038374943916593574    25    
53736.47591690852    0.5728009520223882     0.03842096642612628     25    
53736.97591690852    0.5577929244184372     0.03830004391630475     25    
53737.47591690852    0.5431295986094721     0.03795461188829668     25    
53737.97591690852    0.5288236859450778     0.037426615824362075    25    
53738.47591690852    0.5149556936470854     0.0367003687424616      25    
53738.97591690852    0.5016080438017103     0.03574789260864783     25    
53739.47591690852    0.4887732683250699     0.03433360563414215     25    
53739.97591690852    0.4764172189882769     0.03245105815102896     25    
53740.47591690852    0.4646301995120517     0.03061711470407128     25    
53740.97591690852    0.45350152055328247    0.02946803065673446     25    
53741.47591690852    0.44303771507612305    0.02931354573051206     25    
53741.97591690852    0.43319508171624727    0.029699437316885027    25    
53742.47591690852    0.42394395991520034    0.030076235124382848    25    
53742.97591690852    0.4152855485734078     0.029968159008685002    25    
53743.47591690852    0.40732530327588873    0.029483930280120127    25    
53743.97591690852    0.39989796403296846    0.02889292650669619     25    
53744.47591690852    0.3927939452285527     0.028449784824070318    25    
53744.97591690852    0.3859574442917124     0.02833821168539309     25    
53745.47591690852    0.3795355923095336     0.028438110118298103    25    
53745.97591690852    0.37332137381054153    0.02864751014448766     25    
53746.47591690852    0.36709262413857985    0.028870104320417235    25    
53746.97591690852    0.36085976039269285    0.029168635964709706    25    
53747.47591690852    0.35469211783895455    0.029535594942538473    25    
53747.97591690852    0.34850084824189337    0.029812660784895053    25    
53748.47591690852    0.34219539470839616    0.029869843381456502    25    
53748.97591690852    0.3357279720520137     0.02986119340679142     25    
53749.47591690852    0.32920863062352534    0.02968054136962668     25    
53749.97591690852    0.3227723891082389     0.029105055007623122    25    
53750.47591690852    0.3164901558202883     0.027792165380899868    25    
53750.97591690852    0.3102421322325536     0.02545561523078678     25    
53751.47591690852    0.30415479910140536    0.02268273443288687     25    
53751.97591690852    0.29838367740944033    0.020402496457146098    25    
53752.47591690852    0.29296906569720127    0.01952351908234535     25    
53752.97591690852    0.2878314424511419     0.019642409645356292    25    
53753.47591690852    0.2830313319219801     0.020071838935479692    25    
53753.97591690852    0.27863186052548494    0.02013565674120814     25    
53754.47591690852    0.2746899712943034     0.01974395601231371     25    
53754.97591690852    0.2711321025270626     0.01922328220152424     25    
53755.47591690852    0.2678452331157197     0.018811649510349304    25    
53755.97591690852    0.26474550034049055    0.01874619191239884     25    
53756.47591690852    0.2619380998207328     0.018996249167175707    25    
53756.97591690852    0.2593390988993625     0.019415907405593978    25    
53757.47591690852    0.2568163325616983     0.01987547490333362     25    
53757.97591690852    0.25430949054513413    0.020362125221516023    25    
53758.47591690852    0.2519058289899079     0.020982784615000458    25    
53758.97591690852    0.24953394108853216    0.021517922486526047    25    
53759.47591690852    0.24711221365503244    0.021751209131807597    25    
53759.97591690852    0.24461152758025723    0.02155731866220757     25    
53760.47591690852    0.24207439062826844    0.021071292765866306    25    
53760.97591690852    0.23952662992291218    0.02047539925524866     25    
53761.47591690852    0.2369909459841862     0.019954980128694358    25    
53761.97591690852    0.23444094705019553    0.019442510957190885    25    
53762.47591690852    0.2318943024568339     0.018916934072794683    25    
53762.97591690852    0.2293905390678653     0.018435438752106983    25    
53763.47591690852    0.2269559900138941     0.01804551600907653     25    
53763.97591690852    0.22456203149500834    0.017719535564624245    25    
53764.47591690852    0.22222729055501542    0.01746656319089026     25    
53764.97591690852    0.21997811407437304    0.017303756632835256    25    
53765.47591690852    0.21782851650377974    0.01728615902242533     25    
53765.97591690852    0.21576480944860885    0.0174128594113421      25    
53766.47591690852    0.21378137698258312    0.017549580024042586    25    
53766.97591690852    0.211873050477972      0.017563849654733843    25    
53767.47591690852    0.21004490055977482    0.017427503501927323    25    
53767.97591690852    0.20829482580099484    0.017208015845595368    25    
53768.47591690852    0.20661286927364078    0.01695459429743821     25    
53768.97591690852    0.20499104950423472    0.016709400463970327    25    
53769.47591690852    0.20343768251903502    0.01643370114440446     25    
53769.97591690852    0.20194725616270576    0.016147190351205133    25    
53770.47591690852    0.20050981350725544    0.01589261493812595     25    
53770.97591690852    0.19912110668823707    0.01570336158389047     25    
53771.47591690852    0.19778889860464488    0.015561856545400871    25    
53771.97591690852    0.1965044966193765     0.01545535438766727     25    
53772.47591690852    0.1952579438044402     0.015372190515864352    25    
53772.97591690852    0.19405066184984224    0.015255568953410117    25    
53773.47591690852    0.1928859886364675     0.015129313208745564    25    
53773.97591690852    0.19175398699086982    0.015121593085304552    25    
53774.47591690852    0.190645411148682      0.015360832340736404    25    
53774.97591690852    0.18956715480891337    0.015916971572520183    25    
53775.47591690852    0.1885163924343661     0.016624225017545513    25    
53775.97591690852    0.18748316709704893    0.017293205461843337    25    
53776.47591690852    0.1864608603870981     0.017717519858931264    25    
53776.97591690852    0.1854580253853134     0.017771175064388727    25    
53777.47591690852    0.18446754981820365    0.017922162115562447    25    
53777.97591690852    0.18347947675777665    0.018676090032025326    25    
53778.47591690852    0.18249175109409574    0.019935294613721243    25    