@INSTRUMENT MOSAICII
@BAND MOSAICII_R
@MAGSYS Linear_AB11_off
#Date : MJD
#Flux : 
#Fluxerr : 
#ZP : 
#end
52553.1296  -2.4375  1.5129  25.0
52559.1439  -0.8194  1.2442  25.0
52577.1558  -1.3454  0.6342  25.0
52581.1503  0.6177  0.7679  25.0
52583.1214  0.5536  0.7828  25.0
52932.1057  -0.0151  0.4608  25.0
52942.0936  -0.9339  0.5592  25.0
52944.0621  -3.2137  1.3049  25.0
52960.1131  -0.5331  0.7543  25.0
52964.1172  -0.822  0.6663  25.0
52968.0622  1.248  0.8966  25.0
52970.1158  1.6509  0.4629  25.0
52970.1842  1.7661  0.4776  25.0
52972.1108  2.7729  0.6171  25.0
52974.0672  3.3483  0.5725  25.0
52976.0678  3.1419  0.6379  25.0
52988.1169  6.5549  0.5038  25.0
52992.143  5.3813  0.5669  25.0
52996.1139  6.2039  0.4821  25.0
52998.1039  4.8697  0.6172  25.0
53000.1047  4.3005  0.443  25.0
53004.1134  1.1126  1.2242  25.0
53268.1714  0.344  0.6882  25.0
53287.0852  -1.4688  1.0916  25.0
53295.0874  0.2778  0.5922  25.0
53299.0951  -0.0174  0.5152  25.0
53321.0965  0.0157  0.5512  25.0
53325.0965  -0.6813  0.4659  25.0
53329.1088  -0.1754  0.5895  25.0
53344.1265  -0.6944  0.5424  25.0
53348.1043  0.5277  0.4467  25.0
53352.0693  0.8572  0.3867  25.0
53354.0776  0.7794  0.3932  25.0
53356.1041  -0.1874  0.4314  25.0
53358.0896  -0.4391  0.5463  25.0
53360.1138  0.393  1.1668  25.0
53379.0632  0.7288  0.3878  25.0
53383.0479  0.089  0.4661  25.0
53387.0496  -1.7485  1.1496  25.0
53641.1163  -1.6056  0.7461  25.0
53649.1142  -1.3455  1.1559  25.0
53654.1059  -0.5972  0.7281  25.0
53682.1161  0.6306  0.9294  25.0
53698.0967  0.4249  0.5824  25.0
53704.1168  0.5335  0.4266  25.0
53728.0958  0.8687  0.5258  25.0
53733.0845  -0.3948  0.3812  25.0
53735.0676  -0.1082  0.4122  25.0
53994.2683  0.6171  0.4553  25.0
54003.2714  0.4256  0.6481  25.0
54021.3422  -0.4845  1.2257  25.0
54023.2669  0.5437  0.6408  25.0
54027.2922  -0.1689  0.5051  25.0
54031.3067  -0.3876  0.5439  25.0
54037.2922  -1.1109  0.6595  25.0
54039.2723  -0.4871  0.9458  25.0
54053.0864  -0.3556  0.5313  25.0
54059.2366  -1.4513  1.092  25.0
54063.2496  -0.2267  0.5266  25.0
54065.2239  -0.3766  0.5514  25.0
54067.2281  -0.77  0.6972  25.0
54069.2191  -0.0008  1.2638  25.0
54088.1256  1.0379  0.4629  25.0
54090.1038  0.6759  0.338  25.0
54092.1088  -0.2314  0.3408  25.0
54094.1078  0.128  0.5108  25.0
54096.1242  -1.5299  1.1203  25.0
54098.1326  -2.3647  1.3822  25.0
54099.0608  -1.1997  1.8255  25.0
54111.1055  0.0933  0.5989  25.0
54113.098  -0.8099  0.6037  25.0
54114.0853  -0.3622  0.7347  25.0
54351.3084  -0.2565  0.5859  25.0
54354.3153  -0.1499  0.6959  25.0
54357.3527  0.8256  0.8796  25.0
54363.3616  -0.3347  0.5456  25.0
54377.2681  0.1212  0.5057  25.0
54379.2835  -0.0974  0.7665  25.0
54381.2504  0.2998  0.4548  25.0
54383.3196  0.1236  0.387  25.0
54393.2886  0.3355  0.5614  25.0
54407.2437  -1.5701  0.7771  25.0
54409.29  -0.3046  0.4937  25.0
54411.2689  0.1027  0.5041  25.0
54415.1234  -0.2015  0.5186  25.0
54417.0638  -0.1206  0.4056  25.0
54421.0941  0.0602  0.4888  25.0
54423.2532  0.6306  0.7722  25.0
54437.1719  -0.8296  0.6615  25.0
54441.076  0.3454  0.4438  25.0
