53333.21917784214    0.6715812561368992    0.09903821825612999     25    
53333.71917784214    0.7462474349284522    0.09913074089489263     25    
53334.21917784214    0.8242868357225952    0.09918101949847037     25    
53334.71917784214    0.9053654903047097    0.09952865958701353     25    
53335.21917784214    0.9892511456516578    0.1005383481163811      25    
53335.71917784214    1.0761921993736998    0.10231330646220112     25    
53336.21917784214    1.16594723419068      0.10421539899813202     25    
53336.71917784214    1.2581824981644474    0.10558037011863326     25    
53337.21917784214    1.3529702350168953    0.10615634401828362     25    
53337.71917784214    1.450346680271249     0.1063094307887936      25    
53338.21917784214    1.5499778657128902    0.10635302246861682     25    
53338.71917784214    1.6516411351286282    0.10653921753399602     25    
53339.21917784214    1.755584021022863     0.10674699541234438     25    
53339.71917784214    1.8615563744113512    0.10693857590989513     25    
53340.21917784214    1.969225092185334     0.10710907935879586     25    
53340.71917784214    2.078679448921959     0.10725301857432963     25    
53341.21917784214    2.189938000459802     0.10737694774044597     25    
53341.71917784214    2.3026667785842463    0.10749293323795917     25    
53342.21917784214    2.416653156444983     0.10760396239488076     25    
53342.71917784214    2.532142936334689     0.10769200176462498     25    
53343.21917784214    2.648877670117964     0.10779345735803013     25    
53343.71917784214    2.766526053064252     0.1079470713587708      25    
53344.21917784214    2.8853073909621743    0.10755643079933938     25    
53344.71917784214    3.0051314976498102    0.10708869953694579     25    
53345.21917784214    3.125413270875062     0.10787944474348925     25    
53345.71917784214    3.246079287218607     0.11130235771991707     25    
53346.21917784214    3.3680720922949594    0.11730742427068357     25    
53346.71917784214    3.4894107157928373    0.1234873701198317      25    
53347.21917784214    3.607829295076729     0.12771339237592233     25    
53347.71917784214    3.7244860386562064    0.1295688325515559      25    
53348.21917784214    3.8389903598981165    0.13023620777116807     25    
53348.71917784214    3.94833775342124      0.13058360269685243     25    
53349.21917784214    4.050727456768687     0.13125046411537453     25    
53349.71917784214    4.148189528071622     0.13187124663540306     25    
53350.21917784214    4.238669074838314     0.13235320003415785     25    
53350.71917784214    4.319628374954196     0.1326654247487358      25    
53351.21917784214    4.390424630210949     0.1326379486076191      25    
53351.71917784214    4.452358157181284     0.13243361643589724     25    
53352.21917784214    4.5064402198034115    0.13240820612213114     25    
53352.71917784214    4.552898958715506     0.1328484480716639      25    
53353.21917784214    4.590592685774174     0.13362771683633337     25    
53353.71917784214    4.621899958397621     0.13458106401898165     25    
53354.21917784214    4.649448268451629     0.13556683781852186     25    
53354.71917784214    4.672156490331891     0.13682447932770736     25    
53355.21917784214    4.690296156214443     0.13815532523582252     25    
53355.71917784214    4.706311420707488     0.13905265954106943     25    
53356.21917784214    4.7218938649764555    0.13938669535044765     25    
53356.71917784214    4.735885803973596     0.13964139219033112     25    
53357.21917784214    4.748281284707839     0.13885334690690548     25    
53357.71917784214    4.7592536180729175    0.13587021955914966     25    
53358.21917784214    4.769307368492616     0.12882742728290206     25    
53358.71917784214    4.777869649421552     0.11934003561019901     25    
53359.21917784214    4.783888918183214     0.1110176066397816      25    
53359.71917784214    4.786852405565769     0.10768316051502375     25    
53360.21917784214    4.78744535444106      0.10832433376390023     25    
53360.71917784214    4.784837739413674     0.11034417604257807     25    
53361.21917784214    4.778095095064096     0.11127411707516818     25    
53361.71917784214    4.767145293058294     0.111140996468775       25    
53362.21917784214    4.752384036888271     0.11077172683774242     25    
53362.71917784214    4.734031806836262     0.1103517236386186      25    
53363.21917784214    4.712023800688059     0.10993417085614034     25    
53363.71917784214    4.686092480095111     0.10937507442639134     25    
53364.21917784214    4.657094988261766     0.10895651554808583     25    
53364.71917784214    4.6259036547655175    0.10899769686046346     25    
53365.21917784214    4.5920283703201195    0.10977837007328277     25    
53365.71917784214    4.555705496098544     0.11085540117656958     25    
53366.21917784214    4.517818887260836     0.11161058208572695     25    
53366.71917784214    4.4788472570482485    0.11182160981583822     25    
53367.21917784214    4.4383189043501785    0.11188060511333846     25    
53367.71917784214    4.3965119623474225    0.1111942767708418      25    
53368.21917784214    4.353746153267642     0.10904436250978412     25    
53368.71917784214    4.3100088689892       0.10432136558031531     25    
53369.21917784214    4.2651882856855385    0.09826756537376238     25    
53369.71917784214    4.219242784387233     0.0931881390191988      25    
53370.21917784214    4.172155018474701     0.09122257841858371     25    
53370.71917784214    4.123948704846346     0.09151204494777392     25    
53371.21917784214    4.074595787643274     0.09253844561216801     25    
53371.71917784214    4.02405865177852      0.09287460623340538     25    
53372.21917784214    3.972232520134731     0.09271073123047027     25    
53372.71917784214    3.919263971171131     0.09242834601282002     25    
53373.21917784214    3.865379307068476     0.09204455666526312     25    
53373.71917784214    3.810596152842079     0.09146423647612732     25    
53374.21917784214    3.7547675704938244    0.0906399159179831      25    
53374.71917784214    3.6982932148613       0.0899469464272373      25    
53375.21917784214    3.6415537653039673    0.08978675532284647     25    
53375.71917784214    3.584284485233773     0.09034604225347817     25    
53376.21917784214    3.526652088836465     0.09119351911400168     25    
53376.71917784214    3.4690727458458297    0.09181533179972728     25    
53377.21917784214    3.4116969736308316    0.09213936145589459     25    
53377.71917784214    3.3543075610819826    0.09245385698006224     25    
53378.21917784214    3.2971623714931297    0.09208311069562737     25    
53378.71917784214    3.2405118555781       0.0902475168422475      25    
53379.21917784214    3.1842318405938785    0.08606004838306333     25    
53379.71917784214    3.1283640227491163    0.08075741949637748     25    
53380.21917784214    3.0730634859076917    0.07637973743875509     25    
53380.71917784214    3.0183657414715563    0.07466196062931978     25    
53381.21917784214    2.964192108311512     0.0747171884394974      25    
53381.71917784214    2.9106875896464346    0.0753367508165047      25    
53382.21917784214    2.8579844779793593    0.07540903476636499     25    
53382.71917784214    2.805985367610367     0.07524958896646171     25    
53383.21917784214    2.754755409549932     0.07502359133947624     25    
53383.71917784214    2.7044352168520147    0.07460403961270237     25    
53384.21917784214    2.6550524611523874    0.07380332635568372     25    
53384.71917784214    2.6065407316091376    0.07267377738371528     25    
53385.21917784214    2.5590270424093418    0.07159850266616481     25    
53385.71917784214    2.512623838725541     0.0709697799965926      25    
53386.21917784214    2.4672442534742878    0.07081266031902138     25    
53386.71917784214    2.4229493214304085    0.07087774618473949     25    
53387.21917784214    2.379861041999841     0.07092267151234308     25    
53387.71917784214    2.338066683898439     0.07085296346755139     25    
53388.21917784214    2.297504344970345     0.0707811595347398      25    
53388.71917784214    2.2580772958530932    0.07066077664969768     25    
53389.21917784214    2.21972209008395      0.07045781803643719     25    
53389.71917784214    2.182610327350715     0.07025281387118303     25    
53390.21917784214    2.146519027972533     0.0699417748231164      25    
53390.71917784214    2.111120336518278     0.06936812551524382     25    
53391.21917784214    2.0763891245689887    0.06827160318068641     25    
53391.71917784214    2.042453478646514     0.06674472734771195     25    
53392.21917784214    2.008986791115551     0.06532790764695416     25    
53392.71917784214    1.975699474488536     0.064587968918204       25    
53393.21917784214    1.942724048493648     0.06458888119706031     25    
53393.71917784214    1.9100525514995699    0.06487508583145689     25    
53394.21917784214    1.8775987564991685    0.06497189721773765     25    
53394.71917784214    1.845256048924422     0.06454980369659201     25    
53395.21917784214    1.8130870914019275    0.06386668932912949     25    
53395.71917784214    1.781295685782637     0.06333246328201633     25    
53396.21917784214    1.7500421221138305    0.06335929120846305     25    
53396.71917784214    1.7191716003980118    0.06399771270966356     25    
53397.21917784214    1.6888198467817221    0.06484073668106781     25    
53397.71917784214    1.6592040852740966    0.06546718261668982     25    
53398.21917784214    1.6303809025472187    0.0657819010887834      25    
53398.71917784214    1.6022605704589643    0.06595698186694685     25    
53399.21917784214    1.574896370998362     0.06587596814750242     25    
53399.71917784214    1.5483517213916977    0.06543365714309027     25    
53400.21917784214    1.5226753200461667    0.06466089427854099     25    
53400.71917784214    1.4977294058956565    0.06356707085348472     25    
53401.21917784214    1.4733508212693671    0.06213928534269256     25    
53401.71917784214    1.4495566808405749    0.06001453328460752     25    
53402.21917784214    1.4263854554848714    0.05728539837323355     25    
53402.71917784214    1.4036604931329857    0.05483008008940041     25    
53403.21917784214    1.3812433615533721    0.053638279653357976    25    
53403.71917784214    1.359239831330492     0.05381320653991484     25    
53404.21917784214    1.3375833748375312    0.05447270001104771     25    
53404.71917784214    1.3161622771613448    0.05469737110624834     25    
53405.21917784214    1.294951233533095     0.05403296502863244     25    
53405.71917784214    1.273994477842053     0.05296399996072594     25    
53406.21917784214    1.2532776197832411    0.05199536392887109     25    
53406.71917784214    1.2327893550934552    0.05160251235040772     25    
53407.21917784214    1.2125373108990276    0.051673117209815295    25    
53407.71917784214    1.1925181889209693    0.05198479929531572     25    
53408.21917784214    1.1727258236619367    0.05234923421064839     25    
53408.71917784214    1.1531517183882254    0.05285355146610869     25    
53409.21917784214    1.1338028201586012    0.05348560240628569     25    
53409.71917784214    1.1146958601495647    0.053933554523851616    25    
53410.21917784214    1.0958372086635038    0.053986006838873175    25    
53410.71917784214    1.0772007277712143    0.05386061322908527     25    
53411.21917784214    1.0588311443996439    0.053360495392743706    25    
53411.71917784214    1.0407834849522002    0.052195098782614816    25    
53412.21917784214    1.0230435100943687    0.04973125681149109     25    
53412.71917784214    1.005607159436434     0.04628532726166947     25    
53413.21917784214    0.9885328113303248    0.04305321815911893     25    
53413.71917784214    0.9718646866314476    0.041429578674386375    25    
53414.21917784214    0.9555732399724323    0.04134310864829903     25    
53414.71917784214    0.9396678234863023    0.04182390354767778     25    
53415.21917784214    0.9241664940353923    0.04189624504485328     25    
53415.71917784214    0.9090981214775368    0.041213921785771206    25    
53416.21917784214    0.8944361466671767    0.040270547771766495    25    
53416.71917784214    0.8801224198159565    0.03949212606719831     25    
53417.21917784214    0.8661217670652293    0.03926343055457865     25    
53417.71917784214    0.8524794710886439    0.03945930839285178     25    
53418.21917784214    0.8391428783370751    0.03989628996533411     25    
53418.71917784214    0.8260459601767751    0.04041622278189578     25    
53419.21917784214    0.8131943167527207    0.04119490633757275     25    
53419.71917784214    0.8006005800415403    0.04211251504173032     25    
53420.21917784214    0.7882341406353632    0.04274527622653148     25    
53420.71917784214    0.776063996390818     0.042744959666942674    25    
53421.21917784214    0.7640898936534778    0.042214844595992985    25    
53421.71917784214    0.7523549207385248    0.04141316206258029     25    
53422.21917784214    0.7409038818144875    0.04060034751370046     25    
53422.71917784214    0.7297152458109482    0.03994869572278066     25    
53423.21917784214    0.7187957810971286    0.039235185373244635    25    
53423.71917784214    0.7082005379110312    0.03812575108266994     25    
53424.21917784214    0.6979649108497671    0.03613526730166226     25    
53424.71917784214    0.688056298365629     0.03295779530550075     25    
53425.21917784214    0.6784979329756027    0.029433211833487172    25    
53425.71917784214    0.6693201940096082    0.0268808356248973      25    
53426.21917784214    0.660538318121498     0.026130063403080838    25    
53426.71917784214    0.6521294132846363    0.02644165331336595     25    
53427.21917784214    0.6440647320671916    0.026866219605004366    25    
53427.71917784214    0.6363307767612456    0.026720123039556492    25    
53428.21917784214    0.6289498381642937    0.026406796220429695    25    
53428.71917784214    0.6218896050807861    0.0260521021539402      25    
53429.21917784214    0.6151135984966111    0.02572559164052444     25    
53429.71917784214    0.6086389535387083    0.02540052403122182     25    
53430.21917784214    0.6024597557688247    0.02508271127174836     25    
53430.71917784214    0.5965385595572505    0.024835230335425996    25    
53431.21917784214    0.590856930990798     0.024710031681361117    25    
53431.71917784214    0.5854404818034602    0.02468612380063876     25    
53432.21917784214    0.5802567758490054    0.02473397956698555     25    
53432.71917784214    0.5752696645660221    0.024817354469784194    25    
53433.21917784214    0.5704976772301533    0.024691604679394793    25    
53433.71917784214    0.5659331748017417    0.024623556041669104    25    
53434.21917784214    0.5615387116510786    0.025120933011656507    25    
53434.71917784214    0.5572972360943663    0.026676384829670306    25    
53435.21917784214    0.5532336504609212    0.02908283820100983     25    
53435.71917784214    0.549314845779798     0.03140695877899774     25    
53436.21917784214    0.5455050524415613    0.03292832222818841     25    
53436.71917784214    0.5418240968720045    0.03334725181900466     25    
53437.21917784214    0.5382626639293435    0.03341957939281713     25    
53437.71917784214    0.5347833079838706    0.034061072254480476    25    
53438.21917784214    0.5313704080804535    0.03552415846415252     25    