#mB  c  mBmB x1x1 cc mBx1 mBc x1c
21.9765879050618  -0.3  0.00028953074213184494  0.013106669894420808  0.000322808747977594  0.0010338947991455046  0.00017100170165243401  0.00033556042962447737
21.97663271861247  0.3  0.00034502879834824823  0.01365770203573145  0.00035703568957340577  0.0011593984213540435  0.0002484514018454234  0.00052383851265325
22.48168399497709  0.0  0.00034406097768968126  0.01672954172603786  0.0004024837879961156  0.001312378944737517  0.00022393446224933878  0.00047599269198584764
22.981683994977086  0.0  0.00039372744939290046  0.023051137277124507  0.0004890979269269462  0.0016912164645169821  0.00023458189319779403  0.0004956624781548447
23.48168399497709  0.0  0.0005012099623420266  0.0365687582578573  0.0006316946448070215  0.0024814615823204058  0.0002522704432584103  0.0005304075445816763
22.980385857967057  -0.15  0.00037978665541402385  0.02306996026900041  0.00046558166265779627  0.001673026873812787  0.00019701226188908785  0.00041408770343677394
22.98044472280452  0.15  0.00040809149375184943  0.02286521012383365  0.0005042776175854152  0.0016887920506200526  0.00026791575058574023  0.0005453036609791159
23.9765879050618  -0.3  0.0007350335511103302  0.06787627947840469  0.0006959812856101909  0.004221482721647353  9.273810326166203e-05  0.0003191756495944493
23.976632718612475  0.3  0.0008086823472313004  0.06507550450773712  0.0011191904818381936  0.004023134851909859  0.0005160478669876254  0.0006523381836622681
