51737.45173511545    2966.118753136103     894.8966594104143     25    
51737.95173511545    3679.7491496171615    827.5740555033333     25    
51738.45173511545    4482.933710185064     914.7750145741256     25    
51738.95173511545    5379.279805449262     1394.934326339721     25    
51739.45173511545    6371.959376866297     1758.4814391278676    25    
51739.95173511545    7464.793138411024     1809.7185704832748    25    
51740.45173511545    8660.743185143425     1774.6767668944283    25    
51740.95173511545    9963.83658046606      1778.1016739446502    25    
51741.45173511545    11376.83256698006     1780.126940070806     25    
51741.95173511545    12903.957563577967    1780.0534483498463    25    
51742.45173511545    14547.774954339791    1778.081532262784     25    
51742.95173511545    16312.703519710358    1773.933416997028     25    
51743.45173511545    18201.117779186246    1768.421460238375     25    
51743.95173511545    20220.938625908107    1759.1487936287808    25    
51744.45173511545    22365.878308441424    1754.9975104986943    25    
51744.95173511545    24652.612263094787    1775.6927939837753    25    
51745.45173511545    27023.86357858543     1803.9257946402656    25    
51745.95173511545    29411.143991201177    1816.7520286557756    25    
51746.45173511545    31763.92316720068     1823.9124569289413    25    
51746.95173511545    33967.63193324124     1832.9214527819868    25    
51747.45173511545    35995.57765194808     1840.068183568738     25    
51747.95173511545    37717.64535869762     1839.632053240065     25    
51748.45173511545    39177.16850368565     1836.7352233498175    25    
51748.95173511545    40379.275117079036    1840.4944153521633    25    
51749.45173511545    41360.59285851224     1848.1391628879753    25    
51749.95173511545    42199.90897338196     1860.8088508959218    25    
51750.45173511545    42910.34218693908     1873.4615322860345    25    
51750.95173511545    43578.66303253569     1901.5393008314848    25    
51751.45173511545    44183.93259996141     1889.945899691817     25    
51751.95173511545    44731.23678479535     1604.716890398936     25    
51752.45173511545    45203.02715585216     1094.7659322195386    25    
51752.95173511545    45555.57300423473     918.9581135333192     25    
51753.45173511545    45784.49635571617     1014.8123132276673    25    
51753.95173511545    45841.70727735598     1023.6845916257801    25    
51754.45173511545    45740.74063051957     1017.4212612488316    25    
51754.95173511545    45489.16068551016     1007.5726948059395    25    
51755.45173511545    45098.3259707136      996.5667268474044     25    
51755.95173511545    44612.36570189549     999.6480266758003     25    
51756.45173511545    44034.39293206411     1010.2524815823926    25    
51756.95173511545    43411.006889802615    1002.3227948246561    25    
51757.45173511545    42736.394504191405    991.8336303021838     25    
51757.95173511545    42021.81090535998     1050.32497331686      25    
51758.45173511545    41262.417951133844    1143.3047462504749    25    
51758.95173511545    40443.88410407333     1182.0275931062993    25    
51759.45173511545    39565.951974242445    1187.5501893623245    25    
51759.95173511545    38612.667746916195    1187.229637797759     25    
51760.45173511545    37589.28664134968     1178.8534865530817    25    
51760.95173511545    36512.169247678976    1165.2819513121083    25    
51761.45173511545    35385.532896619385    1147.9169097621643    25    
51761.95173511545    34251.49861935938     1145.0168011669778    25    
51762.45173511545    33110.64322854191     1152.8094447333328    25    
51762.95173511545    32006.24341738589     1153.8796223481713    25    
51763.45173511545    30935.79913143895     1148.7043977996766    25    
51763.95173511545    29916.924241552613    1121.2808300868844    25    
51764.45173511545    28947.65823378372     1075.0285318837994    25    
51764.95173511545    28023.21644118694     1062.3350580130045    25    
51765.45173511545    27143.542860058038    1078.6485886789317    25    
51765.95173511545    26304.62425504189     1084.6535857326617    25    
51766.45173511545    25506.309315366452    1082.5139923702745    25    
51766.95173511545    24741.40057498956     1073.416638962844     25    
51767.45173511545    24009.848834578577    1057.8142289253963    25    
51767.95173511545    23301.305527339286    1056.5273517178873    25    
51768.45173511545    22615.88338824763     1068.7366943810487    25    
51768.95173511545    21942.8645720906      1075.013506439123     25    
51769.45173511545    21282.391922507246    1075.686234069883     25    
51769.95173511545    20633.658293619526    1072.1922813847605    25    
51770.45173511545    19996.532026178884    1064.9878980828746    25    
51770.95173511545    19380.811857629058    1004.4910635931533    25    
51771.45173511545    18786.400810658204    875.5606989859848     25    
51771.95173511545    18223.25321096729     805.5548525068829     25    
51772.45173511545    17691.88713451349     817.840669266138      25    
51772.95173511545    17188.769362192343    817.0572893605599     25    
51773.45173511545    16714.85990456194     797.6600287754189     25    
51773.95173511545    16250.739761106584    791.7957551431106     25    
51774.45173511545    15796.475188018521    802.4221728846553     25    
51774.95173511545    15332.749902855872    811.3385247797345     25    
51775.45173511545    14858.011927554977    818.2202374730502     25    
51775.95173511545    14370.158063276482    814.770103263354      25    
51776.45173511545    13866.8821376179      802.7421047849432     25    
51776.95173511545    13368.415595991128    742.9884696528401     25    
51777.45173511545    12874.905685041516    602.1823786473394     25    
51777.95173511545    12405.870195910862    504.3444142756393     25    
51778.45173511545    11963.430132855054    512.1640412426027     25    
51778.95173511545    11553.775308815633    516.0563379211533     25    
51779.45173511545    11179.8343817269      498.18145560608485    25    
51779.95173511545    10828.864850309265    488.59462529668076    25    
51780.45173511545    10500.61995194943     492.3193875619745     25    
51780.95173511545    10183.191975503876    498.86837822248737    25    
51781.45173511545    9874.739391853558     508.3995451297803     25    
51781.95173511545    9570.931324872183     510.2054002014649     25    
51782.45173511545    9269.31557934829      504.92898403270317    25    
51782.95173511545    8977.27296669281      470.4914994469594     25    
51783.45173511545    8695.08662655981      376.9851218620241     25    
51783.95173511545    8429.523003374308     302.4362339958708     25    
51784.45173511545    8182.047730179227     310.71178298811816    25    
51784.95173511545    7955.103199215823     320.05220740022907    25    
51785.45173511545    7750.604945221483     307.51978794162386    25    
51785.95173511545    7563.708584724606     296.7570263129115     25    
51786.45173511545    7394.079854721501     292.4251326969099     25    
51786.95173511545    7237.345031003757     292.755229367566      25    
51787.45173511545    7092.536956578646     300.11442772716947    25    
51787.95173511545    6956.707065093095     303.3297512864022     25    
51788.45173511545    6828.668665834294     296.812917209148      25    
51788.95173511545    6707.914555638475     289.40657569947473    25    
51789.45173511545    6594.152596318495     284.3669294355282     25    
51789.95173511545    6486.746110430304     279.14845276986944    25    
51790.45173511545    6385.538314813325     272.01093607695105    25    
51790.95173511545    6289.777823813844     268.1232923386994     25    
51791.45173511545    6199.299070997636     272.0675246341604     25    
51791.95173511545    6113.216963843089     274.5315830849677     25    
51792.45173511545    6031.266188118292     270.7975662269123     25    
51792.95173511545    5952.598260468804     264.76707968459215    25    
51793.45173511545    5876.908749176324     256.8886173878885     25    
51793.95173511545    5803.381593612325     249.0851178609112     25    
51794.45173511545    5731.684723461121     242.7794567584282     25    
51794.95173511545    5661.030292592638     238.17385943201944    25    
51795.45173511545    5591.057440291667     239.17744843208914    25    
51795.95173511545    5521.007686728755     234.0633091674292     25    
51796.45173511545    5450.490228986967     206.82063312664732    25    
51796.95173511545    5378.777105339669     180.31038899344236    25    
51797.45173511545    5305.446418866015     177.98795188726373    25    
51797.95173511545    5229.801877744373     189.7704875646696     25    