54438.527297582245    292.9741464873163     121.49594497978819    25    
54439.027297582245    368.9810046390167     114.32426462327324    25    
54439.527297582245    455.7018962874378     123.31628592881067    25    
54440.027297582245    553.7703828678735     177.80824961801486    25    
54440.527297582245    663.6315095399008     222.53965883441697    25    
54441.027297582245    786.0079361149456     230.21927798453453    25    
54441.527297582245    921.2597371858375     225.98110263568105    25    
54442.027297582245    1070.1904153213643    226.3630491299537     25    
54442.527297582245    1233.0833301663772    226.66461489615847    25    
54443.027297582245    1410.8145714282618    226.64355300316302    25    
54443.527297582245    1603.5990394226526    226.32563085982972    25    
54444.027297582245    1812.3771553767665    225.65573915570926    25    
54444.527297582245    2037.3036158957943    224.717551057151      25    
54445.027297582245    2279.7439016841568    223.7217915355872     25    
54445.527297582245    2539.1566981816486    222.6435909865764     25    
54446.027297582245    2816.93062238923      221.29337841357128    25    
54446.527297582245    3109.526624526186     220.01857230544192    25    
54447.027297582245    3402.9685937950517    220.64383178350192    25    
54447.527297582245    3695.846744554054     222.65071939006157    25    
54448.027297582245    3967.004330871396     224.33029594961613    25    
54448.527297582245    4216.883014570336     225.7878272370031     25    
54449.027297582245    4424.911434087518     226.1582543829903     25    
54449.527297582245    4593.149303608244     225.6111158020745     25    
54450.027297582245    4727.093649977014     226.17616048696598    25    
54450.527297582245    4826.846210965729     227.74168896554158    25    
54451.027297582245    4909.466190144635     229.96150186659247    25    
54451.527297582245    4974.49994679921      232.871939924825      25    
54452.027297582245    5037.388623495251     234.76661150835378    25    
54452.527297582245    5098.730802188106     236.39369138449038    25    
54453.027297582245    5157.819291662149     221.76109829894924    25    
54453.527297582245    5215.463037683071     181.63269234385155    25    
54454.027297582245    5263.75030299532      155.33334337759786    25    
54454.527297582245    5302.583687870311     160.4529562013656     25    
54455.027297582245    5325.380386653173     165.00913991887904    25    
54455.527297582245    5331.0807315658985    164.02105302753458    25    
54456.027297582245    5318.506929413006     162.4202226164752     25    
54456.527297582245    5286.949838605515     160.10207161083272    25    
54457.027297582245    5237.670117164623     159.24583435083522    25    
54457.527297582245    5170.7054670806       161.31637453918367    25    
54458.027297582245    5087.0225889009735    162.55636552489364    25    
54458.527297582245    4986.1544432658575    161.7022406258794     25    
54459.027297582245    4871.601689734189     159.4063644354741     25    
54459.527297582245    4743.706028267928     154.61598146488566    25    
54460.027297582245    4606.9198867778505    151.0959413050646     25    
54460.527297582245    4462.754929630714     152.18685683564007    25    
54461.027297582245    4314.935596238173     153.55597307590781    25    
54461.527297582245    4165.454158378218     152.7610361393207     25    
54462.027297582245    4017.3466822879127    151.1503211389959     25    
54462.527297582245    3872.8685512634165    148.46963595355848    25    
54463.027297582245    3734.5239860539327    146.36215745564743    25    
54463.527297582245    3604.879672260912     147.38238687103993    25    
54464.027297582245    3485.894603395275     148.91751784494252    25    
54464.527297582245    3381.4262384727003    149.1699177128548     25    
54465.027297582245    3290.2195184465177    147.49130456699518    25    
54465.527297582245    3213.1452074373346    139.8646680478283     25    
54466.027297582245    3148.0157904004773    130.9064568914811     25    
54466.527297582245    3091.922121499367     130.47971945318432    25    
54467.027297582245    3043.9538127577853    133.64081304175235    25    
54467.527297582245    3000.6467899176137    134.30824090959226    25    
54468.027297582245    2961.907046764741     133.96089199629452    25    
54468.527297582245    2925.279397227549     132.0750870601798     25    
54469.027297582245    2890.911589924778     129.60915456650687    25    
54469.527297582245    2857.627235682158     130.1396877093856     25    
54470.027297582245    2825.3507044948733    132.33607686220986    25    
54470.527297582245    2792.799941677253     133.29628453587338    25    
54471.027297582245    2760.0861038959106    133.48047451920212    25    
54471.527297582245    2726.6097961664163    132.47125816976168    25    
54472.027297582245    2692.4888595030993    130.7343707753648     25    
54472.527297582245    2657.977128872032     132.17482196937237    25    
54473.027297582245    2623.073137298803     135.9878211071592     25    
54473.527297582245    2588.106304901241     137.67141741528457    25    
54474.027297582245    2553.0243069794938    137.59200392064892    25    
54474.527297582245    2517.1885750189113    136.09325308030023    25    
54475.027297582245    2480.617193045385     133.12308450211853    25    
54475.527297582245    2441.4630633737975    132.93073853179303    25    
54476.027297582245    2399.7788850615007    135.70743124865947    25    
54476.527297582245    2353.678463766673     137.60264402175443    25    
54477.027297582245    2303.0663486082885    138.53967134035196    25    
54477.527297582245    2247.7833353777123    137.56628777874297    25    
54478.027297582245    2187.5740418059227    133.91335887974776    25    
54478.527297582245    2124.4938588683594    133.65418090575085    25    
54479.027297582245    2058.5518509177746    138.46074633024463    25    
54479.527297582245    1991.6629021165038    141.76678285450748    25    
54480.027297582245    1924.0588240161428    142.54094607251443    25    
54480.527297582245    1856.7681216130302    141.49517953050264    25    
54481.027297582245    1790.1312555671789    137.74173196313163    25    
54481.527297582245    1724.0423823772273    135.4767262515488     25    
54482.027297582245    1658.5333271557554    136.71060356464358    25    
54482.527297582245    1593.5931790463983    138.60683837095849    25    
54483.027297582245    1529.050587649103     140.9911901483859     25    
54483.527297582245    1465.5881179240864    141.5820144698579     25    
54484.027297582245    1403.07023727131      140.89334444850488    25    
54484.527297582245    1343.0848780904646    132.48904959301586    25    
54485.027297582245    1286.1729590342068    102.01103307819038    25    
54485.527297582245    1233.6289943177542    64.31450475889702     25    
54486.027297582245    1186.5414071933335    58.990281175510844    25    
54486.527297582245    1144.9685378159513    65.25921201119625     25    
54487.027297582245    1109.8492098722545    63.410522245604675    25    
54487.527297582245    1079.6794547456566    61.43083533246797     25    
54488.027297582245    1053.549890705409     60.68451189121839     25    
54488.527297582245    1030.553927635523     60.73373805647977     25    
54489.027297582245    1009.2439275717152    62.004706907960525    25    
54489.527297582245    989.3516064807186     63.284834768308386    25    
54490.027297582245    969.596966046509      62.47997704099846     25    
54490.527297582245    950.3900972737326     60.81614560762376     25    
54491.027297582245    931.766616168623      59.96073812949401     25    
54491.527297582245    913.8284378882779     58.96699309537368     25    
54492.027297582245    896.8242819864503     55.78545198164385     25    
54492.527297582245    880.7449334348328     51.726777790691855    25    
54493.027297582245    865.7695137526085     51.014388755081605    25    
54493.527297582245    851.8157363553121     52.13120870584978     25    
54494.027297582245    838.7429294900078     51.71367611325758     25    
54494.527297582245    826.5308074030991     50.48178719719375     25    
54495.027297582245    814.9905712442438     49.15737867312558     25    
54495.527297582245    804.1171744052214     47.72321366532802     25    
54496.027297582245    793.7177389581525     46.79166767440035     25    
54496.527297582245    783.7921829700625     46.306674279494395    25    
54497.027297582245    774.1433808072737     46.09486626351092     25    
54497.527297582245    764.7747812731634     46.2212797843378      25    
54498.027297582245    755.4864449671517     47.63346747385179     25    
54498.527297582245    746.2839174900653     50.138864577302584    25    
54499.027297582245    736.9658796133276     51.4310122293615      25    
54499.527297582245    727.5385397963107     51.55770705178896     25    
54500.027297582245    717.8006329213415     54.391650993188925    25    