53672.27253966146    123.12840336325388    34.769084218410015    25    
53672.77253966146    151.1970828618889     33.347867759841435    25    
53673.27253966146    182.48871890398198    35.04138363374654     25    
53673.77253966146    217.11370674407735    46.53555636313023     25    
53674.27253966146    255.13340908160563    56.932689924668104    25    
53674.77253966146    296.68053722131117    59.05373224701322     25    
53675.27253966146    341.79589799431227    58.11011500938723     25    
53675.77253966146    390.63099839177704    58.18946210296243     25    
53676.27253966146    443.2096097402891     58.3030405076862      25    
53676.77253966146    499.69851435366337    58.352602751167396    25    
53677.27253966146    560.1079684177236     58.34440702687058     25    
53677.77253966146    624.6165092051564     58.272526950603186    25    
53678.27253966146    693.2243981248026     58.1463617006556      25    
53678.77253966146    766.185682560511      58.06084513677868     25    
53679.27253966146    843.4496782841303     57.98469816785059     25    
53679.77253966146    925.0021391213239     57.398138093441126    25    
53680.27253966146    1010.8564458269414    56.30677999972512     25    
53680.77253966146    1096.7346965126853    55.99631520119328     25    
53681.27253966146    1182.9283661538093    56.554677680220884    25    
53681.77253966146    1263.659889428706     57.07720232009814     25    
53682.27253966146    1338.9577534397356    57.506125478512274    25    
53682.77253966146    1404.020106417106     57.75728883841026     25    
53683.27253966146    1457.6406224443206    57.738419570900824    25    
53683.77253966146    1501.8746214219602    57.834126950981634    25    
53684.27253966146    1536.1733031583465    58.15182420034148     25    
53684.77253966146    1564.5967821427666    58.57892941153232     25    
53685.27253966146    1587.8773903041701    59.20129098030323     25    
53685.77253966146    1608.8336920901725    59.61667733905194     25    
53686.27253966146    1629.4037550222133    60.22466808114336     25    
53686.77253966146    1648.7216414113568    59.06293008289548     25    
53687.27253966146    1667.3102856823584    52.78402072007956     25    
53687.77253966146    1683.5788083459215    45.95464378627207     25    
53688.27253966146    1696.4861889238407    45.3718023780835      25    
53688.77253966146    1705.2990654465762    46.85832307627569     25    
53689.27253966146    1708.4482420871307    46.828914666559584    25    
53689.77253966146    1706.333262243092     46.53392630488689     25    
53690.27253966146    1698.6033241921316    46.13694600422886     25    
53690.77253966146    1685.6716232364952    45.74663197046302     25    
53691.27253966146    1668.2205337765804    45.87564715887752     25    
53691.77253966146    1646.3353318463655    46.23600118150391     25    
53692.27253966146    1620.7650151160722    46.339458305776496    25    
53692.77253966146    1591.5301409152014    46.09942072326526     25    
53693.27253966146    1559.3880262280572    44.17159466304502     25    
53693.77253966146    1524.326120957074     40.860861328806074    25    
53694.27253966146    1487.1003357586796    39.55325672041252     25    
53694.77253966146    1447.6821391385645    40.0829453198785      25    
53695.27253966146    1406.836632271378     40.14904161469094     25    
53695.77253966146    1364.512390722106     39.79760816882892     25    
53696.27253966146    1322.0559415401726    39.2879227883255      25    
53696.77253966146    1279.3788223970407    38.57429423315446     25    
53697.27253966146    1238.2135345624483    38.242279335525886    25    
53697.77253966146    1198.5488722365133    38.45204336947729     25    
53698.27253966146    1161.9813281943213    38.54413828760628     25    
53698.77253966146    1128.8385742177481    38.53406373408398     25    
53699.27253966146    1099.1541870225458    37.67752879330629     25    
53699.77253966146    1073.2257598020778    35.12758178369549     25    
53700.27253966146    1050.0930434545392    33.20106148068091     25    
53700.77253966146    1029.5990919596147    33.4838944723339      25    
53701.27253966146    1011.0595271735101    34.053244852927335    25    
53701.77253966146    994.1347002433355     34.07427860915497     25    
53702.27253966146    978.5008589186219     33.89469979369469     25    
53702.77253966146    963.8322948412396     33.35091587791166     25    
53703.27253966146    950.0259729075847     32.88131206162569     25    
53703.77253966146    936.8916743488511     33.0907781331717      25    
53704.27253966146    924.3125654978159     33.485932606126546    25    
53704.77253966146    912.0382718723474     33.617375241379385    25    
53705.27253966146    900.0599310193171     33.605952124665045    25    
53705.77253966146    888.2040653704489     33.37377111903625     25    
53706.27253966146    876.5036077192956     33.01518407963841     25    
53706.77253966146    864.9297960901104     32.74830648808031     25    
53707.27253966146    853.480148571575      32.539231025572334    25    
53707.77253966146    842.1535512829677     32.48888881297144     25    
53708.27253966146    830.9083108839055     32.517082306587646    25    
53708.77253966146    819.539505428625      32.123225551620244    25    
53709.27253966146    808.0256009039786     31.423765046534236    25    
53709.77253966146    795.8801381998343     31.35113781134731     25    
53710.27253966146    783.1241823046212     31.839805754359237    25    
53710.77253966146    769.237979040759      32.15556720814888     25    
53711.27253966146    754.2247366406158     32.31402321407368     25    
53711.77253966146    738.037723137349      32.04211221427018     25    
53712.27253966146    720.6149715663997     31.14118861912136     25    
53712.77253966146    702.529296950226      31.4835558985637      25    
53713.27253966146    683.7748020184524     33.596939734785806    25    
53713.77253966146    664.8797625793752     34.96845477942983     25    
53714.27253966146    645.9233626602384     35.10632067878077     25    
53714.77253966146    627.1436972770844     34.82291827983028     25    
53715.27253966146    608.665722435997      34.09653059663348     25    
53715.77253966146    590.3833458468428     33.572284634512435    25    
53716.27253966146    572.2936848298174     33.71631593738713     25    
53716.77253966146    554.3390232066033     34.02993167620994     25    
53717.27253966146    536.4468395287241     34.438544704255364    25    
53717.77253966146    518.7245961710724     34.595598390766106    25    
53718.27253966146    501.1418551213804     34.682128192224866    25    
53718.77253966146    483.966266186269      33.30709898312497     25    
53719.27253966146    467.43115051801084    26.568384138353633    25    
53719.77253966146    451.68843279068267    16.10205619269017     25    
53720.27253966146    437.10314014665727    12.844966675547914    25    
53720.77253966146    423.64410466721733    14.874358955360709    25    
53721.27253966146    411.5478189861182     14.669962625601556    25    
53721.77253966146    400.6502063032988     14.201195702188418    25    
53722.27253966146    390.6708582960148     13.928576562247953    25    
53722.77253966146    381.57695308896047    13.799906731196558    25    
53723.27253966146    372.9970562855896     13.89319942436376     25    
53723.77253966146    364.95115505972564    14.136464141203803    25    
53724.27253966146    357.16282681499615    14.07676548064659     25    
53724.77253966146    349.66201374199835    13.776518180269365    25    
53725.27253966146    342.4635163054184     13.571374132762951    25    
53725.77253966146    335.5673957730531     13.45134609675152     25    
53726.27253966146    329.0129030714197     13.375539090494394    25    
53726.77253966146    322.80026962147963    13.34353058415042     25    
53727.27253966146    316.93864808444346    13.382424891034962    25    
53727.77253966146    311.4359927092435     13.519232444651117    25    
53728.27253966146    306.23242862637136    13.516061187271184    25    
53728.77253966146    301.3288469004126     13.309595777004521    25    
53729.27253966146    296.6658978041806     13.059647903863173    25    
53729.77253966146    292.23903402193577    12.779776645543008    25    
53730.27253966146    287.9945231437571     12.550051319103172    25    
53730.77253966146    283.9230225579378     12.4166966891252      25    
53731.27253966146    279.97617624681254    12.351915742349568    25    
53731.77253966146    276.1386841101299     12.364743840366238    25    
53732.27253966146    272.368728715057      12.412110528852631    25    
53732.77253966146    268.64389028022276    12.447273615717029    25    
53733.27253966146    264.9300282272054     12.526058490312531    25    
53733.77253966146    261.1965126699277     12.543873476933436    25    
53734.27253966146    257.41753694011385    12.86935316347159     25    
53734.77253966146    253.55442288095588    13.606008909000415    25    