53580.82352869035    85.75596322408028     85.75596322408086     25    
53581.32352869035    118.29509370226475    84.83404535874227     25    
53581.82352869035    157.53399504547897    93.65104024731048     25    
53582.32352869035    204.12275345786836    143.99637785145416    25    
53582.82352869035    258.55406661554514    183.0398448545554     25    
53583.32352869035    321.5533233576611     189.13602582838647    25    
53583.82352869035    393.54063202852484    185.24969689877614    25    
53584.32352869035    475.31125749588944    185.42318595833146    25    
53584.82352869035    567.2181453786651     185.46253002322092    25    
53585.32352869035    670.1210099667987     185.17548552745433    25    
53585.82352869035    784.3110607602102     184.58045105926388    25    
53586.32352869035    910.7070348646367     183.60269288675727    25    
53586.82352869035    1049.5438322674097    182.34254231836036    25    
53587.32352869035    1202.1034979451733    180.75114812161496    25    
53587.82352869035    1367.9402292781906    179.31205858663841    25    
53588.32352869035    1548.6711466739957    179.66631899092795    25    
53588.82352869035    1740.5342554708882    181.1309297820809     25    
53589.32352869035    1934.0512514598583    182.53176863191743    25    
53589.82352869035    2126.979367939071     184.00517568569572    25    
53590.32352869035    2304.3342498759307    185.33086264168065    25    
53590.82352869035    2465.804415976725     186.4115365680247     25    
53591.32352869035    2596.0693371368006    186.25899508294492    25    
53591.82352869035    2698.083574950277     185.3362177951081     25    
53592.32352869035    2775.0946259331677    185.92175372004914    25    
53592.82352869035    2828.337461415792     187.6552501906456     25    
53593.32352869035    2870.002413126052     190.1755122449734     25    
53593.82352869035    2899.91076962804      193.22296820125254    25    
53594.32352869035    2929.844032537852     194.98131556099295    25    
53594.82352869035    2959.024471849078     195.02689761450696    25    
53595.32352869035    2988.307608555381     176.98472015795704    25    
53595.82352869035    3017.5605942402312    135.30850041378827    25    
53596.32352869035    3042.18171913049      112.63742940205175    25    
53596.82352869035    3062.270985647638     120.28040409189249    25    
53597.32352869035    3073.665671105371     123.70007133510913    25    
53597.82352869035    3076.363399208223     122.4042742871081     25    
53598.32352869035    3068.174741044404     120.59256894225902    25    
53598.82352869035    3049.0452535026557    118.12887768013051    25    
53599.32352869035    3017.813017931077     118.10267075905463    25    
53599.82352869035    2974.443888596902     121.27243847253311    25    
53600.32352869035    2917.847702488478     122.4215346256576     25    
53600.82352869035    2847.462963581846     120.51499136373764    25    
53601.32352869035    2766.419273003536     119.77245193494484    25    
53601.82352869035    2674.381707562938     121.06538329699586    25    
53602.32352869035    2576.757783148233     122.63475927052811    25    
53602.82352869035    2473.875957246671     124.4384354037238     25    
53603.32352869035    2370.607070842265     125.22326128403658    25    
53603.82352869035    2267.687795103305     124.50667032685168    25    
53604.32352869035    2168.5358290393506    123.02968752100693    25    
53604.82352869035    2073.8720051018536    120.36387698375664    25    
53605.32352869035    1986.2223215598226    119.15536155611238    25    
53605.82352869035    1906.164965797064     121.30271165724429    25    
53606.32352869035    1836.0741672235258    123.01691225767897    25    
53606.82352869035    1777.4616455346347    123.15657035754009    25    
53607.32352869035    1729.1967137152656    121.16093222787819    25    
53607.82352869035    1691.9136569636726    114.57511365721359    25    
53608.32352869035    1662.4755047596962    109.32341928784435    25    
53608.82352869035    1639.801704008184     110.87221859823838    25    
53609.32352869035    1621.5726978479781    113.3872601989919     25    
53609.82352869035    1606.121403674081     113.86998480531047    25    
53610.32352869035    1592.5022222737311    113.37787623155671    25    
53610.82352869035    1579.4488554084453    111.02419938747573    25    
53611.32352869035    1566.841488507243     109.10140505951834    25    
53611.82352869035    1554.2451743525123    110.58569264739431    25    
53612.32352869035    1541.3190176506935    112.76023881091484    25    
53612.82352869035    1527.5247802144634    113.54187920812431    25    
53613.32352869035    1512.8325758406138    113.60945616760327    25    
53613.82352869035    1496.917161293881     112.00527447695704    25    
53614.32352869035    1479.9279021775676    111.09698706219906    25    
53614.82352869035    1461.9256713742382    115.73747837351308    25    
53615.32352869035    1442.941853717185     121.48387794799918    25    
53615.82352869035    1423.1267263253435    122.96325387799884    25    
53616.32352869035    1402.3295702434255    122.35366156850003    25    
53616.82352869035    1380.4344995873164    120.26599701972002    25    
53617.32352869035    1357.210819164745     117.83295155883876    25    
53617.82352869035    1332.0984451096913    119.31509339987683    25    
53618.32352869035    1304.9960681273653    122.57685170869976    25    
53618.82352869035    1275.2088165358014    124.30307984531095    25    
53619.32352869035    1242.8517917087856    124.95367362857802    25    
53619.82352869035    1207.708751596802     123.02839309565137    25    
53620.32352869035    1169.9833439087517    119.64189710354246    25    
53620.82352869035    1130.2902633678823    119.3378100349755     25    
53621.32352869035    1088.6719867470006    120.96370270968917    25    
53621.82352869035    1045.7926095052728    122.05865224979655    25    
53622.32352869035    1001.671957241357     122.70448923203125    25    
53622.82352869035    957.003934300702      120.69670012078849    25    
53623.32352869035    911.7957731562842     116.70637605682602    25    
53623.82352869035    866.7834284340319     116.16198104471674    25    
53624.32352869035    821.9603904860114     118.45152767603874    25    
53624.82352869035    778.0633412082573     120.82167837622178    25    
53625.32352869035    735.0830953079669     123.26362383708334    25    
53625.82352869035    693.8595323185672     122.85159211197006    25    
53626.32352869035    654.3743159638412     119.62459117440501    25    
53626.82352869035    617.6530229167877     106.0039672623926     25    
53627.32352869035    583.6708493837937     76.02320098878704     25    
53627.82352869035    553.5062390796331     55.52467828247113     25    
53628.32352869035    527.1829723715124     58.65635256791531     25    
53628.82352869035    505.0018262329769     59.91309327858004     25    
53629.32352869035    487.0884301534267     57.59787476760377     25    
53629.82352869035    472.2081863424252     56.196983438015415    25    
53630.32352869035    460.37881744368667    56.03967370633688     25    
53630.82352869035    450.3558300598233     56.79114589173868     25    
53631.32352869035    442.06891820975756    58.71965269318279     25    
53631.82352869035    434.64899190574187    59.247933181195044    25    
53632.32352869035    427.9410598082735     57.65483268045493     25    
53632.82352869035    421.80131527293673    56.025186771997085    25    
53633.32352869035    416.19533063134895    55.15261142181184     25    
53633.82352869035    410.9773451285462     52.67413041789762     25    
53634.32352869035    406.1230891666199     46.63107091705812     25    
53634.82352869035    401.5114436091869     42.185590730998285    25    
53635.32352869035    397.10512014578734    42.911312905371794    25    
53635.82352869035    392.86292595713064    43.68974803811725     25    
53636.32352869035    388.7704551921348     42.66836726849481     25    
53636.82352869035    384.78621429891444    41.29256946104249     25    
53637.32352869035    380.89809120980055    39.721949542884914    25    
53637.82352869035    377.06493319632744    38.38125690347571     25    
53638.32352869035    373.271901435179      37.65692520149714     25    
53638.82352869035    369.480695375624      37.367295043092234    25    
53639.32352869035    365.6734985945259     37.09750571946992     25    
53639.82352869035    361.81511356305936    38.108951674476316    25    
53640.32352869035    357.8844954140952     41.93441329672497     25    
53640.82352869035    353.8498004848881     45.46519905918925     25    
53641.32352869035    349.6865046201426     45.81995210800407     25    
53641.82352869035    345.3663535787361     47.192185678075056    25    
53642.32352869035    340.8611389389229     50.75027146836132     25    