#Date  :
#Flux  :
#Fluxerr  :
#ZP  :
#end  :
@INSTRUMENT  PS
@BAND  PS_i
@MAGSYS  AB
55180.6015625  -4.038000106811523  7.676000118255615  27.5201
55183.6015625  -2.880000114440918  9.284000396728516  27.5201
55192.5  0.7059999704360962  6.190999984741211  27.5201
55204.5  1.50600004196167  4.48799991607666  27.5201
55207.6015625  1.309000015258789  3.1029999256134033  27.5201
55210.6015625  -8.946000099182129  8.536999702453613  27.5201
55213.5  -7.123000144958496  6.258999824523926  27.5201
55219.5  0.22599999606609344  5.5879998207092285  27.5201
55222.5  -3.0920000076293945  8.303999900817871  27.5201
55231.5  1.2100000381469727  8.795999526977539  27.5201
55234.5  -7.958000183105469  6.125999927520752  27.5201
55237.5  -3.552000045776367  5.879000186920166  27.5201
55240.5  -0.9259999990463257  3.739000082015991  27.5201
55243.3984375  0.5770000219345093  9.675999641418457  27.5201
55246.3984375  6.593999862670898  9.930000305175781  27.5201
55249.5  -1.3630000352859497  5.763000011444092  27.5201
55252.5  -4.7829999923706055  18.57699966430664  27.5201
55258.5  1.9620000123977661  13.069999694824219  27.5201
55264.5  40.66600036621094  18.062999725341797  27.5201
55276.5  432.7760009765625  10.39799976348877  27.5201
55288.3984375  424.2959899902344  16.270999908447266  27.5201
55330.30078125  87.02899932861328  6.410999774932861  27.5201
55339.30078125  -6.267000198364258  42.31100082397461  27.5201
55348.30078125  34.090999603271484  9.338000297546387  27.5201
55570.6015625  6.9039998054504395  10.456000328063965  27.5201
55576.6015625  -3.302999973297119  6.993000030517578  27.5201
55585.3984375  24.503000259399414  14.76200008392334  27.5201
55588.6015625  -4.0879998207092285  6.126999855041504  27.5201
55594.5  -1.6059999465942383  5.684000015258789  27.5201
55597.5  1.0499999523162842  7.375999927520752  27.5201
55615.5  -3.0220000743865967  25.555999755859375  27.5201
55633.3984375  1.3849999904632568  4.664999961853027  27.5201
55636.3984375  -10.137999534606934  16.28700065612793  27.5201
55645.5  -8.12600040435791  7.296999931335449  27.5201
55651.5  2.2039999961853027  4.453000068664551  27.5201
55663.30078125  -1.1729999780654907  14.538999557495117  27.5201
55666.30078125  1.3530000448226929  14.180999755859375  27.5201
55672.30078125  15.291000366210938  5.988999843597412  27.5201
55675.30078125  -1.4789999723434448  5.828999996185303  27.5201
55681.30078125  3.1019999980926514  7.863999843597412  27.5201
55693.30078125  -406.4590148925781  228.302001953125  27.5201
55705.30078125  8.027999877929688  4.456999778747559  27.5201
55711.30078125  -1.909999966621399  3.9019999504089355  27.5201
55720.30078125  -46.30400085449219  28.263999938964844  27.5201
55723.30078125  -1.9839999675750732  9.192999839782715  27.5201
55945.6015625  8.11400032043457  7.025000095367432  27.5201
55950.6015625  2.127000093460083  5.9070000648498535  27.5201
55956.6015625  -1.2569999694824219  5.5289998054504395  27.5201
55960.6015625  -8.013999938964844  7.698999881744385  27.5201
55968.5  -0.6819999814033508  10.23900032043457  27.5201
55971.5  9.119999885559082  6.920000076293945  27.5201
55979.6015625  14.038000106811523  15.555000305175781  27.5201
55985.6015625  -8.126999855041504  10.071999549865723  27.5201
55998.5  10.564000129699707  11.545000076293945  27.5201
56007.3984375  -1.1629999876022339  9.435999870300293  27.5201
56015.30078125  -0.7860000133514404  5.188000202178955  27.5201
56019.30078125  -1.2760000228881836  10.848999977111816  27.5201
56027.3984375  -9.180999755859375  9.54800033569336  27.5201
56030.30078125  -3.009999990463257  4.59499979019165  27.5201
56033.30078125  5.01800012588501  6.2779998779296875  27.5201
56041.30078125  0.49900001287460327  5.298999786376953  27.5201
56044.30078125  -14.741000175476074  7.568999767303467  27.5201
56048.3984375  14.326000213623047  11.234999656677246  27.5201
56057.3984375  15.303999900817871  14.039999961853027  27.5201
56063.30078125  -15.458999633789062  8.942999839782715  27.5201
56066.30078125  8.631999969482422  11.074000358581543  27.5201
56068.30078125  -0.7580000162124634  5.98199987411499  27.5201
56323.5  9.350000381469727  9.505999565124512  27.5201
56326.5  0.35100001096725464  7.513000011444092  27.5201
56332.6015625  7.908999919891357  4.695000171661377  27.5201
56337.6015625  -2.8420000076293945  5.0279998779296875  27.5201
56352.3984375  -25.44300079345703  17.735000610351562  27.5201
56355.3984375  -3.558000087738037  5.165999889373779  27.5201
56358.5  -5.85699987411499  7.883999824523926  27.5201
56369.3984375  -26.615999221801758  17.472000122070312  27.5201
56385.3984375  4.1620001792907715  11.9399995803833  27.5201
56388.3984375  7.4770002365112305  8.486000061035156  27.5201
56391.3984375  -2.246999979019165  8.305999755859375  27.5201
56393.30078125  3.0390000343322754  8.031000137329102  27.5201
56396.30078125  -17.639999389648438  12.484000205993652  27.5201
56399.3984375  22.393999099731445  8.75  27.5201
56403.30078125  2.9649999141693115  11.371000289916992  27.5201
56411.30078125  -26.43899917602539  20.086999893188477  27.5201
56414.30078125  0.39899998903274536  7.781000137329102  27.5201
56417.30078125  -8.574999809265137  7.199999809265137  27.5201
56420.30078125  8.739999771118164  8.491999626159668  27.5201
56422.30078125  -0.9359999895095825  6.052999973297119  27.5201
56428.30078125  -2.1540000438690186  12.52299976348877  27.5201
56444.30078125  -7.11299991607666  8.194999694824219  27.5201
