53662.69143084215    0.737510162482835     0.29236710858150183    25    
53663.19143084215    0.879958962721864     0.2740224771369027     25    
53663.69143084215    1.0375004712438474    0.2624076990743911     25    
53664.19143084215    1.2120145100510584    0.33442404055846325    25    
53664.69143084215    1.402952466437105     0.4813953292960597     25    
53665.19143084215    1.6113783657934917    0.5992581117218837     25    
53665.69143084215    1.8387479792610189    0.6445880534201373     25    
53666.19143084215    2.0843424513765627    0.6435655819372808     25    
53666.69143084215    2.349820101149832     0.6333009842110428     25    
53667.19143084215    2.6359299482858463    0.6341080461708294     25    
53667.69143084215    2.9423482957133653    0.635042742379662      25    
53668.19143084215    3.271022687719738     0.6355431352351898     25    
53668.69143084215    3.6217797952986452    0.6355769771318622     25    
53669.19143084215    3.9951893776206195    0.6351845711896369     25    
53669.69143084215    4.392996431104097     0.6343490326820012     25    
53670.19143084215    4.814516898472553     0.6329936907869057     25    
53670.69143084215    5.26108507527146      0.6313676342080682     25    
53671.19143084215    5.734381964119209     0.6291160672701479     25    
53671.69143084215    6.233880771240203     0.6260203110331404     25    
53672.19143084215    6.758463827121818     0.6257759967566286     25    
53672.69143084215    7.313503670372128     0.6316998862791413     25    
53673.19143084215    7.892633984351816     0.6407571286073872     25    
53673.69143084215    8.474804254331518     0.6473281831436554     25    
53674.19143084215    9.067653582410026     0.6504360843756484     25    
53674.69143084215    9.655499541124126     0.6523414878244084     25    
53675.19143084215    10.213915825433391    0.6546186143664963     25    
53675.69143084215    10.753392733521478    0.6571173967544208     25    
53676.19143084215    11.253426351914186    0.6588939730648334     25    
53676.69143084215    11.69558295056948     0.6589318748091294     25    
53677.19143084215    12.088688666313722    0.6576978804451836     25    
53677.69143084215    12.437681487341958    0.6573388844991968     25    
53678.19143084215    12.738033787338164    0.6586160042371074     25    
53678.69143084215    12.997311493857456    0.6607914190312734     25    
53679.19143084215    13.23303756244186     0.6636909401326927     25    
53679.69143084215    13.439755043291868    0.6681739220114926     25    
53680.19143084215    13.62753467606078     0.6719681061246738     25    
53680.69143084215    13.81032154868401     0.6769281350203943     25    
53681.19143084215    13.983798467591644    0.6866361834465592     25    
53681.69143084215    14.14627813310012     0.6714741515251746     25    
53682.19143084215    14.299873124124309    0.5915688974134354     25    
53682.69143084215    14.442474929056598    0.45212400014550497    25    
53683.19143084215    14.564056063468879    0.33146601849116064    25    
53683.69143084215    14.66589674815653     0.3129177640926211     25    
53684.19143084215    14.744835737828112    0.34315565232184103    25    
53684.69143084215    14.79234768994002     0.3521558314339145     25    
53685.19143084215    14.80906286811715     0.35111995416522185    25    
53685.69143084215    14.798317384056348    0.3491045443666059     25    
53686.19143084215    14.760336313529505    0.3463570267092034     25    
53686.69143084215    14.694535250730784    0.3426034849473839     25    
53687.19143084215    14.610384157258991    0.3406230250018738     25    
53687.69143084215    14.509043942271923    0.3427247470674627     25    
53688.19143084215    14.39113750195976     0.3465231491506683     25    
53688.69143084215    14.265612295849998    0.34788047620828916    25    
53689.19143084215    14.13269754217203     0.34360417381940855    25    
53689.69143084215    13.990896893610335    0.3415690876356667     25    
53690.19143084215    13.841022403235158    0.35203527238408133    25    
53690.69143084215    13.683855749361621    0.3737996534036367     25    
53691.19143084215    13.514090028276922    0.3927852570855805     25    
53691.69143084215    13.32937021045397     0.4011473432876254     25    
53692.19143084215    13.130760773197068    0.40412344198096173    25    
53692.69143084215    12.913108421271298    0.40509102587684864    25    
53693.19143084215    12.673521486712247    0.40441972589034486    25    
53693.69143084215    12.4160169293814      0.40197529151004197    25    
53694.19143084215    12.144678257859685    0.3986814132213063     25    
53694.69143084215    11.855717051268215    0.39354419321424083    25    
53695.19143084215    11.558847541490564    0.38907489750333907    25    
53695.69143084215    11.262042329392026    0.3885015651892528     25    
53696.19143084215    10.961181127963416    0.39102170679506887    25    
53696.69143084215    10.667835901004763    0.39287306236987435    25    
53697.19143084215    10.386647293442353    0.3922788186806723     25    
53697.69143084215    10.115134345136214    0.39044617857953984    25    
53698.19143084215    9.858164412403791     0.38744198362137855    25    
53698.69143084215    9.616751743645699     0.38188088916964447    25    
53699.19143084215    9.38880658885817      0.3764868256135706     25    
53699.69143084215    9.17301860698365      0.3755906041737819     25    
53700.19143084215    8.970061447978704     0.37927712496462207    25    
53700.69143084215    8.77836588888863      0.38314424708088735    25    
53701.19143084215    8.597323420419992     0.38425419894594404    25    
53701.69143084215    8.4272515661758       0.3840333597755485     25    
53702.19143084215    8.264694460953105     0.38264743545159163    25    
53702.69143084215    8.110091217138372     0.37893569432094326    25    
53703.19143084215    7.962110664977301     0.3745570067516293     25    
53703.69143084215    7.816140258991366     0.3733632520270607     25    
53704.19143084215    7.67371699201346      0.37629184588990483    25    
53704.69143084215    7.531915739583491     0.38002930795697304    25    
53705.19143084215    7.386815777318704     0.3818262611677348     25    
53705.69143084215    7.239695566887408     0.3826437286109023     25    
53706.19143084215    7.0905036794489575    0.3821551349522177     25    
53706.69143084215    6.937963197853032     0.3816798393188399     25    
53707.19143084215    6.7831898231558165    0.37988350706198104    25    
53707.69143084215    6.630538432590676     0.36965901712723226    25    
53708.19143084215    6.479292389870777     0.34257004120698403    25    
53708.69143084215    6.331130700470733     0.3094378133335466     25    
53709.19143084215    6.190156201961599     0.2917326567250888     25    
53709.69143084215    6.055709368305697     0.2924588592755022     25    
53710.19143084215    5.9274827545855455    0.29706060477747537    25    
53710.69143084215    5.806494526604153     0.2943216382747919     25    
53711.19143084215    5.6925673425635       0.2886345462384638     25    
53711.69143084215    5.581013722754281     0.2850877405780537     25    
53712.19143084215    5.471385653939597     0.28669755773081335    25    
53712.69143084215    5.36321128991297      0.2906859565560385     25    
53713.19143084215    5.251634192921563     0.29368249340112446    25    
53713.69143084215    5.136810081126978     0.2963315826991425     25    
53714.19143084215    5.0188732967662535    0.29756756398971157    25    
53714.69143084215    4.896450381397342     0.2960189879316468     25    
53715.19143084215    4.769182786326052     0.2930211923526102     25    
53715.69143084215    4.640899656627992     0.2832503894459674     25    
53716.19143084215    4.513125786224179     0.25703742841545174    25    
53716.69143084215    4.385206172071845     0.21509624801749816    25    
53717.19143084215    4.261504148668231     0.18055191522479982    25    
53717.69143084215    4.142477135431884     0.17373682129174337    25    
53718.19143084215    4.028031868894547     0.17992453467986969    25    
53718.69143084215    3.920082049281869     0.1799545853895426     25    
53719.19143084215    3.8189477680058124    0.1744207699997675     25    
53719.69143084215    3.7229016063476488    0.1691319909651748     25    
53720.19143084215    3.6308613461871295    0.16773009291873578    25    
53720.69143084215    3.543424935378086     0.16920713186449166    25    
53721.19143084215    3.45864774994335      0.17142526107542141    25    
53721.69143084215    3.3758047616683973    0.17421999267773197    25    
53722.19143084215    3.295248481858712     0.17730138933248754    25    
53722.69143084215    3.2159334834334783    0.1778835145593364     25    
53723.19143084215    3.137510472503689     0.17644559392498146    25    
53723.69143084215    3.060688850318926     0.17197724450455806    25    
53724.19143084215    2.986060945450667     0.1608531828322086     25    
53724.69143084215    2.9133132854075274    0.13933446840051397    25    
53725.19143084215    2.8431912538314617    0.11741363221854623    25    
53725.69143084215    2.776202466310004     0.11044366295588619    25    
53726.19143084215    2.7121003874182823    0.11470024027248235    25    
53726.69143084215    2.651446935361741     0.11765392756730861    25    
53727.19143084215    2.5944498393219146    0.11471290265468362    25    
53727.69143084215    2.5409196732768744    0.11034675008463056    25    
53728.19143084215    2.4908003312329434    0.10760266022780528    25    
53728.69143084215    2.4441330464972477    0.10659751195772359    25    
53729.19143084215    2.400823625323496     0.10666738661428575    25    
53729.69143084215    2.3608098612851807    0.10797664951392022    25    
53730.19143084215    2.3241634087636704    0.1108056391873587     25    
53730.69143084215    2.2905344513653256    0.11255588547195104    25    
53731.19143084215    2.259933507515613     0.11134097787325635    25    
53731.69143084215    2.232283501569581     0.10841009515239437    25    
53732.19143084215    2.20669333767915      0.1056729160345909     25    
53732.69143084215    2.183321560088438     0.10335843142804492    25    
53733.19143084215    2.1618006900621327    0.10128145090639064    25    
53733.69143084215    2.141295997027366     0.09987708741761285    25    
53734.19143084215    2.1221059372970275    0.09912634199427289    25    
53734.69143084215    2.1037153819433483    0.09894510131546266    25    
53735.19143084215    2.08562152975284      0.09956604251930766    25    
53735.69143084215    2.0680459812743788    0.10096347625010868    25    
53736.19143084215    2.0508077060923653    0.10163966153735186    25    
53736.69143084215    2.03386047367212      0.10082608392676548    25    
53737.19143084215    2.0172173416708086    0.09917883578573354    25    
53737.69143084215    2.0007520890642665    0.09725713446740304    25    
53738.19143084215    1.9845003571696371    0.094858678578744      25    
53738.69143084215    1.968392675354446     0.09232309486610617    25    
53739.19143084215    1.9523305229198857    0.090240776219629      25    
53739.69143084215    1.9363621656043788    0.08846383021644685    25    
53740.19143084215    1.920377794676225     0.08707988511618071    25    
53740.69143084215    1.9043254948323147    0.08688930183462149    25    
53741.19143084215    1.888228372796848     0.0873887926402066     25    
53741.69143084215    1.871956430318816     0.08538414413457877    25    
53742.19143084215    1.8555194786220643    0.07777755316115151    25    
53742.69143084215    1.838881452567551     0.06769600802696357    25    
53743.19143084215    1.8219248794324288    0.06209513282344914    25    
53743.69143084215    1.8046949481096322    0.0617143408768072     25    
53744.19143084215    1.7871038787369864    0.06511483488574651    25    
53744.69143084215    1.7690694273634464    0.07001410244500464    25    