54356.452191780496    23.518003961440225    5.971910824521592     25    
54356.952191780496    28.113686252697686    5.8595554925143425    25    
54357.452191780496    33.07689240497549     5.982802045905329     25    
54357.952191780496    38.39438473893845     6.9534186305000265    25    
54358.452191780496    44.060365790059265    7.962373115749889     25    
54358.952191780496    50.05833729077347     8.204890534420413     25    
54359.452191780496    56.3853947494437      8.116467070132167     25    
54359.952191780496    63.02251454095506     8.123243830369248     25    
54360.452191780496    69.96894991588084     8.140553191106262     25    
54360.952191780496    77.2038871222351      8.154165459217023     25    
54361.452191780496    84.72800192212264     8.164565161668886     25    
54361.952191780496    92.51942566736585     8.172371498394154     25    
54362.452191780496    100.57952140092141    8.177766333616072     25    
54362.952191780496    108.88974713553282    8.203385686097672     25    
54363.452191780496    117.45540076719556    8.268528496960345     25    
54363.952191780496    126.21970405299035    8.086141635259905     25    
54364.452191780496    135.23642993052502    7.520662979872378     25    
54364.952191780496    144.10126394451765    7.15255999856505      25    
54365.452191780496    152.82627647667803    7.223243280932917     25    
54365.952191780496    160.94457345417115    7.343219365506596     25    
54366.452191780496    168.36092003214438    7.398271351152162     25    
54366.952191780496    174.76031404680356    7.438335235444532     25    
54367.452191780496    179.86288948371023    7.448156939956335     25    
54367.952191780496    183.87144753154504    7.459084352125256     25    
54368.452191780496    186.77241795971534    7.498927792047404     25    
54368.952191780496    188.7925491732354     7.55116794097152      25    
54369.452191780496    190.18093175505575    7.61847967330197      25    
54369.952191780496    191.01525161455987    7.677843798018584     25    
54370.452191780496    191.62892298819963    7.731422606864751     25    
54370.952191780496    191.94764705920807    7.698930136705564     25    
54371.452191780496    192.02834691336767    7.1926877994798515    25    
54371.952191780496    191.83315718030397    6.337166627690748     25    
54372.452191780496    191.23268513043965    6.013176786388374     25    
54372.952191780496    190.2332200065048     6.1485063742866295    25    
54373.452191780496    188.70572449503553    6.189904476722051     25    
54373.952191780496    186.65698536471888    6.165662824298071     25    
54374.452191780496    184.15490347231813    6.139163346405761     25    
54374.952191780496    181.1861022918308     6.108393056258753     25    
54375.452191780496    177.9237165884684     6.11192012898827      25    
54375.952191780496    174.36609220694945    6.167577551763625     25    
54376.452191780496    170.66056687354958    6.197688667868513     25    
54376.952191780496    166.8382562988518     6.2339818594574945    25    
54377.452191780496    162.93213882659688    6.046199041655418     25    
54377.952191780496    158.96895974102569    5.335164644799989     25    
54378.452191780496    154.93047546483245    4.643585750074898     25    
54378.952191780496    150.8148251361444     4.5644077660838       25    
54379.452191780496    146.61817902377462    4.659159790563487     25    
54379.952191780496    142.33409237738334    4.636826212700576     25    
54380.452191780496    137.96835212171908    4.60112712414428      25    
54380.952191780496    133.52279520693634    4.537569716606682     25    
54381.452191780496    129.00363899270485    4.472354479690973     25    
54381.952191780496    124.42300784655347    4.4704160567152496    25    
54382.452191780496    119.7833409861814     4.4989544826456465    25    
54382.952191780496    115.0952683005558     4.526673232551275     25    
54383.452191780496    110.36656477986959    4.522618207644623     25    
54383.952191780496    105.64585291177212    4.195141288429872     25    
54384.452191780496    100.93363514233747    3.5380165226565916    25    
54384.952191780496    96.31455237152431     3.184724703367069     25    
54385.452191780496    91.7832948021963      3.2138177473799385    25    
54385.952191780496    87.424986882794       3.2269979403774247    25    
54386.452191780496    83.2410493299552      3.209766143029268     25    
54386.952191780496    79.25405408561407     3.171475030993397     25    
54387.452191780496    75.47292508598791     3.098250917931652     25    
54387.952191780496    71.86844025729314     3.046022956434537     25    
54388.452191780496    68.43933385870704     3.0377241954248873    25    
54388.952191780496    65.1645658465059      3.036808210600171     25    
54389.452191780496    62.03621624468756     3.034808454467878     25    
54389.952191780496    59.04862944867599     3.023493761744161     25    
54390.452191780496    56.19421010955936     3.0313577612909275    25    
54390.952191780496    53.4771831624558      2.9502579632544252    25    
54391.452191780496    50.89829474768938     2.5545984850689303    25    
54391.952191780496    48.45839563394743     2.038309717549831     25    
54392.452191780496    46.160773866275946    1.9135289099170796    25    
54392.952191780496    44.00172166266974     1.9909591016999733    25    
54393.452191780496    41.97781295195079     1.9670137247664272    25    
54393.952191780496    40.08502134716536     1.9266321038145569    25    
54394.452191780496    38.30791504364544     1.9305283453653068    25    
54394.952191780496    36.646306868645425    1.962442064997166     25    
54395.452191780496    35.08290120067168     1.979006129687244     25    
54395.952191780496    33.61870176224571     1.9839883378867655    25    
54396.452191780496    32.2383034284809      1.959728377898088     25    
54396.952191780496    30.942608521166132    1.9051740837113942    25    
54397.452191780496    29.71970339564814     1.8240975174643304    25    
54397.952191780496    28.570160113560988    1.7036796392400166    25    
54398.452191780496    27.48235013159744     1.6344964494247773    25    
54398.952191780496    26.45571469924058     1.6553027865932533    25    
54399.452191780496    25.482610506994188    1.6611952247688586    25    
54399.952191780496    24.561244677650702    1.613891002696821     25    
54400.452191780496    23.688972518657103    1.5746248424554206    25    
54400.952191780496    22.864851957426822    1.5693988670508374    25    
54401.452191780496    22.086297983819374    1.576972208100573     25    
54401.952191780496    21.352019290708707    1.597033125578542     25    
54402.452191780496    20.659800257593695    1.6116538211790885    25    
54402.952191780496    20.007561271929056    1.6158872119483276    25    
54403.452191780496    19.393623879879115    1.5786823754303871    25    
54403.952191780496    18.81483508014434     1.3909607381616358    25    
54404.452191780496    18.270300429335386    1.1155291431266392    25    
54404.952191780496    17.755967766844158    1.027721594527613     25    
54405.452191780496    17.2719339942645      1.0658313979174117    25    
54405.952191780496    16.814896104822182    1.0471024608322244    25    
54406.452191780496    16.385363505845703    1.0074677283483393    25    
54406.952191780496    15.982951435450362    1.00400189146771      25    
54407.452191780496    15.607702887069086    1.030700448867579     25    
54407.952191780496    15.259625027477798    1.064739876213508     25    
54408.452191780496    14.93881035736787     1.1074206674069285    25    
54408.952191780496    14.643184166646627    1.1141869214268099    25    
54409.452191780496    14.37337726473109     1.0787695542667444    25    
54409.952191780496    14.122794103269136    1.0397774361132157    25    
54410.452191780496    13.89148974834065     1.0022229643059826    25    
54410.952191780496    13.673221388845882    0.9688226865184073    25    
54411.452191780496    13.46689901624375     0.9413635661927557    25    
54411.952191780496    13.268879816705223    0.9248497283743996    25    
54412.452191780496    13.07691788926956     0.928787800466868     25    
54412.952191780496    12.891604032495891    0.932343450966142     25    
54413.452191780496    12.712554086437358    0.919048554261823     25    
54413.952191780496    12.539963662689935    0.9005532201763813    25    
54414.452191780496    12.373870929834249    0.882197055965979     25    
54414.952191780496    12.21429816311571     0.8651954341860122    25    
54415.452191780496    12.061294688069788    0.8560277131645057    25    
54415.952191780496    11.914872725812529    0.8519684370908148    25    
54416.452191780496    11.775090482176408    0.8464596561529621    25    
54416.952191780496    11.641952471812823    0.8460362130365744    25    
54417.452191780496    11.515523433186535    0.8758977451616424    25    
54417.952191780496    11.395802522149028    0.9257226953511317    25    
54418.452191780496    11.282858662132623    0.954128403858849     25    
54418.952191780496    11.176687997853584    0.9700127667047084    25    
54419.452191780496    11.07736129004707     1.0620681550230409    25    