53999.12817896403    0.2943758135620727     0.1901642165829808      25    
53999.62817896403    0.3573203231107066     0.18557898157960692     25    
54000.12817896403    0.42816289724685497    0.1852656154152671      25    
54000.62817896403    0.5083502858898852     0.22924822599647102     25    
54001.12817896403    0.5974947009166077     0.3174447466145569      25    
54001.62817896403    0.6963041535651575     0.39200977483416766     25    
54002.12817896403    0.8059883462783639     0.42486090847452446     25    
54002.62817896403    0.9259671624671898     0.4286134182422442      25    
54003.12817896403    1.0573779893121567     0.4249238599089172      25    
54003.62817896403    1.2010354501285316     0.42729273779658095     25    
54004.12817896403    1.3564831631634773     0.4299309848721822      25    
54004.62817896403    1.5251298598888736     0.43197398754760724     25    
54005.12817896403    1.7072370528414125     0.43334573586867603     25    
54005.62817896403    1.9027881584064918     0.434176358708034       25    
54006.12817896403    2.113256780052993      0.4345315574305604      25    
54006.62817896403    2.3383386098180274     0.4342930319669612      25    
54007.12817896403    2.578627603597258      0.4338185756047565      25    
54007.62817896403    2.8355825718829926     0.4338751033230755      25    
54008.12817896403    3.109280345960409      0.4352771366238726      25    
54008.62817896403    3.3986261056934968     0.4352680727347064      25    
54009.12817896403    3.705694538315888      0.42989744334088525     25    
54009.62817896403    4.03173193874021       0.41957421049680155     25    
54010.12817896403    4.358841991729148      0.4135982653210488      25    
54010.62817896403    4.683955767170144      0.41899237197777517     25    
54011.12817896403    5.00707887149883       0.43063740435071357     25    
54011.62817896403    5.302271472771864      0.44112157726180096     25    
54012.12817896403    5.5718796035160585     0.4496419623904791      25    
54012.62817896403    5.80975825806681       0.45691022341785476     25    
54013.12817896403    5.994386956519246      0.46110815876087263     25    
54013.62817896403    6.125617832683804      0.4613351068029385      25    
54014.12817896403    6.212267230921764      0.46057680338469587     25    
54014.62817896403    6.257225079612536      0.46167667816178437     25    
54015.12817896403    6.256493120767766      0.4636701761220951      25    
54015.62817896403    6.22925784319446       0.4663096933081134      25    
54016.12817896403    6.183229732733202      0.47060938775743016     25    
54016.62817896403    6.114658998828069      0.4758336416150719      25    
54017.12817896403    6.042527129768519      0.47762593146938537     25    
54017.62817896403    5.971205144018923      0.4772672580343014      25    
54018.12817896403    5.89665752581746       0.4722124581941764      25    
54018.62817896403    5.8211607578557        0.4537154611906782      25    
54019.12817896403    5.746758014842486      0.41186891290156        25    
54019.62817896403    5.667864207815372      0.36431691077196277     25    
54020.12817896403    5.579274126849075      0.3409632786168218      25    
54020.62817896403    5.483543150898805      0.3418744414105848      25    
54021.12817896403    5.375605222210957      0.3471018527895724      25    
54021.62817896403    5.250738043077194      0.3440395590057119      25    
54022.12817896403    5.111356855914548      0.3391785930065788      25    
54022.62817896403    4.961351178525774      0.3331873201028185      25    
54023.12817896403    4.7989631671043185     0.32506018684000604     25    
54023.62817896403    4.627234626085757      0.31608530319175765     25    
54024.12817896403    4.455435003103764      0.3099282968986996      25    
54024.62817896403    4.280944903794617      0.3079477140929236      25    
54025.12817896403    4.108387484732706      0.30723385636888806     25    
54025.62817896403    3.945676847143263      0.30512653356689373     25    
54026.12817896403    3.7907761719670527     0.3028600755613381      25    
54026.62817896403    3.643845094149329      0.2977896026998996      25    
54027.12817896403    3.5064778846285862     0.2853317348138599      25    
54027.62817896403    3.3781302654485166     0.2660500885101487      25    
54028.12817896403    3.2546268265906195     0.2505942479432206      25    
54028.62817896403    3.135422032714879      0.2474057082518929      25    
54029.12817896403    3.0203924402580693     0.25028415169774226     25    
54029.62817896403    2.905525394540122      0.2505377042147286      25    
54030.12817896403    2.790514527995873      0.24685253796641088     25    
54030.62817896403    2.6760835070651763     0.2419724449588622      25    
54031.12817896403    2.5618588726101836     0.23707004673543286     25    
54031.62817896403    2.447242813436129      0.2310635948976382      25    
54032.12817896403    2.334590965420878      0.22677101882934741     25    
54032.62817896403    2.225482454176321      0.22797979560791032     25    
54033.12817896403    2.1190402178946997     0.2336305106631003      25    
54033.62817896403    2.017739405256206      0.23781201153789192     25    
54034.12817896403    1.9228313044728473     0.23907786785229765     25    
54034.62817896403    1.8334812279104369     0.23803781288284678     25    
54035.12817896403    1.7498016331258064     0.22983914010340356     25    
54035.62817896403    1.6724968064356915     0.20768124732955245     25    
54036.12817896403    1.6003130173660212     0.178747373714504       25    
54036.62817896403    1.5314499208231027     0.15998313095241398     25    
54037.12817896403    1.4666764950153481     0.15536870831510974     25    
54037.62817896403    1.4045758358567384     0.1555387299261643      25    
54038.12817896403    1.343610079860744      0.15292354101794886     25    
54038.62817896403    1.2844029910853183     0.15040368010047028     25    
54039.12817896403    1.22652679195014       0.14720156427405015     25    
54039.62817896403    1.1694627041882268     0.14133250325887167     25    
54040.12817896403    1.1135769881483972     0.13400517803270182     25    
54040.62817896403    1.0597303826396356     0.13021563511794593     25    
54041.12817896403    1.0078201338040391     0.13279842951597737     25    
54041.62817896403    0.958103275808042      0.1379858351320781      25    
54042.12817896403    0.9114155489745535     0.1417922781293286      25    
54042.62817896403    0.8676526218953963     0.14527028516823037     25    
54043.12817896403    0.8268171079276662     0.14717478131496162     25    
54043.62817896403    0.7891272141017881     0.14552580710051488     25    
54044.12817896403    0.7546070252828296     0.14078226733774457     25    
54044.62817896403    0.7227114186903906     0.13343883860405492     25    
54045.12817896403    0.6932299052015816     0.12192020447818129     25    
54045.62817896403    0.6662667622258104     0.10575411923817098     25    
54046.12817896403    0.6412202796407094     0.09207685436826817     25    
54046.62817896403    0.6180915004137286     0.08725173018564097     25    
54047.12817896403    0.5967867185261542     0.08698680373913764     25    
54047.62817896403    0.5767835022009815     0.08472556666648402     25    
54048.12817896403    0.5582369758701864     0.079325251438972       25    
54048.62817896403    0.5408820177097536     0.07417847755898628     25    
54049.12817896403    0.524347492855675      0.07296924166458899     25    
54049.62817896403    0.5088217362933882     0.07566952748265268     25    
54050.12817896403    0.4939137021049811     0.07857616927236229     25    
54050.62817896403    0.4793177960549284     0.07963705625807325     25    
54051.12817896403    0.4651864213719636     0.07997062625168506     25    
54051.62817896403    0.45147803713311885    0.07884999653572267     25    
54052.12817896403    0.4380168834433347     0.07447995706567898     25    
54052.62817896403    0.4250224573677914     0.06860845364406691     25    
54053.12817896403    0.4129894587469213     0.06638500623740652     25    
54053.62817896403    0.40177011933315965    0.06953791030917347     25    
54054.12817896403    0.3916348318124549     0.07430196462285164     25    
54054.62817896403    0.3830761528240998     0.07794194070567995     25    
54055.12817896403    0.3760176391796697     0.08177394477189871     25    
54055.62817896403    0.3703074969793059     0.08358914643956558     25    
54056.12817896403    0.36606325540327217    0.080671245339922       25    
54056.62817896403    0.36329984682778454    0.07358339588940786     25    
54057.12817896403    0.3609572078440335     0.06646318113537379     25    
54057.62817896403    0.3588865011842478     0.061803780346907096    25    
54058.12817896403    0.35705716780948543    0.058356038305991745    25    
54058.62817896403    0.35432226976196596    0.05659093532789799     25    
54059.12817896403    0.35065742531699123    0.057611281154453325    25    
54059.62817896403    0.34610608246357305    0.0595683297073811      25    
54060.12817896403    0.34029062521829145    0.059921785154839924    25    
54060.62817896403    0.3330005864710497     0.058892118262482654    25    
54061.12817896403    0.32516601693855823    0.057446232286569046    25    
54061.62817896403    0.3174011941611928     0.055901117035861723    25    
54062.12817896403    0.30934633540012924    0.05392081192123597     25    
54062.62817896403    0.3020982368232624     0.05329770515054145     25    
54063.12817896403    0.29614064378434213    0.05530002439079035     25    
54063.62817896403    0.29119744645670886    0.05882125270942711     25    
54064.12817896403    0.28772395540546347    0.06260788088063779     25    
54064.62817896403    0.28611535079980643    0.06625053079188155     25    
54065.12817896403    0.2857254923591022     0.07032580836580705     25    
54065.62817896403    0.28572849600758227    0.07553111464556556     25    
54066.12817896403    0.28650882536243333    0.082656269369744       25    
54066.62817896403    0.28731931140260386    0.08836746279587422     25    
54067.12817896403    0.2873627307757066     0.09011647082898747     25    
54067.62817896403    0.28698901091931694    0.08909185084404538     25    
54068.12817896403    0.2857245702763551     0.08560955116722867     25    
54068.62817896403    0.2831145690878961     0.07751536275031148     25    
54069.12817896403    0.2794488201004398     0.06486572169860899     25    
54069.62817896403    0.2752815715341599     0.05686266690843952     25    
54070.12817896403    0.2705227582128174     0.05841004811062795     25    
54070.62817896403    0.26538115329018047    0.0661905245485958      25    
54071.12817896403    0.2605008372472726     0.078492011216571       25    
54071.62817896403    0.2557165893747123     0.09556686922970621     25    
54072.12817896403    0.25127171231002293    0.11087687264896012     25    
54072.62817896403    0.24756524398085522    0.12079747154939918     25    
54073.12817896403    0.24449485244251035    0.12807670473036942     25    
54073.62817896403    0.2419566262808517     0.132328090375639       25    
54074.12817896403    0.23993666187035464    0.1327526789156751      25    
54074.62817896403    0.23844184809264393    0.1300147646030289      25    
54075.12817896403    0.23731832545330267    0.1253800376858596      25    
54075.62817896403    0.236565411603379      0.11849987148655584     25    
54076.12817896403    0.2361584961212769     0.10940899241915412     25    
54076.62817896403    0.23595063626005752    0.09972074448659138     25    
54077.12817896403    0.23598804702164294    0.08873176968589276     25    
54077.62817896403    0.23618809066810287    0.07676704805570751     25    
54078.12817896403    0.23643135396082018    0.06521184945412008     25    
54078.62817896403    0.23677815016686762    0.05340198256299584     25    
54079.12817896403    0.23710421377484253    0.04288555790965858     25    
54079.62817896403    0.23733406059731       0.035261740649311375    25    
54080.12817896403    0.23750930308077253    0.03211357471821255     25    
54080.62817896403    0.23748044748321523    0.04175988920538761     25    
54081.12817896403    0.2372323382112472     0.056244057397676135    25    
54081.62817896403    0.23675508780507784    0.07524343930482667     25    
54082.12817896403    0.23589795674940406    0.10304085618912479     25    