54404.30231485413    1968.6562148654157    1806.7040307727987    25    
54404.80231485413    2685.966328220344     1668.5589230700505    25    
54405.30231485413    3546.5962684778865    1859.263988766855     25    
54405.80231485413    4563.204537518515     2871.5005936757457    25    
54406.30231485413    5747.186764301676     3627.9712556180634    25    
54406.80231485413    7111.822525297308     3733.4369268952814    25    
54407.30231485413    8667.894664371976     3661.928506214562     25    
54407.80231485413    10429.287253591927    3669.136863613583     25    
54408.30231485413    12406.186930723985    3671.7373578070064    25    
54408.80231485413    14613.06568443755     3667.542814596523     25    
54409.30231485413    17059.53052539287     3656.8585489036336    25    
54409.80231485413    19760.624779869366    3638.1774643925005    25    
54410.30231485413    22725.392410413864    3614.308077551922     25    
54410.80231485413    25977.082607525954    3582.786288766446     25    
54411.30231485413    29504.01277701114     3558.8635869649315    25    
54411.80231485413    33351.554614752116    3571.617065581279     25    
54412.30231485413    37384.59646239165     3601.572011146969     25    
54412.80231485413    41463.86090199477     3630.8536214141022    25    
54413.30231485413    45465.01307604395     3661.1069003813245    25    
54413.80231485413    49147.551721276395    3688.8900731301255    25    
54414.30231485413    52443.05331398922     3708.9716729891725    25    
54414.80231485413    55070.7870773369      3701.157818494481     25    
54415.30231485413    57143.575995998304    3688.397441527303     25    
54415.80231485413    58685.747082865986    3709.5044037370976    25    
54416.30231485413    59800.897346404694    3749.2174542053413    25    
54416.80231485413    60682.32919397471     3808.198908220305     25    
54417.30231485413    61375.4983914809      3862.4738318053055    25    
54417.80231485413    62096.896419082615    3904.8007098791095    25    
54418.30231485413    62798.01357200525     3847.5617225562282    25    
54418.80231485413    63510.428478741436    3315.9872940434843    25    
54419.30231485413    64188.73830526609     2478.7284065883937    25    
54419.80231485413    64753.32075518231     2281.3423113378303    25    
54420.30231485413    65188.65761530534     2469.592442362813     25    
54420.80231485413    65410.17046496166     2478.8150969501044    25    
54421.30231485413    65420.5231200487      2446.2160865439637    25    
54421.80231485413    65175.371934718416    2403.3395982281504    25    
54422.30231485413    64677.63429055589     2362.121112553076     25    
54422.80231485413    63908.290191727974    2393.0536949610105    25    
54423.30231485413    62867.01367585879     2453.975158640294     25    
54423.80231485413    61526.911706711995    2445.482793424075     25    
54424.30231485413    59913.73135437572     2406.511156738915     25    
54424.80231485413    58079.937566803       2412.1968070375647    25    
54425.30231485413    56050.0036092452      2442.500396826984     25    
54425.80231485413    53935.778082587756    2476.9934655110724    25    
54426.30231485413    51748.248788974684    2511.1853212328765    25    
54426.80231485413    49603.6384528508      2512.376870857835     25    
54427.30231485413    47501.1763483527      2489.3676006648484    25    
54427.80231485413    45519.75075179956     2446.598628567673     25    
54428.30231485413    43657.726161984734    2394.9009970476277    25    
54428.80231485413    41963.96418085546     2405.8901717464255    25    
54429.30231485413    40440.66480742563     2454.0467929003844    25    
54429.80231485413    39142.934585547235    2467.039787621835     25    
54430.30231485413    38059.43499063376     2450.7437811915584    25    
54430.80231485413    37181.416122031886    2359.7199599295827    25    
54431.30231485413    36497.551914560274    2216.493288546538     25    
54431.80231485413    35940.4458685518      2191.6956150717547    25    
54432.30231485413    35507.65071295757     2251.5931105161217    25    
54432.80231485413    35129.78746591608     2273.227978559983     25    
54433.30231485413    34809.078838687965    2270.8046467090426    25    
54433.80231485413    34501.464341047365    2238.6861223114056    25    
54434.30231485413    34209.50087029882     2185.011333949499     25    
54434.80231485413    33914.78019860015     2189.164748711828     25    
54435.30231485413    33617.19419966042     2236.901520354345     25    
54435.80231485413    33296.944850996624    2260.4110586722795    25    
54436.30231485413    32955.274790249714    2265.8636953110304    25    
54436.80231485413    32585.376663137533    2246.067487046815     25    
54437.30231485413    32188.496644283237    2208.289010500837     25    
54437.80231485413    31772.654214742404    2261.993607634163     25    
54438.30231485413    31337.868332017773    2386.3898013381104    25    
54438.80231485413    30893.0782445044      2439.725282006864     25    
54439.30231485413    30437.38236239369     2435.425401329986     25    
54439.80231485413    29965.009324053794    2404.2179236379143    25    
54440.30231485413    29475.213607686463    2347.0433299157467    25    
54440.80231485413    28943.71502855352     2353.4321995927817    25    
54441.30231485413    28370.674467590456    2418.091235591525     25    
54441.80231485413    27730.526497013772    2458.1412984487697    25    
54442.30231485413    27023.81925622013     2476.1139838947174    25    
54442.80231485413    26246.448271965673    2450.258546793529     25    
54443.30231485413    25398.496177174773    2379.4977137795104    25    
54443.80231485413    24505.847266657274    2359.8870614186158    25    
54444.30231485413    23568.254450944332    2393.5311895066793    25    
54444.80231485413    22611.79361796628     2418.7563348067474    25    
54445.30231485413    21636.428335476485    2435.796636984481     25    
54445.80231485413    20660.58122653181     2406.401160172534     25    
54446.30231485413    19684.539922764507    2324.127985138945     25    
54446.80231485413    18715.041544101812    2300.6416837906836    25    
54447.30231485413    17752.083436933714    2344.610642154582     25    
54447.80231485413    16801.934916608127    2393.0515757636763    25    
54448.30231485413    15863.984474254512    2446.8883601564685    25    
54448.80231485413    14953.925198178922    2444.7754247087446    25    
54449.30231485413    14070.587347595452    2388.803252095171     25    
54449.80231485413    13245.953257862939    2141.2858102271794    25    
54450.30231485413    12480.057734282225    1555.7684179217024    25    
54450.80231485413    11805.885469856426    1120.7466102405613    25    
54451.30231485413    11226.082410594585    1173.588244247805     25    
54451.80231485413    10749.590075745356    1203.9192169278226    25    
54452.30231485413    10381.456560094564    1156.0054911726259    25    
54452.80231485413    10084.256794343784    1126.4921591716413    25    
54453.30231485413    9857.88335555566      1123.3556300744674    25    
54453.80231485413    9664.621017595255     1139.4019705948022    25    
54454.30231485413    9501.782575429426     1179.5712942872879    25    
54454.80231485413    9344.99059019616      1188.987973850026     25    
54455.30231485413    9189.589013640581     1154.9749960101806    25    
54455.80231485413    9038.602341461252     1121.5090289185932    25    
54456.30231485413    8891.49965239033      1101.0574718352357    25    
54456.80231485413    8751.429624942168     1045.2417276716128    25    
54457.30231485413    8618.739161415444     922.4459143803031     25    
54457.80231485413    8494.830627597892     844.389283459146      25    
54458.30231485413    8380.312544125034     864.7327084465169     25    
54458.80231485413    8273.52154391137      875.5779138634535     25    
54459.30231485413    8174.441274288808     853.6459026490056     25    
54459.80231485413    8081.39986868759      826.1843476783918     25    
54460.30231485413    7994.252477869664     794.332819943814      25    
54460.80231485413    7911.4150162642545    769.4591539262708     25    
54461.30231485413    7832.722476178265     756.4659828819141     25    
54461.80231485413    7756.611522053347     751.3293305576497     25    
54462.30231485413    7682.895804626613     747.7985782009822     25    
54462.80231485413    7610.033921466849     778.2074709770031     25    
54463.30231485413    7537.81699862665      859.9823985902908     25    
54463.80231485413    7464.726749916731     918.1886832173499     25    
54464.30231485413    7390.530593590373     918.5857091767548     25    
54464.80231485413    7313.734542814964     963.7631837289181     25    