52966.68173656363    1.9616017836619632    0.4550788354036957     25    
52967.18173656363    2.1741676798421503    0.4595690719698169     25    
52967.68173656363    2.3931809025371065    0.4643468101081298     25    
52968.18173656363    2.616008485086412     0.46875892306028477    25    
52968.68173656363    2.8416599264961278    0.4722741685064318     25    
52969.18173656363    3.071383210835839     0.4751562919768028     25    
52969.68173656363    3.3027091630351495    0.47802701368620126    25    
52970.18173656363    3.533773726953403     0.48148210588371243    25    
52970.68173656363    3.7662070670368553    0.485532315374691      25    
52971.18173656363    3.9980313829851615    0.48947051703226074    25    
52971.68173656363    4.226836646690958     0.49261006337581886    25    
52972.18173656363    4.453980036617147     0.49512185131934133    25    
52972.68173656363    4.678302710413434     0.49703607280894446    25    
52973.18173656363    4.897176251185788     0.49815128073800935    25    
52973.68173656363    5.111029685053692     0.49840959195775947    25    
52974.18173656363    5.319850710796945     0.4978946125619573     25    
52974.68173656363    5.521006361755135     0.4966342453107772     25    
52975.18173656363    5.713683577823485     0.49451571118442095    25    
52975.68173656363    5.899002949612691     0.4915124315611986     25    
52976.18173656363    6.074445254622086     0.4880703339169939     25    
52976.68173656363    6.238198207285516     0.48623194975328343    25    
52977.18173656363    6.391741249653914     0.4889477806029531     25    
52977.68173656363    6.533439082616391     0.4857041651991497     25    
52978.18173656363    6.661229221801131     0.46342423389610404    25    
52978.68173656363    6.7748725037120945    0.4082953158368351     25    
52979.18173656363    6.875713355214144     0.3347586964308961     25    
52979.68173656363    6.965063279869215     0.27689657627968917    25    
52980.18173656363    7.042016595590813     0.2662833026439523     25    
52980.68173656363    7.107280908892065     0.2833989250604426     25    
52981.18173656363    7.163618841588449     0.3006533613984571     25    
52981.68173656363    7.211751722569214     0.3062824425966513     25    
52982.18173656363    7.250643682745079     0.310989681574461      25    
52982.68173656363    7.282757643473776     0.3138990033284898     25    
52983.18173656363    7.309930093509024     0.3131897380431014     25    
52983.68173656363    7.33104956413903      0.30798575739653       25    
52984.18173656363    7.34658083518708      0.3036079087229789     25    
52984.68173656363    7.357202474486302     0.305772585824596      25    
52985.18173656363    7.362828611580949     0.3141780855007061     25    
52985.68173656363    7.363239343237941     0.3257243817379511     25    
52986.18173656363    7.358311614091029     0.33803223899498536    25    
52986.68173656363    7.348000334891006     0.354169628975563      25    
52987.18173656363    7.332377816914927     0.37066949398945126    25    
52987.68173656363    7.311518155075794     0.38011348523613037    25    
52988.18173656363    7.284876564699538     0.3772042442882884     25    
52988.68173656363    7.252636201649542     0.3658224110320778     25    
52989.18173656363    7.216683613475918     0.35347814609369727    25    
52989.68173656363    7.177907517752786     0.3460250354461565     25    
52990.18173656363    7.135029760547366     0.3401169358318279     25    
52990.68173656363    7.090580959496725     0.3368708983661151     25    
52991.18173656363    7.046958440641209     0.33839325983494506    25    
52991.68173656363    7.002548787641809     0.3466079547913502     25    
52992.18173656363    6.958890641519732     0.3561365254626102     25    
52992.68173656363    6.91854289124547      0.36093660671874106    25    
52993.18173656363    6.881847862234667     0.35958574076243355    25    
52993.68173656363    6.847836496993536     0.35531515664647584    25    
52994.18173656363    6.816051412788089     0.35106394058182877    25    
52994.68173656363    6.7870487245170645    0.3467694298457383     25    
52995.18173656363    6.760626976502864     0.34185924690969843    25    
52995.68173656363    6.734519127377009     0.3404564505932742     25    
52996.18173656363    6.707560692778152     0.34720145137863906    25    
52996.68173656363    6.680986036560281     0.3612379866979466     25    
52997.18173656363    6.652888250229908     0.3740281799954937     25    
52997.68173656363    6.621399981212664     0.37754755004090723    25    
52998.18173656363    6.587192951517377     0.36965852495391865    25    
52998.68173656363    6.550317578933567     0.3615846385819766     25    
52999.18173656363    6.510449338509841     0.3666374031868028     25    
52999.68173656363    6.467192974532467     0.3903779522110891     25    
53000.18173656363    6.421153188921652     0.41950088354057563    25    
53000.68173656363    6.373249417048471     0.44078636689856043    25    
53001.18173656363    6.3235137546815405    0.44979589131008274    25    
53001.68173656363    6.271778041569123     0.4528677023615473     25    
53002.18173656363    6.218880811858834     0.4537223682527829     25    
53002.68173656363    6.16551332063648      0.4546973559815379     25    
53003.18173656363    6.111384732270792     0.4542783329158571     25    
53003.68173656363    6.055855169309214     0.4524625575434852     25    
53004.18173656363    5.998564139302434     0.4489312017426616     25    
53004.68173656363    5.940266435899211     0.4422648600404498     25    
53005.18173656363    5.879588535090138     0.4357789531139759     25    
53005.68173656363    5.814888810941907     0.43368900447995407    25    
53006.18173656363    5.746956771514904     0.4377843597400248     25    
53006.68173656363    5.675191049219698     0.4442064626541302     25    
53007.18173656363    5.597935170768592     0.44848308827536587    25    
53007.68173656363    5.514559899909947     0.4522287614626097     25    
53008.18173656363    5.425796275596864     0.45486564217413417    25    
53008.68173656363    5.332028237348668     0.44883836125994564    25    
53009.18173656363    5.232989385168857     0.4242654735076847     25    
53009.68173656363    5.128415394660109     0.3803439231375278     25    
53010.18173656363    5.0203296687215895    0.33409021085121926    25    
53010.68173656363    4.910219927900295     0.3091912554437395     25    
53011.18173656363    4.796777276137918     0.30598768842907187    25    
53011.68173656363    4.6815994946694675    0.3115108713728848     25    
53012.18173656363    4.566658672774722     0.31332698233841916    25    
53012.68173656363    4.451159508470945     0.31351173354233347    25    
53013.18173656363    4.335566645602284     0.3136736973511351     25    
53013.68173656363    4.221287598889917     0.3119777724486938     25    
53014.18173656363    4.108358889003566     0.3066589480103417     25    
53014.68173656363    3.996547374916564     0.29939937279221923    25    
53015.18173656363    3.886586918531091     0.29353152446505026    25    
53015.68173656363    3.7787163546707068    0.291634038079261      25    
53016.18173656363    3.672623201485231     0.292294469585066      25    
53016.68173656363    3.568963749462189     0.29357073140277495    25    
53017.18173656363    3.468265521641883     0.2940862031805238     25    
53017.68173656363    3.370244566117163     0.29479995061857384    25    
53018.18173656363    3.274983289588945     0.29490831731844774    25    
53018.68173656363    3.182655079023493     0.29355820481091377    25    
53019.18173656363    3.0933956337174315    0.2924502278978455     25    
53019.68173656363    3.0069007301361004    0.28912002236520407    25    
53020.18173656363    2.9227835750349334    0.2794896955947585     25    
53020.68173656363    2.8411476074269064    0.2569130579182121     25    
53021.18173656363    2.761948941889776     0.2252230248600603     25    
53021.68173656363    2.684772772922895     0.19721937203258272    25    
53022.18173656363    2.609508128444873     0.18737105217260627    25    
53022.68173656363    2.536311079230721     0.19054105456422626    25    
53023.18173656363    2.464821125308505     0.19591858192986975    25    
53023.68173656363    2.3948031410079698    0.19502657399295326    25    
53024.18173656363    2.3264677625326655    0.19116709089758022    25    
53024.68173656363    2.259554356217052     0.18756906934311215    25    
53025.18173656363    2.1937868487949563    0.18705363421667393    25    
53025.68173656363    2.129343428079772     0.19012493777978018    25    
53026.18173656363    2.066058015387641     0.19432497362850443    25    
53026.68173656363    2.0036279989888928    0.1971851885905337     25    
53027.18173656363    1.9419111584623643    0.1988966116502895     25    
53027.68173656363    1.881120093369069     0.19977231301139203    25    
53028.18173656363    1.8215116478585072    0.1988574795032101     25    
53028.68173656363    1.7629011486199293    0.1956246497539371     25    
53029.18173656363    1.7052933144418487    0.19039155697931484    25    
53029.68173656363    1.6496792719836264    0.18312550996309265    25    
53030.18173656363    1.596611501957141     0.17264557666164998    25    
53030.68173656363    1.545505678078485     0.15706930447636855    25    
53031.18173656363    1.4972528174642008    0.14132517418968404    25    
53031.68173656363    1.4527856270156623    0.13293577305577226    25    
53032.18173656363    1.4118688961836579    0.13428470386235986    25    
53032.68173656363    1.3743453061926432    0.13882916825609973    25    
53033.18173656363    1.3402430558810146    0.1396652913664344     25    
53033.68173656363    1.3102120379126934    0.13491758805968196    25    
53034.18173656363    1.2834588391649733    0.12810686351971276    25    
53034.68173656363    1.2584627509821777    0.12294093068179503    25    
53035.18173656363    1.2351301469229814    0.12171253719566617    25    
53035.68173656363    1.2138051365308307    0.12270242309039946    25    
53036.18173656363    1.1928649159238325    0.12466130029288289    25    
53036.68173656363    1.1713187494327542    0.12716598903518536    25    
53037.18173656363    1.1499408147810695    0.13095265402002595    25    
53037.68173656363    1.1281011259480949    0.1340187295247688     25    
53038.18173656363    1.1050679946693835    0.1345393913642227     25    
53038.68173656363    1.080789780476991     0.13288514943123597    25    
53039.18173656363    1.0559420842659806    0.12977378014657873    25    
53039.68173656363    1.0312020858197692    0.12566591898292104    25    
53040.18173656363    1.0062087213936108    0.11920491555668797    25    
53040.68173656363    0.981259223339762     0.11158664649837091    25    
53041.18173656363    0.9572009280035593    0.10592177051947624    25    
53041.68173656363    0.9341662430480727    0.10494112381464495    25    
53042.18173656363    0.9119323438518061    0.10672748814923415    25    
53042.68173656363    0.8909786444646384    0.10789949190103755    25    
53043.18173656363    0.8716671955289369    0.10562336953662266    25    
53043.68173656363    0.8538168599494705    0.10083738705641847    25    
53044.18173656363    0.8372078766761841    0.0965885265647431     25    
53044.68173656363    0.8216899334132685    0.0960968140313021     25    
53045.18173656363    0.8074183614549328    0.09898232204540293    25    
53045.68173656363    0.7941804787221034    0.103267259532567      25    
53046.18173656363    0.7817055940331409    0.10739954520248293    25    
53046.68173656363    0.7701097083386329    0.11265856483008492    25    
53047.18173656363    0.7593138230643692    0.1175942251688349     25    
53047.68173656363    0.7490779701588031    0.11965736764702178    25    
53048.18173656363    0.7393838726525966    0.11726229188194216    25    
53048.68173656363    0.7302801721718789    0.11198071373031844    25    
53049.18173656363    0.7216272785583013    0.10627816978913251    25    
53049.68173656363    0.713369589970213     0.10166410163517506    25    
53050.18173656363    0.7055726507560889    0.09690516814577461    25    
53050.68173656363    0.6981180613860317    0.09308959019361834    25    
53051.18173656363    0.6909124546255676    0.09156668342181656    25    
53051.68173656363    0.6840253473368014    0.09246093081000968    25    
53052.18173656363    0.6773874929796151    0.0943905343281452     25    
53052.68173656363    0.6709078058082476    0.09604424727947275    25    
53053.18173656363    0.6646055958966921    0.0980585543381317     25    
53053.68173656363    0.658486130113869     0.09994144769583602    25    
53054.18173656363    0.6525255262034184    0.10056434209995732    25    
53054.68173656363    0.646723478971184     0.09940799448911497    25    
53055.18173656363    0.6410836611424608    0.097083466869045      25    
53055.68173656363    0.6355928222744953    0.09425253515167618    25    
53056.18173656363    0.6302468706305635    0.09112348320271976    25    
53056.68173656363    0.6250514455991019    0.08732326510597947    25    
53057.18173656363    0.6199938691564831    0.08349727658198638    25    
53057.68173656363    0.6150653786259058    0.08028235460350659    25    
53058.18173656363    0.6102740862464371    0.07745921029993062    25    
53058.68173656363    0.6056095120838951    0.07500902788982285    25    
53059.18173656363    0.60105987108849      0.07294907609817995    25    
53059.68173656363    0.5966324512157439    0.07100890743246742    25    
53060.18173656363    0.5923206191880103    0.06972252867150507    25    
53060.68173656363    0.5881112161495936    0.06988189615531606    25    
53061.18173656363    0.5840074086383016    0.07200516094911286    25    
53061.68173656363    0.5800080586001075    0.0753125882505104     25    
53062.18173656363    0.576099915592255     0.07876318105491344    25    
53062.68173656363    0.5722798266453901    0.08018139380345919    25    
53063.18173656363    0.5685526984514665    0.08040243098456953    25    
53063.68173656363    0.5649056469159697    0.08531803391836827    25    
53064.18173656363    0.5613305733682876    0.0963837981795081     25    