53715.71988223084    161.33022338515255    56.42315238009559     25    
53716.21988223084    203.12405410511062    45.981832672887826    25    
53716.71988223084    251.09882868646042    59.0657557630097      25    
53717.21988223084    305.67421216017004    117.39963056101077    25    
53717.71988223084    367.17082914405404    157.4288262032711     25    
53718.21988223084    436.0557917986624     163.6089081641365     25    
53718.71988223084    512.6039360738339     159.88040587979762    25    
53719.21988223084    597.3265043364898     160.21030368909905    25    
53719.71988223084    690.4558607916991     160.44569984345262    25    
53720.21988223084    792.5440610895492     160.4538037016218     25    
53720.71988223084    903.7843146135516     160.25391641402635    25    
53721.21988223084    1024.7661733737425    159.82098161022293    25    
53721.71988223084    1155.647008855288     159.21039680192789    25    
53722.21988223084    1297.2927674834475    159.23587672699233    25    
53722.71988223084    1449.328630234452     158.43988456804885    25    
53723.21988223084    1612.8996360888855    151.4690277133596     25    
53723.71988223084    1784.9800276690728    141.51142327682572    25    
53724.21988223084    1958.1734355674273    138.98726750426295    25    
53724.71988223084    2130.6193210512097    140.97299574313715    25    
53725.21988223084    2290.6803092229125    141.9487195580987     25    
53725.71988223084    2437.9967105821875    142.73775237268913    25    
53726.21988223084    2560.611514116677     142.93703504385766    25    
53726.71988223084    2660.6651709957905    142.75206434106812    25    
53727.21988223084    2739.1960579166384    142.99388129039178    25    
53727.71988223084    2797.1560228618787    143.54639165888034    25    
53728.21988223084    2841.870673980291     144.44496266708109    25    
53728.71988223084    2873.2592551677567    145.57158495506928    25    
53729.21988223084    2898.40710915767      146.93115324624225    25    
53729.71988223084    2916.7694241346744    147.87149493722794    25    
53730.21988223084    2928.705605319592     134.28738997650038    25    
53730.71988223084    2934.088669154811     102.35235534546449    25    
53731.21988223084    2929.8567197371967    84.4592815662148      25    
53731.71988223084    2916.0752130388883    88.72345388928532     25    
53732.21988223084    2890.0082790299043    90.66025377000769     25    
53732.71988223084    2851.567780438125     90.1564460223841      25    
53733.21988223084    2802.488296111665     89.42647156335644     25    
53733.71988223084    2742.5785248716616    88.42708690267291     25    
53734.21988223084    2675.9492629087435    88.20687387517394     25    
53734.71988223084    2602.5814564526595    88.98170952081165     25    
53735.21988223084    2526.238393252858     89.2987467894377      25    
53735.71988223084    2447.209701596981     89.2247255975284      25    
53736.21988223084    2366.8680733293745    86.59470583348393     25    
53736.71988223084    2285.4692687915926    79.91692791151233     25    
53737.21988223084    2203.0344948786924    75.69178038075125     25    
53737.71988223084    2119.5742675251045    76.38924960541048     25    
53738.21988223084    2035.2937318317586    77.01439021391985     25    
53738.71988223084    1950.1334565381671    76.54812855683087     25    
53739.21988223084    1864.700574276157     75.66024527778535     25    
53739.71988223084    1778.9953910455388    74.11974196918591     25    
53740.21988223084    1693.8466433471244    73.09058998318064     25    
53740.71988223084    1609.3771867050884    73.24795602554084     25    
53741.21988223084    1526.335683427827     73.4463655619548      25    
53741.71988223084    1444.898721439551     74.39144760685893     25    
53742.21988223084    1365.7078514876557    71.6063865310223      25    
53742.71988223084    1288.961443170903     58.98166339261861     25    
53743.21988223084    1215.2206362369623    46.03801240699508     25    
53743.71988223084    1144.702241738239     44.88753772264296     25    
53744.21988223084    1077.9105110982543    46.62572893286469     25    
53744.71988223084    1015.2695429849686    46.631125907079806    25    
53745.21988223084    956.6332095881099     46.423445286425654    25    
53745.71988223084    902.1883419525084     45.49016833482707     25    
53746.21988223084    851.4003528851608     44.703021811129354    25    
53746.71988223084    803.9909579843044     44.96937296718595     25    
53747.21988223084    759.6152267430185     45.456152176553324    25    
53747.71988223084    717.8727939887991     45.68664212339838     25    
53748.21988223084    678.6591107707068     45.58401818520936     25    
53748.71988223084    641.6850847603483     45.44666266133768     25    
53749.21988223084    606.9884254719173     43.67902377369088     25    
53749.71988223084    574.5051813913412     35.5427918372292      25    
53750.21988223084    544.209953403871      23.581861890224655    25    
53750.71988223084    516.0564913587044     20.46154726898038     25    
53751.21988223084    489.99087393029396    22.487303172951552    25    
53751.71988223084    465.92343878881746    21.898876846403837    25    
53752.21988223084    443.7897391449941     21.145122260768794    25    
53752.71988223084    423.4296852207017     21.33257643471394     25    
53753.21988223084    404.8023372796969     21.92720182776885     25    
53753.71988223084    387.7492596886053     22.255962948912998    25    
53754.21988223084    372.2078545955895     22.37218846058648     25    
53754.71988223084    357.9432379447753     21.840879883068236    25    
53755.21988223084    344.88652160414904    20.92005218917731     25    
53755.71988223084    332.6745955089763     20.35005833590246     25    
53756.21988223084    321.2748400250745     20.025095298906702    25    
53756.71988223084    310.2773055599584     20.132946008310793    25    
53757.21988223084    299.71127033555456    20.447646103722175    25    
53757.71988223084    289.35250723387685    19.790015814444537    25    
53758.21988223084    279.2554877279113     18.436360263526122    25    
53758.71988223084    269.54725789200904    17.716332856122353    25    
53759.21988223084    260.232462080715      17.514478593490633    25    
53759.71988223084    251.46176137223208    17.625552004443648    25    
53760.21988223084    243.22827150040015    18.004099733775185    25    
53760.71988223084    235.6242894524629     17.99350924195295     25    
53761.21988223084    228.6423978796093     17.62271406844935     25    
53761.71988223084    222.2624424084194     16.38717530100225     25    
53762.21988223084    216.48451118539046    14.116172302362296    25    
53762.71988223084    211.28926121702466    13.172684209561426    25    
53763.21988223084    206.67813319732286    13.841836531454282    25    
53763.71988223084    202.5730255872673     13.887429728393782    25    
53764.21988223084    198.98110316535644    13.231715518378378    25    
53764.71988223084    195.70205797830056    12.861436752844545    25    
53765.21988223084    192.7396457287133     12.861126254051376    25    
53765.71988223084    189.88784339390142    13.026601935221288    25    
53766.21988223084    187.13822793905754    13.39221057968647     25    
53766.71988223084    184.3744584036974     13.377027897282737    25    
53767.21988223084    181.57083601189794    12.81971768835517     25    
53767.71988223084    178.80142727811005    12.433386383707708    25    
53768.21988223084    176.0642328584966     12.301402693153598    25    
53768.71988223084    173.43436929889296    12.754965059221316    25    
53769.21988223084    170.92104904327408    13.977866472706047    25    
53769.71988223084    168.56619033106946    14.866271595573895    25    
53770.21988223084    166.3872858724327     15.23709193351594     25    
53770.71988223084    164.3590517451633     15.298741297866943    25    
53771.21988223084    162.48174630794247    15.02166521914133     25    
53771.71988223084    160.73166998549843    14.59473661928094     25    
53772.21988223084    159.1048939152605     14.043769716350646    25    
53772.71988223084    157.58045146321217    13.508708973057162    25    
53773.21988223084    156.15335680632757    13.073547921914455    25    
53773.71988223084    154.8037553996403     12.739480013091184    25    
53774.21988223084    153.5254942024791     12.639838120060531    25    
53774.71988223084    152.29994101611848    12.366573624091707    25    
53775.21988223084    151.1196653250516     11.388663498976385    25    
53775.71988223084    149.96736753398292    10.65470547660271     25    
53776.21988223084    148.83422939538045    10.694793544720568    25    
53776.71988223084    147.70439417456953    11.84648686269103     25    