53862.44953624963    -28.829599313892917    28.829599313894654    25    
53862.94953624963    -20.84748529147999     20.84748529148239     25    
53863.44953624963    -8.641334091387527     8.641334091393313     25    
53863.94953624963    8.43896732660072       8.438967326606646     25    
53864.44953624963    30.830577234698815     30.83057723470044     25    
53864.94953624963    59.28355053280118      59.283550532802025    25    
53865.44953624963    94.14033205290883      94.14033205290937     25    
53865.94953624963    136.2404617156645      136.24046171566488    25    
53866.44953624963    185.84212775178517     143.63233954186714    25    
53866.94953624963    243.86389826373266     143.6516211212527     25    
53867.44953624963    310.49016171987034     143.35558001335033    25    
53867.94953624963    386.70805756554944     142.70285614436162    25    
53868.44953624963    472.63863134570784     141.76506034562541    25    
53868.94953624963    569.5223080398833      140.40135318951354    25    
53869.44953624963    677.1209194183149      139.10831261170193    25    
53869.94953624963    796.5871767821865      140.60799669481798    25    
53870.44953624963    926.3765576848682      143.9741689601283     25    
53870.94953624963    1058.8380826094515     145.95370508864553    25    
53871.44953624963    1193.5846171545004     147.0259762441349     25    
53871.94953624963    1319.038479098644      148.0785381417614     25    
53872.44953624963    1435.5722173611864     149.02382670232316    25    
53872.94953624963    1532.2253846342378     149.10110626979198    25    
53873.44953624963    1609.470207905694      148.34579229592694    25    
53873.94953624963    1669.9142166454294     148.8530177560345     25    
53874.44953624963    1713.2655382721812     150.6454802359602     25    
53874.94953624963    1747.8164963043862     153.04014106689488    25    
53875.44953624963    1773.4307441600915     156.19288644114937    25    
53875.94953624963    1797.3372861506327     157.85368992202697    25    
53876.44953624963    1820.2846831087152     158.99922002521188    25    
53876.94953624963    1842.3931305248652     147.54236638021968    25    
53877.44953624963    1864.2265761473484     111.92323363299798    25    
53877.94953624963    1882.9724142113612     82.75511924930869     25    
53878.44953624963    1898.484431889446      87.04233456523036     25    
53878.94953624963    1908.5822238282797     92.71762282718082     25    
53879.44953624963    1912.800404437481      91.70379934490893     25    
53879.94953624963    1910.132505826474      90.07552452072359     25    
53880.44953624963    1900.2198052189326     87.84035277146711     25    
53880.94953624963    1882.5624461075947     87.22189680037168     25    
53881.44953624963    1856.938759154774      90.5353590572957      25    
53881.94953624963    1822.9739365029598     93.04330548111452     25    
53882.44953624963    1779.833221137843      91.27565806571343     25    
53882.94953624963    1729.3835751465463     90.37606471132464     25    
53883.44953624963    1671.8965606779498     94.42822702699358     25    
53883.94953624963    1609.87577991848       98.88336860692678     25    
53884.44953624963    1545.0028906518653     101.11990413594609    25    
53884.94953624963    1479.0110226374952     102.2557822349441     25    
53885.44953624963    1414.113889535705      102.27675950762266    25    
53885.94953624963    1351.1524918282282     101.44065973357108    25    
53886.44953624963    1292.0417165963713     99.5501388808563      25    
53886.94953624963    1237.2504467040753     97.83257355668705     25    
53887.44953624963    1188.3266752558682     99.26716121510533     25    
53887.94953624963    1145.674353405978      101.64046691434308    25    
53888.44953624963    1111.3527148206422     102.01779696532589    25    
53888.94953624963    1084.5794209825574     101.02946287213476    25    
53889.44953624963    1065.1304946365174     97.4901059232113      25    
53889.94953624963    1052.1619345028816     92.78360303714705     25    
53890.44953624963    1042.9834201115752     92.53761786207684     25    
53890.94953624963    1037.404309461966      94.90752130932032     25    
53891.44953624963    1032.466137500131      95.70465969960104     25    
53891.94953624963    1028.3342291236372     95.55618888442643     25    
53892.44953624963    1023.1956293261221     94.03078762203019     25    
53892.94953624963    1017.2103081538888     91.46893986183163     25    
53893.44953624963    1009.8043080422187     91.37252126066875     25    
53893.94953624963    1000.9969716048777     93.30761345699383     25    
53894.44953624963    990.1566210136365      94.35072017386096     25    
53894.94953624963    977.3136045784605      94.64709069285031     25    
53895.44953624963    962.528321265668       93.96228727585405     25    
53895.94953624963    945.7756201772592      92.14201228249946     25    
53896.44953624963    927.8642003266797      94.25027562679864     25    
53896.94953624963    908.773592053204       100.68863549453506    25    
53897.44953624963    889.2934029824469      104.17098208003654    25    
53897.94953624963    869.5093144270076      104.19530281856846    25    
53898.44953624963    849.3691210359779      103.12347249042409    25    
53898.94953624963    829.0172300199532      100.71420826525137    25    
53899.44953624963    807.4935200290729      100.19281202595164    25    
53899.94953624963    784.7607253586863      102.86616202032413    25    
53900.44953624963    759.9656805409411      105.04260509762237    25    
53900.94953624963    732.84051319131        106.03727634958078    25    
53901.44953624963    703.4370629653494      105.6206052696351     25    
53901.94953624963    671.4761004552205      102.90823100753892    25    
53902.44953624963    637.9766375362592      100.45574488519975    25    
53902.94953624963    603.127894862549       99.58064423411237     25    
53903.44953624963    567.738350285492       99.4201322047796      25    
53903.94953624963    532.1873072854588      100.35170592677427    25    
53904.44953624963    496.9126034454339      100.48426022459634    25    
53904.94953624963    462.30909051517415     97.39927897306954     25    
53905.44953624963    428.4419007642793      94.70601427930015     25    
53905.94953624963    395.4547695366027      95.84925194117345     25    
53906.44953624963    363.4701334989377      98.219617248913       25    
53906.94953624963    332.5743882083545      100.83934795275403    25    
53907.44953624963    303.0298442365498      102.43814635357263    25    
53907.94953624963    275.0607896524709      101.37480057716837    25    
53908.44953624963    249.0543624775597      96.56252835123426     25    
53908.94953624963    225.64031630122554     80.73411689064795     25    
53909.44953624963    205.04847702714838     57.32428637051328     25    
53909.94953624963    188.15170404609938     50.18904935819448     25    
53910.44953624963    174.79572962440764     54.06951540029736     25    
53910.94953624963    165.38937423451338     52.950127764253246    25    
53911.44953624963    159.4648877111459      50.89506614375889     25    
53911.94953624963    155.9411323264135      50.29762412514313     25    
53912.44953624963    154.69293640029207     50.73037861658957     25    
53912.94953624963    154.382978764497       52.103993443784596    25    
53913.44953624963    155.05570204030366     53.95947357782784     25    
53913.94953624963    155.68462055384086     53.717805643590445    25    
53914.44953624963    156.3939727283758      51.88432637451408     25    
53914.94953624963    157.12257770492167     50.45863033217169     25    
53915.44953624963    157.88152232576994     49.16362939843242     25    
53915.94953624963    158.694065936359       45.1385665975418      25    
53916.44953624963    159.5592982177747      37.78161719816816     25    
53916.94953624963    160.47428628433534     34.12694867092093     25    
53917.44953624963    161.4405135211375      35.455614516284236    25    
53917.94953624963    162.40232074601897     35.69003351130726     25    
53918.44953624963    163.36166629108146     34.57043949520946     25    
53918.94953624963    164.25992334772812     33.26827994052926     25    
53919.44953624963    165.09783060961504     31.76428869215943     25    
53919.94953624963    165.81867223637934     30.6599359822682      25    
53920.44953624963    166.4217765942344      30.121394041255524    25    
53920.94953624963    166.85209816694183     29.917829882355086    25    
53921.44953624963    167.10703499990805     29.642749002140636    25    
53921.94953624963    167.13373189438357     31.636154278003865    25    
53922.44953624963    166.927136581605       36.86431546928596     25    
53922.94953624963    166.43710417367427     40.43443757901089     25    
53923.44953624963    165.65561209429416     40.467163662992455    25    
53923.94953624963    164.53574575978226     42.194881700421064    25    