@INSTRUMENT MOSAICII
@BAND MOSAICII_R
@MAGSYS Linear_AB11_off
#Date : MJD
#Flux : 
#Fluxerr : 
#ZP : 
#end
53268.1751  -0.0249  0.728  25.0
53295.0909  -0.1032  0.6013  25.0
53299.0986  0.0857  0.5298  25.0
53321.1001  0.3531  0.5225  25.0
53325.1  -0.3449  0.4346  25.0
53329.1123  -0.0033  0.6117  25.0
53344.13  0.621  0.6308  25.0
53348.1078  -0.3522  0.4361  25.0
53641.1197  0.2205  0.76  25.0
53649.1072  -0.4818  1.0598  25.0
53682.1196  -0.7053  0.9185  25.0
53698.1002  -0.5048  0.7095  25.0
53704.1203  0.1658  0.3809  25.0
53706.11  -0.0419  0.4129  25.0
53708.1177  0.8178  0.4651  25.0
53712.122  0.7603  0.5022  25.0
53714.0384  -1.1832  0.7893  25.0
53728.0993  2.9857  0.6485  25.0
53731.1077  5.8417  0.465  25.0
53733.0654  7.967  0.4671  25.0
53738.071  13.1121  0.456  25.0
53994.2718  -0.9303  0.3874  25.0
54003.2749  -0.4715  0.6153  25.0
54006.2822  -0.4766  0.5612  25.0
54021.3457  1.2602  0.5747  25.0
54023.2706  -0.2184  0.5289  25.0
54027.2957  -0.1876  0.5193  25.0
54031.3102  0.6564  0.4906  25.0
54039.2758  0.9628  0.5862  25.0
54053.0901  0.0777  0.4905  25.0
54063.235  0.243  0.4801  25.0
54065.2274  0.4976  0.552  25.0
54067.2316  1.1995  0.5736  25.0
54082.1125  0.2541  0.6175  25.0
54086.0956  1.0538  0.5741  25.0
54088.1151  -0.558  0.4868  25.0
54090.0847  -0.4162  0.4336  25.0
54092.1127  0.4202  0.4012  25.0
54094.1113  -0.1427  0.4818  25.0
54095.0989  -0.446  0.8484  25.0
54111.1021  -0.7793  0.4805  25.0
54113.0886  1.2179  0.5751  25.0
54351.3119  1.4254  0.5721  25.0
54354.3188  -0.51  0.7147  25.0
54377.2716  -0.8196  0.5937  25.0
54379.2873  1.3105  0.5739  25.0
54381.2542  -0.4554  0.5465  25.0
54383.3233  -0.5902  0.5229  25.0
54393.2664  -0.1701  0.7002  25.0
54407.2482  -0.1095  0.669  25.0
54411.2654  -1.0126  0.4971  25.0
54415.1162  -0.1279  0.5055  25.0
54417.0673  -0.3646  0.4647  25.0
54419.0732  -0.369  0.4552  25.0
54421.0976  -0.3096  0.5381  25.0
54423.2567  1.0277  0.576  25.0
54435.2095  0.2177  0.9947  25.0
54437.1754  0.8067  0.5771  25.0
54439.1275  0.2196  0.459  25.0
54441.0795  0.5563  0.5477  25.0
54443.0908  -0.5507  0.8609  25.0
54445.0878  1.1627  0.5726  25.0
54447.1151  0.385  0.4681  25.0
54449.1024  -0.9648  0.5128  25.0
54451.1161  -0.4525  0.8562  25.0
54464.0805  -0.6352  0.5612  25.0
54467.1038  0.171  0.4338  25.0
54469.1023  -0.4143  0.397  25.0
54472.0885  -0.1059  0.4828  25.0
54474.1164  0.0761  0.6178  25.0
