56231.400046999865    385.88500325428873    61.31000894371181     25    
56231.900046999865    459.7348870502014     61.42604626048584     25    
56232.400046999865    538.8219919311018     61.80984701557362     25    
56232.900046999865    622.7932692000032     63.15355883788324     25    
56233.400046999865    711.4408473023423     64.61426824002992     25    
56233.900046999865    804.3449889324398     65.11586897868492     25    
56234.400046999865    901.3597911744065     65.21745631336988     25    
56234.900046999865    1002.0082680539089    65.42074180184999     25    
56235.400046999865    1106.1970453536885    65.59792855359629     25    
56235.900046999865    1213.4013283708018    65.72613409658159     25    
56236.400046999865    1323.5708316465805    65.81756988951912     25    
56236.900046999865    1436.1423916895176    65.88732470680357     25    
56237.400046999865    1551.0993718594812    65.95196185901122     25    
56237.900046999865    1667.9139457420263    65.75772460144277     25    
56238.400046999865    1786.5315984139477    65.63926391839372     25    
56238.900046999865    1906.2177553762838    69.15061169219518     25    
56239.400046999865    2026.8407001345668    75.35244043501466     25    
56239.900046999865    2143.9673181300573    78.58923201307675     25    
56240.400046999865    2257.814175325412     79.30438252274863     25    
56240.900046999865    2362.5196329237815    79.90999582068774     25    
56241.400046999865    2458.2290767058016    80.48050192957604     25    
56241.900046999865    2539.8975491302263    80.72367410208354     25    
56242.400046999865    2606.6872442046815    80.52450391210722     25    
56242.900046999865    2661.1634187086       80.79083480294791     25    
56243.400046999865    2702.788940007527     81.73597270343318     25    
56243.900046999865    2736.66592576041      82.88499602549317     25    
56244.400046999865    2763.2700009564824    84.37857738763503     25    
56244.900046999865    2786.478239347759     85.13681365437004     25    
56245.400046999865    2808.054848548284     85.25404726062828     25    
56245.900046999865    2827.1098159478333    82.85461643704042     25    
56246.400046999865    2844.27263211306      74.64041100368183     25    
56246.900046999865    2857.336557592288     67.05933549594181     25    
56247.400046999865    2865.4487702675956    67.04272206622602     25    
56247.900046999865    2867.3937573679514    68.76127346659882     25    
56248.400046999865    2861.4709194791694    68.55450511783228     25    
56248.900046999865    2848.7634491864924    68.06262095290934     25    
56249.400046999865    2829.2625594322917    67.49637669352933     25    
56249.900046999865    2804.2971657637304    67.16598796402492     25    
56250.400046999865    2775.5475557152863    68.02705569966598     25    
56250.900046999865    2743.5602793668045    69.13499253071635     25    
56251.400046999865    2710.5007314738446    69.34647227566839     25    
56251.900046999865    2675.9601967563904    68.56370491979874     25    
56252.400046999865    2640.513226159402     64.78041393226457     25    
56252.900046999865    2603.7936824147496    59.250837981454445    25    
56253.400046999865    2565.0087873211237    57.6012713958377      25    
56253.900046999865    2524.1406845286697    58.57696213980708     25    
56254.400046999865    2480.3042167329577    58.69311198802387     25    
56254.900046999865    2433.642057502473     58.39915178882747     25    
56255.400046999865    2384.2864633350805    57.79058205747498     25    
56255.900046999865    2332.277223491498     56.91112591762441     25    
56256.400046999865    2278.557603608635     56.93420733375259     25    
56256.900046999865    2223.0878885486054    57.83821227437592     25    
56257.400046999865    2166.783900491632     58.32825275913873     25    
56257.900046999865    2109.613231660489     58.49534929612082     25    
56258.400046999865    2052.424190656307     56.306485304870876    25    
56258.900046999865    1995.2051284061463    50.63671133915053     25    
56259.400046999865    1938.7394796160181    46.840328635554854    25    
56259.900046999865    1883.0432461455516    46.901826976561836    25    
56260.400046999865    1828.8598303199753    47.187126640091094    25    
56260.900046999865    1776.324310092492     46.991561397878854    25    
56261.400046999865    1725.7346669235374    46.47369314493583     25    
56261.900046999865    1677.2334601519804    45.3004446910923      25    
56262.400046999865    1630.7917418876548    44.38689804230445     25    
56262.900046999865    1586.4271858424927    44.326832529941974    25    
56263.400046999865    1544.1532651616003    44.41972035690234     25    
56263.900046999865    1504.0568918907247    44.37025203739132     25    
56264.400046999865    1465.9066506549837    44.21986487437355     25    
56264.900046999865    1429.6702138051585    43.96678165425684     25    
56265.400046999865    1394.9866517409862    43.42796006509598     25    
56265.900046999865    1361.5412662583333    42.087559382236876    25    
56266.400046999865    1329.1181867681712    40.69830561415        25    
56266.900046999865    1297.2597399482215    40.55097289878654     25    
56267.400046999865    1265.9852208448558    40.81402031231646     25    
56267.900046999865    1235.0217683960607    40.30512046511203     25    
56268.400046999865    1204.4904526464181    39.667154233890095    25    
56268.900046999865    1174.4992356671235    40.048434101464785    25    
56269.400046999865    1145.0676916460634    40.91139427672684     25    
56269.900046999865    1116.339726408921     41.276148775975365    25    
56270.400046999865    1088.3077749716647    41.27478753595157     25    
56270.900046999865    1061.0687308890701    40.62142043535091     25    
56271.400046999865    1034.610793140297     39.35314983865088     25    
56271.900046999865    1008.9489124557189    37.44589632594445     25    
56272.400046999865    984.0819548888603     34.89922495836881     25    
56272.900046999865    960.0335792347967     33.89341806468143     25    
56273.400046999865    936.8033656165892     34.48781132289012     25    
56273.900046999865    914.2698926341278     34.2713407893361      25    
56274.400046999865    892.451678248785      33.10408828149491     25    
56274.900046999865    871.0016914292216     32.532243262004016    25    
56275.400046999865    849.9291794671705     32.75580191952476     25    
56275.900046999865    828.8903225306357     33.18877398836709     25    
56276.400046999865    807.838506365874      33.872828372772965    25    
56276.900046999865    786.7140905630357     34.09849901551849     25    
56277.400046999865    765.4228645167444     33.79955793700374     25    
56277.900046999865    744.3237552612235     32.4372986321497      25    
56278.400046999865    723.447780062418      28.962296407172712    25    
56278.900046999865    703.0996389669954     26.002514866604287    25    
56279.400046999865    683.398571462097      25.857402663376323    25    
56279.900046999865    664.4480781868768     26.061987256258895    25    
56280.400046999865    646.3929351782731     25.189521268389996    25    
56280.900046999865    629.0753506362471     24.445792111842355    25    
56281.400046999865    612.450543897417      24.540007998460855    25    
56281.900046999865    596.4250817192377     25.020550884253897    25    
56282.400046999865    580.8891967371931     25.86398245673016     25    
56282.900046999865    565.8329069364029     26.550981783311755    25    
56283.400046999865    551.1612928426345     26.21918880765496     25    
56283.900046999865    536.9478650796672     25.371069246175097    25    
56284.400046999865    523.2583725198518     24.62383170500802     25    
56284.900046999865    510.1199955860971     23.560058834168952    25    
56285.400046999865    497.6391465206671     20.994051370891135    25    
56285.900046999865    485.8099946756342     17.428314526230633    25    
56286.400046999865    474.7091888293967     16.12404153547752     25    
56286.900046999865    464.30751386129003    16.544008936528016    25    
56287.400046999865    454.5421732612771     16.42462540290117     25    
56287.900046999865    445.41000597551346    16.096564965957135    25    
56288.400046999865    436.828121425563      15.768191849836974    25    
56288.900046999865    428.79892238602235    15.4368343249725      25    
56289.400046999865    421.2386069062236     15.251732121476563    25    
56289.900046999865    414.15079420215403    15.211072692772078    25    
56290.400046999865    407.45110502892703    15.189926459640022    25    
56290.900046999865    401.14309674957707    15.126546035175354    25    
56291.400046999865    395.1430911193408     16.350493746282027    25    
56291.900046999865    389.4533053539591     18.885251707319       25    
56292.400046999865    383.99204050313244    20.400716753058028    25    
56292.900046999865    378.758895340968      20.585650696280666    25    
56293.400046999865    373.67542850597084    21.472134131323326    25    