53629.02204872909    6.413283287418247     2.075838383388398     25    
53629.52204872909    7.536581673672739     2.0656394535570266    25    
53630.02204872909    8.742655970688455     2.1078997290948176    25    
53630.52204872909    10.02794917375708     2.400000685546961     25    
53631.02204872909    11.393079543538297    2.8126112898192996    25    
53631.52204872909    12.833510350148915    3.0294768904553853    25    
53632.02204872909    14.349953253416158    3.0546105848650504    25    
53632.52204872909    15.938664450296626    3.0479575736575253    25    
53633.02204872909    17.598676347770468    3.0689008451206807    25    
53633.52204872909    19.328456036708747    3.0857963086593516    25    
53634.02204872909    21.12464807404956     3.097205524198221     25    
53634.52204872909    22.98775763687002     3.103821912186591     25    
53635.02204872909    24.91326767970189     3.106526775066168     25    
53635.52204872909    26.901963577125013    3.104465889212259     25    
53636.02204872909    28.949968063810125    3.102782949879005     25    
53636.52204872909    31.06110841176262     3.0865904552988708    25    
53637.02204872909    33.22329384045521     3.0940406357509525    25    
53637.52204872909    35.44163562902092     3.194508092805998     25    
53638.02204872909    37.698545503134234    3.3489904656721143    25    
53638.52204872909    39.86669551190674     3.451995292041686     25    
53639.02204872909    41.97731536800555     3.506347526684421     25    
53639.52204872909    43.868900958973526    3.546824046869263     25    
53640.02204872909    45.51572773129219     3.5835463851005547    25    
53640.52204872909    46.85683739293796     3.6074802275828035    25    
53641.02204872909    47.756681596394316    3.6057944108343416    25    
53641.52204872909    48.26994102970685     3.5891514497302732    25    
53642.02204872909    48.458000292510974    3.60451315837184      25    
53642.52204872909    48.29444881062358     3.6512350697786475    25    
53643.02204872909    47.944450754871475    3.707545778873028     25    
53643.52204872909    47.42028120238588     3.7852764464722095    25    
53644.02204872909    46.79953450882705     3.84234832693378      25    
53644.52204872909    46.19653613682017     3.843346177924573     25    
53645.02204872909    45.58078555869243     3.7896584483956532    25    
53645.52204872909    45.00223061557469     3.5905589885187514    25    
53646.02204872909    44.45737623826316     3.19336001949523      25    
53646.52204872909    43.93283147814155     2.896828810425925     25    
53647.02204872909    43.42895328605488     2.895827425654408     25    
53647.52204872909    42.939743267123376    2.971636632109473     25    
53648.02204872909    42.462120829192166    2.9646212470109545    25    
53648.52204872909    41.99235508881743     2.938676299252585     25    
53649.02204872909    41.5115433268104      2.908588789270469     25    
53649.52204872909    41.02421142633699     2.869503227841423     25    
53650.02204872909    40.503463514052676    2.861139368915476     25    
53650.52204872909    39.94953134205973     2.9104694113774077    25    
53651.02204872909    39.34730944842759     2.956922786693079     25    
53651.52204872909    38.678356930424705    2.9644511255179826    25    
53652.02204872909    37.95080958975869     2.938314791223429     25    
53652.52204872909    37.165133996130244    2.822578791854664     25    
53653.02204872909    36.320087510419576    2.604659589394255     25    
53653.52204872909    35.437785226332366    2.462012864001154     25    
53654.02204872909    34.516525414318565    2.475778449046984     25    
53654.52204872909    33.57144556814808     2.5150433091121793    25    
53655.02204872909    32.6093410290243      2.497076414015708     25    
53655.52204872909    31.63784610651388     2.4628632067551792    25    
53656.02204872909    30.685585858422947    2.426068601902414     25    
53656.52204872909    29.746461291539852    2.382960751111572     25    
53657.02204872909    28.86309965239133     2.381636214984002     25    
53657.52204872909    28.03175438357825     2.4468670446456544    25    
53658.02204872909    27.281444310541463    2.5051721373025067    25    
53658.52204872909    26.634732140366754    2.4914778191724936    25    
53659.02204872909    26.085164055458332    2.467839253979614     25    
53659.52204872909    25.645238158092617    2.5336450142564333    25    
53660.02204872909    25.312339223150694    2.6631583949547877    25    
53660.52204872909    25.070591546289027    2.7681355885386667    25    
53661.02204872909    24.9220655446393      2.848831426797297     25    
53661.52204872909    24.854665256624866    2.897816539548249     25    
53662.02204872909    24.86520441727902     2.9020088545302647    25    
53662.52204872909    24.94671138958339     2.872184691817551     25    
53663.02204872909    25.082548637425464    2.803462693236646     25    
53663.52204872909    25.27549272155034     2.697122935964231     25    
53664.02204872909    25.497760867785843    2.649396998966435     25    
53664.52204872909    25.75330902668329     2.6821272432167804    25    
53665.02204872909    26.02040008329009     2.72751620007735      25    
53665.52204872909    26.287915757240263    2.762729105123446     25    
53666.02204872909    26.557005483708515    2.7898498690359097    25    
53666.52204872909    26.816911373239765    2.789820039882211     25    
53667.02204872909    27.07091971422266     2.7672100376522777    25    
53667.52204872909    27.32681092132947     2.7110517328908097    25    
53668.02204872909    27.583331039549634    2.6033285020726367    25    
53668.52204872909    27.846880341451957    2.5200434858253975    25    
53669.02204872909    28.12323354060477     2.5257264835636355    25    
53669.52204872909    28.405462599013024    2.549638650519487     25    
53670.02204872909    28.690922517350103    2.507336598466244     25    
53670.52204872909    28.977511895748208    2.4279242723922576    25    
53671.02204872909    29.238234874331265    2.389385926907868     25    
53671.52204872909    29.47800025672288     2.400015352266058     25    
53672.02204872909    29.67264146983469     2.412754102562804     25    
53672.52204872909    29.813555935627285    2.4173729495747467    25    
53673.02204872909    29.900944989903593    2.4099492062608348    25    
53673.52204872909    29.924103526797       2.36975435875238      25    
53674.02204872909    29.888399691973735    2.3046403958196287    25    
53674.52204872909    29.808265991947472    2.2322854822142775    25    
53675.02204872909    29.68078684041438     2.1436970291481643    25    
53675.52204872909    29.52047343384898     2.087683562357582     25    
53676.02204872909    29.331396210190285    2.1018835519456083    25    
53676.52204872909    29.11408670854526     2.1344377560703545    25    
53677.02204872909    28.875017436785896    2.1286476673297434    25    
53677.52204872909    28.61036689693212     2.113803763533438     25    
53678.02204872909    28.31115684687058     2.156859801379201     25    
53678.52204872909    27.979287690707473    2.25868074141354      25    
53679.02204872909    27.60502274522147     2.3401375155258477    25    
53679.52204872909    27.18434796775341     2.3950480743495146    25    
53680.02204872909    26.72160666091227     2.407765399229321     25    
53680.52204872909    26.21386570667447     2.3396549578558172    25    
53681.02204872909    25.667537893292483    2.2061151503605654    25    
53681.52204872909    25.10604674548854     2.020747058267606     25    
53682.02204872909    24.524384958879928    1.7476722707748924    25    
53682.52204872909    23.9484040934336      1.5491557735650414    25    
53683.02204872909    23.381081367632717    1.5535348842927463    25    
53683.52204872909    22.828884363191232    1.6088412542198078    25    
53684.02204872909    22.30433893043203     1.5948981461947567    25    
53684.52204872909    21.800706724269187    1.5670889629535776    25    
53685.02204872909    21.311350400499833    1.563921444451702     25    
53685.52204872909    20.837810479285068    1.5814821507640584    25    
53686.02204872909    20.37033677084406     1.6055374277569756    25    
53686.52204872909    19.908158886665568    1.6457544512322608    25    
53687.02204872909    19.44886428988111     1.6658132200945752    25    
53687.52204872909    18.987841503491648    1.6269971383408486    25    
53688.02204872909    18.52838909746145     1.5532542090747896    25    
53688.52204872909    18.074616215171535    1.479972726501131     25    
53689.02204872909    17.625624195291756    1.4007533529557037    25    
53689.52204872909    17.18742987716299     1.302182135493126     25    
53690.02204872909    16.75999019468552     1.1578730755285143    25    
53690.52204872909    16.345927663063026    1.0290083704634778    25    
53691.02204872909    15.947942780901238    1.002803897624565     25    
53691.52204872909    15.564860927798748    1.0296120686963406    25    
53692.02204872909    15.196798696947367    1.0324842580668687    25    
53692.52204872909    14.8437382026902      1.026016251144341     25    
53693.02204872909    14.505085472162685    1.0146173997326793    25    
53693.52204872909    14.180903167261928    0.9973790232134272    25    
53694.02204872909    13.870776634877169    0.976753917571995     25    
53694.52204872909    13.57451740021355     0.9534622607485675    25    
53695.02204872909    13.292005352900336    0.9281995717628637    25    
53695.52204872909    13.022778887995347    0.9003066788579142    25    
53696.02204872909    12.766925624144761    0.8702936626864743    25    
53696.52204872909    12.523885617057598    0.8689471404944267    25    
53697.02204872909    12.293735435060755    0.8860705236955784    25    
53697.52204872909    12.076035573850554    0.9669107088364493    25    
53698.02204872909    11.870632772098572    1.0806368773437938    25    
53698.52204872909    11.677372288197319    1.2816417328153498    25    
53699.02204872909    11.495815621708493    1.6059889302975303    25    