#Date  :
#Flux  :
#Fluxerr  :
#ZP  :
#end  :
@INSTRUMENT  PS
@BAND  PS_z
@MAGSYS  AB
55159.69921875  -25.33799934387207  36.11800003051758  27.5198
55160.6015625  14.444999694824219  29.98200035095215  27.5198
55163.5  -51.494998931884766  29.173999786376953  27.5198
55172.5  -27.209999084472656  28.19300079345703  27.5198
55181.5  -21.113000869750977  24.801000595092773  27.5198
55190.5  5.4730000495910645  23.972000122070312  27.5198
55193.5  1.531999945640564  25.886999130249023  27.5198
55200.3984375  -64.49600219726562  26.531999588012695  27.5198
55202.5  -10.70199966430664  24.187999725341797  27.5198
55205.5  2.765000104904175  25.215999603271484  27.5198
55208.5  -19.718000411987305  24.384000778198242  27.5198
55211.3984375  0.8560000061988831  29.71500015258789  27.5198
55214.3984375  24.115999221801758  24.614999771118164  27.5198
55220.3984375  -38.667999267578125  28.882999420166016  27.5198
55223.30078125  -57.51300048828125  41.55400085449219  27.5198
55232.30078125  -8.800999641418457  26.538999557495117  27.5198
55235.5  -27.582000732421875  27.714000701904297  27.5198
55238.3984375  -5.060999870300293  26.242000579833984  27.5198
55241.30078125  -34.04600143432617  24.89299964904785  27.5198
55244.30078125  7.241000175476074  32.20800018310547  27.5198
55247.30078125  -8.345999717712402  27.507999420166016  27.5198
55250.3984375  -8.97599983215332  29.628999710083008  27.5198
55259.3984375  -6.9029998779296875  31.584999084472656  27.5198
55268.30078125  33.46699905395508  25.422000885009766  27.5198
55475.6015625  269.53399658203125  25.492000579833984  27.5198
55478.6015625  193.63299560546875  25.44099998474121  27.5198
55481.6015625  203.79200744628906  33.22600173950195  27.5198
55484.6015625  189.99099731445312  26.590999603271484  27.5198
55487.6015625  223.43699645996094  31.698999404907227  27.5198
55502.6015625  238.48599243164062  24.749000549316406  27.5198
55508.6015625  134.8179931640625  25.490999221801758  27.5198
55511.6015625  145.71200561523438  25.11400032043457  27.5198
55517.6015625  110.38800048828125  27.52899932861328  27.5198
55547.5  49.814998626708984  27.05900001525879  27.5198
55562.5  19.974000930786133  28.215999603271484  27.5198
55565.6015625  7.76800012588501  30.50200080871582  27.5198
55577.5  -31.406999588012695  34.367000579833984  27.5198
55583.3984375  -14.435999870300293  25.535999298095703  27.5198
55586.3984375  26.941999435424805  27.524999618530273  27.5198
55589.5  -12.949999809265137  27.200000762939453  27.5198
55592.3984375  -43.29600143432617  26.51799964904785  27.5198
55595.30078125  18.256999969482422  27.260000228881836  27.5198
55613.3984375  -0.26100000739097595  26.492000579833984  27.5198
55631.19921875  -38.03099822998047  28.743000030517578  27.5198
55646.3984375  5.931000232696533  34.803001403808594  27.5198
55649.30078125  -7.554999828338623  70.61199951171875  27.5198
55652.30078125  -24.80699920654297  26.659000396728516  27.5198
55673.30078125  45.244998931884766  28.600000381469727  27.5198
55878.6015625  9.696000099182129  26.48900032043457  27.5198
55883.6015625  1.5099999904632568  44.40700149536133  27.5198
55889.6015625  -38.904998779296875  26.378000259399414  27.5198
55891.5  13.180000305175781  27.052000045776367  27.5198
55894.5  51.808998107910156  28.111000061035156  27.5198
55897.6015625  8.489999771118164  29.87299919128418  27.5198
55899.6015625  -9.13599967956543  26.614999771118164  27.5198
55901.6015625  80.07099914550781  25.554000854492188  27.5198
55910.6015625  46.05400085449219  28.17300033569336  27.5198
55913.5  -3.071000099182129  32.3650016784668  27.5198
55929.3984375  -0.3009999990463257  25.97599983215332  27.5198
55931.6015625  12.732999801635742  35.79100036621094  27.5198
55940.5  2.0969998836517334  28.849000930786133  27.5198
55946.6015625  -45.50699996948242  34.65999984741211  27.5198
55951.6015625  -11.472999572753906  26.917999267578125  27.5198
55954.3984375  40.595001220703125  39.58300018310547  27.5198
55957.3984375  14.022000312805176  23.922000885009766  27.5198
55959.5  17.525999069213867  32.141998291015625  27.5198
55961.30078125  1.5219999551773071  34.14400100708008  27.5198
55967.5  -42.909000396728516  29.40399932861328  27.5198
55969.5  10.894000053405762  28.007999420166016  27.5198
55972.30078125  -20.981000900268555  25.650999069213867  27.5198
55978.30078125  134.30499267578125  32.91699981689453  27.5198
55983.30078125  1.8849999904632568  26.961999893188477  27.5198
55997.30078125  -12.793999671936035  27.927000045776367  27.5198
55999.30078125  -68.22000122070312  39.375  27.5198
56002.30078125  34.44499969482422  29.893999099731445  27.5198
56005.30078125  2.749000072479248  26.575000762939453  27.5198
56016.30078125  28.690000534057617  33.32899856567383  27.5198
56047.30078125  -101.2760009765625  32.18299865722656  27.5198
56049.30078125  -36.44599914550781  30.677000045776367  27.5198
56055.30078125  0.7789999842643738  26.361000061035156  27.5198
56056.30078125  -66.60199737548828  40.30799865722656  27.5198
56232.6015625  -21.64900016784668  26.038000106811523  27.5198
56234.6015625  -46.58300018310547  27.170000076293945  27.5198
56243.6015625  25.091999053955078  33.70399856567383  27.5198
56253.6015625  -38.54999923706055  32.05500030517578  27.5198
56259.6015625  2.5869998931884766  24.996999740600586  27.5198
56270.5  48.50299835205078  38.108001708984375  27.5198
56273.6015625  -100.13300323486328  52.20800018310547  27.5198
56285.6015625  30.187000274658203  38.33100128173828  27.5198
56289.5  1.9210000038146973  28.54199981689453  27.5198
56300.6015625  -74.95899963378906  27.784000396728516  27.5198
56303.5  4.682000160217285  24.798999786376953  27.5198
56313.3984375  39.93199920654297  26.299999237060547  27.5198
56315.3984375  -15.07800006866455  27.684999465942383  27.5198
56324.5  -14.897000312805176  33.57699966430664  27.5198
56327.30078125  51.26499938964844  36.91299819946289  27.5198
56333.3984375  2.563999891281128  28.611000061035156  27.5198
56335.5  36.516998291015625  26.408000946044922  27.5198
56338.3984375  31.040000915527344  25.910999298095703  27.5198
56348.30078125  -31.6200008392334  46.28300094604492  27.5198
56351.5  1.2510000467300415  27.90399932861328  27.5198
56353.30078125  77.23500061035156  49.612998962402344  27.5198
56356.3984375  -7.340000152587891  25.582000732421875  27.5198
56359.3984375  -7.078000068664551  34.33000183105469  27.5198
56370.30078125  2.2639999389648438  28.5  27.5198
56383.3984375  11.130999565124512  29.075000762939453  27.5198
56386.30078125  5.90500020980835  31.052000045776367  27.5198
56389.30078125  11.305999755859375  26.375  27.5198
56392.19921875  -1.218000054359436  25.840999603271484  27.5198
56394.30078125  -24.15399932861328  28.993000030517578  27.5198
56397.30078125  26.716999053955078  28.729000091552734  27.5198
56404.30078125  23.65399932861328  37.86800003051758  27.5198
56421.30078125  11.029999732971191  24.875999450683594  27.5198
56613.6015625  6.550000190734863  24.972000122070312  27.5198
56624.6015625  2.5889999866485596  31.767000198364258  27.5198
56627.6015625  16.134000778198242  30.398000717163086  27.5198
56629.6015625  14.902000427246094  24.56599998474121  27.5198
56632.6015625  5.571000099182129  26.267000198364258  27.5198
56637.5  26.79199981689453  26.54599952697754  27.5198
56639.5  95.34700012207031  101.89700317382812  27.5198
56643.5  -46.055999755859375  34.185001373291016  27.5198
56648.5  12.65999984741211  30.034000396728516  27.5198
56651.5  9.458999633789062  24.983999252319336  27.5198
56659.6015625  88.8280029296875  34.597999572753906  27.5198
56662.5  35.3489990234375  26.099000930786133  27.5198
56667.6015625  26.841999053955078  30.392000198364258  27.5198
56676.6015625  45.65599822998047  26.836999893188477  27.5198
56678.3984375  6.303999900817871  25.385000228881836  27.5198
56681.5  -5.385000228881836  26.06999969482422  27.5198
