53742.28739190288    1137.9339069859898    471.0558583585724     25    
53742.78739190288    1434.6317073723512    441.86266137468067    25    
53743.28739190288    1773.1427040789024    479.64307272183595    25    
53743.78739190288    2155.7210525113624    696.7370322684222     25    
53744.28739190288    2584.329384701558     866.1612098034027     25    
53744.78739190288    3061.3644675402224    890.5187152991901     25    
53745.28739190288    3588.648841735717     874.1826619909634     25    
53745.78739190288    4168.71684534069      875.9249671317752     25    
53746.28739190288    4803.255968063147     877.006890591966      25    
53746.78739190288    5494.933078794536     877.0375588982016     25    
53747.28739190288    6245.305656565597     876.1006442007093     25    
53747.78739190288    7057.168060783506     874.0044867131843     25    
53748.28739190288    7931.952800124842     871.1882113942684     25    
53748.78739190288    8874.452777896659     868.4753947166469     25    
53749.28739190288    9881.247193091425     865.2506312035576     25    
53749.78739190288    10961.908878052973    859.3097443161622     25    
53750.28739190288    12084.742830557443    854.4322975796015     25    
53750.78739190288    13209.954432001097    858.2289185063515     25    
53751.28739190288    14310.10765425948     865.8989712513542     25    
53751.78739190288    15318.602224078748    871.97376494107       25    
53752.28739190288    16221.94795745446     876.861203980675      25    
53752.78739190288    16944.492944352536    877.2545447605037     25    
53753.28739190288    17514.42599608562     876.1619482999414     25    
53753.78739190288    17942.155729234033    879.3825622743481     25    
53754.28739190288    18250.815821023316    885.0703696420335     25    
53754.78739190288    18497.527593173818    893.5064325468088     25    
53755.28739190288    18690.701475351056    901.8660147802714     25    
53755.78739190288    18892.44665791598     911.3563742303096     25    
53756.28739190288    19089.7580078752      905.9217713105502     25    
53756.78739190288    19289.193774231942    809.009251800598      25    
53757.28739190288    19480.392494548272    649.3327140874095     25    
53757.78739190288    19637.413232074632    603.524561042572      25    
53758.28739190288    19757.655620327943    634.7534341262917     25    
53758.78739190288    19814.083144625383    638.1088814740913     25    
53759.28739190288    19809.204858327932    633.6102622584257     25    
53759.78739190288    19732.685359947598    627.3388932880364     25    
53760.28739190288    19586.46156283506     620.3563322376722     25    
53760.78739190288    19370.66628150617     622.08413274068       25    
53761.28739190288    19085.594674510157    628.7344232277117     25    
53761.78739190288    18730.37304552949     628.7347877859361     25    
53762.28739190288    18307.97903744072     623.4412323325397     25    
53762.78739190288    17831.527207730727    608.5033878007886     25    
53763.28739190288    17303.30832653027     587.0093340815091     25    
53763.78739190288    16746.367357161336    581.6644582923101     25    
53764.28739190288    16161.355221568525    587.8670330206756     25    
53764.78739190288    15571.408758754924    587.2791684369922     25    
53765.28739190288    14976.67204835582     582.0756239949625     25    
53765.78739190288    14398.380457950007    574.1064829064499     25    
53766.28739190288    13836.57554025146     564.0372933565618     25    
53766.78739190288    13311.170598815479    562.2982314924578     25    
53767.28739190288    12822.12336229529     567.2379566884126     25    
53767.78739190288    12390.447543715154    568.7814699694767     25    
53768.28739190288    12014.584865171943    566.8779741085319     25    
53768.78739190288    11695.130851124095    546.6506311544392     25    
53769.28739190288    11431.138107391227    508.6318901711688     25    
53769.78739190288    11205.662394724397    495.0381029230322     25    
53770.28739190288    11018.846104425022    505.3177540181837     25    
53770.78739190288    10854.094608706177    509.890747416929      25    
53771.28739190288    10711.697037021197    509.57816143613877    25    
53771.78739190288    10581.026045836394    505.2846606977758     25    
53772.28739190288    10462.211561487195    496.89857063751595    25    
53772.78739190288    10350.2309947266      496.2084771477393     25    
53773.28739190288    10245.146331882279    503.48073554979345    25    
53773.78739190288    10141.623518224813    507.65122927778884    25    
53774.28739190288    10039.638568875578    508.5748569851941     25    
53774.78739190288    9936.191157416433     506.19635011877335    25    
53775.28739190288    9831.181491256933     499.92906715052504    25    
53775.78739190288    9724.06758619816      501.899222025946      25    
53776.28739190288    9614.849402743184     513.4777705166613     25    
53776.78739190288    9502.931037937524     519.8768742989938     25    
53777.28739190288    9388.47502016629      520.2166033022628     25    
53777.78739190288    9268.876039002154     516.0091725184799     25    
53778.28739190288    9144.34510789278      506.02728117327206    25    
53778.78739190288    9009.980054952885     504.0009444166541     25    
53779.28739190288    8865.72008195345      512.7288505847865     25    
53779.78739190288    8706.713448281556     519.2158423317662     25    
53780.28739190288    8532.299492092907     522.4254069226993     25    
53780.78739190288    8342.178656836038     519.4505191283546     25    
53781.28739190288    8135.516186998331     506.92627189466975    25    
53781.78739190288    7917.748846381994     507.03265864074007    25    
53782.28739190288    7689.026235572501     526.6120368970136     25    
53782.78739190288    7454.4116962236285    539.6040184692271     25    
53783.28739190288    7214.460152271613     541.8265009834142     25    
53783.78739190288    6972.445131675096     537.767635576015      25    
53784.28739190288    6729.0454320754325    525.2819813978284     25    
53784.78739190288    6485.13168911991      518.6605321748742     25    
53785.28739190288    6240.845605158058     523.122267588383      25    
53785.78739190288    5997.168312960561     529.2728418411218     25    
53786.28739190288    5753.794879671176     536.970905658513      25    
53786.78739190288    5513.837516850234     538.1659303721242     25    
53787.28739190288    5276.92650383013      536.7472041777852     25    
53787.78739190288    5049.4241507106635    496.62326976557836    25    
53788.28739190288    4832.135153496559     363.5129465459086     25    
53788.78739190288    4631.0870510443165    225.01504609574337    25    
53789.28739190288    4448.294856387785     222.8209010231743     25    
53789.78739190288    4285.345673732243     241.39489130625117    25    
53790.28739190288    4144.595509257504     234.38133281141592    25    
53790.78739190288    4020.2443713849607    228.45238937416676    25    
53791.28739190288    3911.4987390594492    226.17355153960557    25    
53791.78739190288    3813.3197462376615    226.592935324219      25    
53792.28739190288    3723.9576165684916    231.33143993424645    25    
53792.78739190288    3640.3818498225546    233.79697927964918    25    
53793.28739190288    3560.6053513381084    229.6520527725741     25    
53793.78739190288    3484.939151272786     224.72028947857848    25    
53794.28739190288    3413.094070833719     222.95488699878348    25    
53794.78739190288    3345.0614583326715    218.0091606198814     25    
53795.28739190288    3280.8255911069955    202.98013303178178    25    
53795.78739190288    3220.1764886021783    190.2689269698207     25    
53796.28739190288    3163.1001549437397    191.59226101595618    25    
53796.78739190288    3109.176728085196     194.3697385059755     25    
53797.28739190288    3058.231057943889     191.50956784397573    25    
53797.78739190288    3009.885493634689     187.28643677172033    25    
53798.28739190288    2963.9236816895427    182.5693341364723     25    
53798.78739190288    2919.9945847740937    178.33704853768464    25    
53799.28739190288    2877.8641039911295    175.92525173784637    25    
53799.78739190288    2837.199286012644     174.80251826082747    25    
53800.28739190288    2797.747609357891     174.20066352283675    25    
53800.78739190288    2759.194881859583     176.18876406378772    25    
53801.28739190288    2721.269482299066     183.9942636350887     25    
53801.78739190288    2683.676628120692     192.07880944138816    25    
53802.28739190288    2646.125007323895     193.09256608555702    25    
53802.78739190288    2608.3395580080714    197.87403276192836    25    
53803.28739190288    2570.009468941616     209.59164479710054    25    