53742.28739190288    1131.9607931322485    407.0733772426076     25    
53742.78739190288    1419.1965164191542    373.1654768141645     25    
53743.28739190288    1746.034224533032     421.5611699352986     25    
53743.78739190288    2114.572445925693     669.839679541304      25    
53744.28739190288    2526.6383124571585    854.1447788054371     25    
53744.78739190288    2984.4631181632362    880.9997036948065     25    
53745.28739190288    3489.743575489473     864.2252977252101     25    
53745.78739190288    4044.8390517166254    866.439835967913      25    
53746.28739190288    4651.320532214826     867.6573884189754     25    
53746.78739190288    5311.670765170716     867.4146412711824     25    
53747.28739190288    6027.339701218051     865.8335146148258     25    
53747.78739190288    6800.928777110334     862.7109843670177     25    
53748.28739190288    7633.771601084002     858.5716363730819     25    
53748.78739190288    8530.127043050497     852.1758861212355     25    
53749.28739190288    9487.322973737766     848.4556453950134     25    
53749.78739190288    10513.563358432515    858.6315009220062     25    
53750.28739190288    11582.90282525002     873.473112641743      25    
53750.78739190288    12662.943571621781    880.7138559060072     25    
53751.28739190288    13731.232132301462    885.1522323223586     25    
53751.78739190288    14733.547982892376    890.34655215623       25    
53752.28739190288    15658.395916537207    894.3098758528256     25    
53752.78739190288    16444.73764646607     893.2496099382408     25    
53753.28739190288    17111.936267691817    890.5628868488312     25    
53753.78739190288    17662.187136140496    892.7282403694529     25    
53754.28739190288    18111.280074277714    897.791992187492      25    
53754.78739190288    18495.58983036477     906.3073855549405     25    
53755.28739190288    18820.37122785807     914.9454991017088     25    
53755.78739190288    19125.27021507038     927.7324430099959     25    
53756.28739190288    19401.203012682545    920.7614014947665     25    
53756.78739190288    19650.46030767124     780.463703652383      25    
53757.28739190288    19865.779116861406    522.820713103689      25    
53757.78739190288    20027.348409039183    429.01435899745724    25    
53758.28739190288    20133.581245022408    480.1650005441067     25    
53758.78739190288    20162.996440461502    485.54411470458314    25    
53759.28739190288    20121.235618691113    481.3690125573816     25    
53759.78739190288    20012.033314960612    474.9370073623298     25    
53760.28739190288    19839.864272328374    467.7305801207069     25    
53760.78739190288    19624.827210404655    470.6947218654957     25    
53761.28739190288    19367.956288904872    479.460786677152      25    
53761.78739190288    19090.238932488144    477.1766917735997     25    
53762.28739190288    18789.248342501083    470.95201800535193    25    
53762.78739190288    18469.90211703608     492.7692678646358     25    
53763.28739190288    18130.331165912492    530.636967507205      25    
53763.78739190288    17763.988076665926    550.3794861199052     25    
53764.28739190288    17370.838704554775    558.2802239346983     25    
53764.78739190288    16943.78363576153     559.7606533982402     25    
53765.28739190288    16484.82416569045     554.9650758354845     25    
53765.78739190288    16002.08411165986     546.545916472188      25    
53766.28739190288    15496.99238831034     535.1819283544187     25    
53766.78739190288    14989.601241328757    534.0073588858245     25    
53767.28739190288    14479.938201110703    540.9485523913561     25    
53767.78739190288    13988.405154250819    541.966859305421      25    
53768.28739190288    13514.004088129266    538.086802946172      25    
53768.78739190288    13064.260089145851    529.6060900327883     25    
53769.28739190288    12638.529165149468    516.974944694175      25    
53769.78739190288    12233.309395139266    516.1371215196225     25    
53770.28739190288    11848.613773713078    526.068817826385      25    
53770.78739190288    11481.363782855347    530.5365994530432     25    
53771.28739190288    11131.58160450878     530.059788304636      25    
53771.78739190288    10795.369507891226    524.9215357249312     25    
53772.28739190288    10472.777132928608    514.9650628336664     25    
53772.78739190288    10159.096438265728    514.3938656959351     25    
53773.28739190288    9854.38166742126      523.5326838153907     25    
53773.78739190288    9553.788896198063     528.7605321661296     25    
53774.28739190288    9257.195972187055     529.972214989008      25    
53774.78739190288    8964.737046374767     527.1855582416473     25    
53775.28739190288    8676.145952313227     520.9098205699304     25    
53775.78739190288    8396.752386130693     493.7189294597422     25    
53776.28739190288    8126.530967598661     437.48176646071       25    
53776.78739190288    7870.7426157489235    405.73472690156296    25    
53777.28739190288    7629.93378048032      411.64316685486085    25    
53777.78739190288    7402.603522720816     410.79723925004396    25    
53778.28739190288    7189.50524661469      397.96683130265785    25    
53778.78739190288    6981.398198068878     393.5913617563325     25    
53779.28739190288    6778.196543658139     400.92045104753566    25    
53779.78739190288    6570.947723250135     407.37145029926705    25    
53780.28739190288    6358.471811533482     412.4653392407808     25    
53780.78739190288    6139.926648167191     410.2042881195704     25    
53781.28739190288    5913.82016205823      400.7471116472996     25    
53781.78739190288    5689.499507843421     369.7800441173405     25    
53782.28739190288    5467.22466353623      298.8287172942089     25    
53782.78739190288    5255.740661995827     245.73230632707987    25    
53783.28739190288    5056.476897061336     248.84629213654705    25    
53783.78739190288    4872.152626215911     251.0921350809928     25    
53784.28739190288    4704.507133495523     238.89026324919308    25    
53784.78739190288    4548.013207969285     231.77695028329424    25    
53785.28739190288    4402.416275137003     234.5455868231852     25    
53785.78739190288    4262.779788014961     239.5143478485421     25    
53786.28739190288    4128.001244194895     246.60088184565961    25    
53786.78739190288    3996.3355006063075    248.27413246777303    25    
53787.28739190288    3866.473577234917     242.71796323363895    25    
53787.78739190288    3741.387091068182     226.7107494292686     25    
53788.28739190288    3621.2970313270694    189.39701667671162    25    
53788.78739190288    3508.7808151635863    159.52465149229172    25    
53789.28739190288    3404.6493489381487    163.6730335810159     25    
53789.78739190288    3309.701854173452     168.0599777315671     25    
53790.28739190288    3224.8852673173315    159.6464090633754     25    
53790.78739190288    3148.1450026444536    151.81112210010016    25    
53791.28739190288    3079.218342171495     148.69940664784767    25    
53791.78739190288    3016.340901772101     148.88091028313738    25    
53792.28739190288    2958.945045187508     154.19510116245834    25    
53792.78739190288    2905.806691765201     157.15297699315914    25    
53793.28739190288    2856.2845117369834    153.15455215223952    25    
53793.78739190288    2810.0052132181854    147.89763116335027    25    
53794.28739190288    2766.7372288980064    143.38768231399655    25    
53794.78739190288    2726.0423955114666    140.13741662651202    25    
53795.28739190288    2687.719105699193     139.2856108961414     25    
53795.78739190288    2651.3747882003527    139.98482842532312    25    
53796.28739190288    2616.7871874853963    142.84812772711564    25    
53796.78739190288    2583.695113871897     144.62024547790995    25    
53797.28739190288    2551.941129473396     142.75482734413967    25    
53797.78739190288    2521.2626840912862    139.18024068023618    25    
53798.28739190288    2491.502741126449     134.17707106891393    25    
53798.78739190288    2462.406505915095     128.83691892155838    25    
53799.28739190288    2433.804061630806     124.23360758094773    25    
53799.78739190288    2405.4537395877664    120.59849087463378    25    
53800.28739190288    2377.172251230918     120.3274160179305     25    
53800.78739190288    2348.7315453537526    117.95153073547516    25    
53801.28739190288    2319.934470171232     104.49663362766114    25    
53801.78739190288    2290.5670626235724    90.20919747095218     25    
53802.28739190288    2260.4178786961993    89.19216311668184     25    
53802.78739190288    2229.2872692417855    95.52428384650224     25    
53803.28739190288    2196.9496370502675    101.9994561576694     25    