#Date  :
#Flux  :
#Fluxerr  :
#ZP  :
#end  :
@INSTRUMENT  SDSS
@BAND  SDSS_z
@MAGSYS  AB
53623.165487  -2.418  3.821  23.909419999999997
53625.184504  1.695  3.387  23.909419999999997
53626.151688  2.932  3.716  23.909419999999997
53627.145172  1.209  4.405  23.909419999999997
53628.136131  -9.061  5.26  23.909419999999997
53635.144048  2.143  3.666  23.909419999999997
53636.14259  2.502  4.06  23.909419999999997
53637.137268  -3.705  5.149  23.909419999999997
53644.128975  -4.276  4.017  23.909419999999997
53645.201487  -7.087  3.713  23.909419999999997
53654.162884  -6.549  4.685  23.909419999999997
53655.112951  0.08178  3.784  23.909419999999997
53656.110442  -6.051  6.2  23.909419999999997
53664.137344  3.878  4.825  23.909419999999997
53666.100654  3.372  3.62  23.909419999999997
53668.112004  12.81  7.503  23.909419999999997
53669.095966  4.891  3.54  23.909419999999997
53670.116874  -0.2615  4.971  23.909419999999997
53673.084711  5.588  4.494  23.909419999999997
53674.079959  6.424  3.965  23.909419999999997
53675.081294  13.11  4.697  23.909419999999997
53677.102274  4.438  3.385  23.909419999999997
53680.088491  7.391  3.213  23.909419999999997
53681.132009  2.54  5.479  23.909419999999997
53685.090619  8.596  6.35  23.909419999999997
53686.14338  4.281  7.3  23.909419999999997
53687.129017  -12.85  4.737  23.909419999999997
53693.089092  8.69  4.483  23.909419999999997
53698.086035  7.594  4.725  23.909419999999997
53699.109442  0.4351  4.912  23.909419999999997
53700.086202  1.224  4.181  23.909419999999997
53702.084037  -1.988  8.155  23.909419999999997
53703.092908  5.343  5.636  23.909419999999997
53704.071388  0.5224  4.468  23.909419999999997
53705.072647  12.27  4.751  23.909419999999997
