53654.98567691213    3.277292222125968     0.9284875266166706     25    
53655.48567691213    3.735573020505841     0.9274265095828159     25    
53655.98567691213    4.218091596625747     0.9276450854194374     25    
53656.48567691213    4.721288923348382     0.9425476505650116     25    
53656.98567691213    5.2461200597955235    0.980461037003287      25    
53657.48567691213    5.790840132777448     1.0204710411674571     25    
53657.98567691213    6.352475571396705     1.0403308278398573     25    
53658.48567691213    6.932453216571055     1.0428938801923688     25    
53658.98567691213    7.5279709570749205    1.0408040350565075     25    
53659.48567691213    8.13703098241064      1.0423564363556619     25    
53659.98567691213    8.760751306972123     1.0439756775021078     25    
53660.48567691213    9.395662885657876     1.0451180027386295     25    
53660.98567691213    10.041133972529877    1.0456981784950308     25    
53661.48567691213    10.697193147138426    1.0457912036379449     25    
53661.98567691213    11.360216913509596    1.0454652930143677     25    
53662.48567691213    12.030963357894123    1.0445735677235881     25    
53662.98567691213    12.70795755320965     1.0433949926495631     25    
53663.48567691213    13.38822193027868     1.0442951879139164     25    
53663.98567691213    14.073663642349837    1.0537502128777243     25    
53664.48567691213    14.759927686175272    1.0495347885907944     25    
53664.98567691213    15.445743545200271    1.0014846319449635     25    
53665.48567691213    16.133721094629475    0.908694808768546      25    
53665.98567691213    16.804932680353495    0.8272142726096634     25    
53666.48567691213    17.455743337688617    0.8090791748761603     25    
53666.98567691213    18.086465544074237    0.8266934827151657     25    
53667.48567691213    18.671312036915282    0.8411438472999407     25    
53667.98567691213    19.21268511170986     0.8459353152721413     25    
53668.48567691213    19.70443762571616     0.8495670740611689     25    
53668.98567691213    20.125298273042223    0.8509293842284819     25    
53669.48567691213    20.47468748349888     0.848745141761333      25    
53669.98567691213    20.762867695976365    0.8470351202543338     25    
53670.48567691213    20.993824011429524    0.8500022625390625     25    
53670.98567691213    21.162883196480742    0.8564518507785698     25    
53671.48567691213    21.291645978336515    0.8643618824859193     25    
53671.98567691213    21.38856647951365     0.8743817503850183     25    
53672.48567691213    21.44960266925622     0.8857667990795801     25    
53672.98567691213    21.496234379085003    0.8914556322728496     25    
53673.48567691213    21.532901538619946    0.8915668583874193     25    
53673.98567691213    21.555612636143337    0.8851588151485239     25    
53674.48567691213    21.567832594162223    0.865400616757136      25    
53674.98567691213    21.57135085521362     0.8229803239220719     25    
53675.48567691213    21.560794730625673    0.7786226423526145     25    
53675.98567691213    21.531472365144126    0.7613304413465631     25    
53676.48567691213    21.485747487122104    0.7684106895223267     25    
53676.98567691213    21.418742824499972    0.7786164551644567     25    
53677.48567691213    21.32655369551992     0.7785842797379994     25    
53677.98567691213    21.21122573253814     0.7753724805244475     25    
53678.48567691213    21.073869335043742    0.7720267094533888     25    
53678.98567691213    20.913207815397108    0.7682291862745484     25    
53679.48567691213    20.731180698814743    0.764878225523233      25    
53679.98567691213    20.532634563577428    0.766040457719031      25    
53680.48567691213    20.31608476516067     0.7743686226549154     25    
53680.98567691213    20.08417909759772     0.7831912287069799     25    
53681.48567691213    19.840963073931817    0.7860367167943547     25    
53681.98567691213    19.584775479700703    0.7857401387272878     25    
53682.48567691213    19.318207882284273    0.7776904356001966     25    
53682.98567691213    19.04314451260657     0.7527758114645344     25    
53683.48567691213    18.758604602547035    0.7126967929756592     25    
53683.98567691213    18.466823808011455    0.6817462461689319     25    
53684.48567691213    18.168088556296915    0.676881976248984      25    
53684.98567691213    17.862480748148272    0.6847504627636373     25    
53685.48567691213    17.552168067014865    0.6889642905058526     25    
53685.98567691213    17.23732307573398     0.6883184234251364     25    
53686.48567691213    16.91749704157379     0.6861407041762647     25    
53686.98567691213    16.592819184765975    0.6820167127866632     25    
53687.48567691213    16.263657600621283    0.6747115907244348     25    
53687.98567691213    15.928584701295065    0.6688259564546278     25    
53688.48567691213    15.586635343146018    0.6694382071240647     25    
53688.98567691213    15.238327160582955    0.6748897374277482     25    
53689.48567691213    14.882326202536802    0.6791103667235683     25    
53689.98567691213    14.517086383575728    0.6845889960989601     25    
53690.48567691213    14.144016569542147    0.6876128101779667     25    
53690.98567691213    13.766247871075437    0.6684516953252831     25    
53691.48567691213    13.381854156147407    0.6065871655517387     25    
53691.98567691213    12.994459350290407    0.5264038871678363     25    
53692.48567691213    12.610199539821807    0.4793696330241763     25    
53692.98567691213    12.226416381241584    0.47553113678713627    25    
53693.48567691213    11.848027304241755    0.4849178107185361     25    
53693.98567691213    11.480081651032895    0.4848136188120998     25    
53694.48567691213    11.12039824524497     0.48393617200082467    25    
53694.98567691213    10.771130681561297    0.4816558415860474     25    
53695.48567691213    10.434057223459671    0.4756475994154324     25    
53695.98567691213    10.10795736980421     0.46755558831709576    25    
53696.48567691213    9.791245367279817     0.46199681292848077    25    
53696.98567691213    9.48416579830701      0.46091206756501424    25    
53697.48567691213    9.186167983636402     0.46169900755806326    25    
53697.98567691213    8.89567766791391      0.46183406244249414    25    
53698.48567691213    8.61302355053722      0.46187818998795055    25    
53698.98567691213    8.337888301917008     0.46122260710502555    25    
53699.48567691213    8.06964652836856      0.4605903585902486     25    
53699.98567691213    7.808452644897779     0.46171173062054194    25    
53700.48567691213    7.554654318917251     0.45224792055914004    25    
53700.98567691213    7.3083566526055375    0.41530830321096734    25    
53701.48567691213    7.069511471365008     0.35455093024123385    25    
53701.98567691213    6.838482512802539     0.30498667464665624    25    
53702.48567691213    6.6153218411621       0.29550443825487493    25    
53702.98567691213    6.400002283293401     0.3052159429123608     25    
53703.48567691213    6.1926679021119       0.30786054376429134    25    
53703.98567691213    5.993351407539526     0.3029258576151332     25    
53704.48567691213    5.80193952518906      0.2979754166176592     25    
53704.98567691213    5.618348855797303     0.29727798759377716    25    
53705.48567691213    5.442631272126065     0.30034836562976125    25    
53705.98567691213    5.274651424437411     0.30357846060432514    25    
53706.48567691213    5.114542902392292     0.30506710637819723    25    
53706.98567691213    4.962246150975371     0.30582406822570324    25    
53707.48567691213    4.816644949165587     0.30440695711518556    25    
53707.98567691213    4.678105776289398     0.3008593909091063     25    
53708.48567691213    4.545938218642324     0.2947293304861792     25    
53708.98567691213    4.417851884683637     0.28349000109440553    25    
53709.48567691213    4.294551951337789     0.2622741919916487     25    
53709.98567691213    4.174764289972255     0.23913748415671746    25    
53710.48567691213    4.056380507527239     0.22843589363053574    25    
53710.98567691213    3.9399864117042505    0.23123686943518632    25    
53711.48567691213    3.8253501215248975    0.23556664948982856    25    
53711.98567691213    3.711662735974521     0.23231094123199725    25    
53712.48567691213    3.5991875483019125    0.22531532911158397    25    
53712.98567691213    3.490259832593872     0.21983975193599148    25    
53713.48567691213    3.3851008227255224    0.21861345012373612    25    
53713.98567691213    3.2838828932641224    0.21958246574496976    25    
53714.48567691213    3.1891470412299827    0.2213496650522815     25    
53714.98567691213    3.1009868955714057    0.22481279701672138    25    
53715.48567691213    3.019144434239663     0.22815094224049065    25    
53715.98567691213    2.944254171942339     0.22891026821679847    25    
53716.48567691213    2.8769726963016216    0.22863481944860184    25    
53716.98567691213    2.8145448451604875    0.22379283055600008    25    
53717.48567691213    2.755213742523154     0.20784384112802726    25    
53717.98567691213    2.6999995851223266    0.17929267522868214    25    
53718.48567691213    2.6456303323332326    0.15297961372071728    25    
53718.98567691213    2.590837025534726     0.14552313832196861    25    
53719.48567691213    2.5363294212112644    0.1491191365342605     25    
53719.98567691213    2.4805841425595276    0.15034068176172355    25    
53720.48567691213    2.422616354002524     0.14585124561399918    25    
53720.98567691213    2.364125380388329     0.140956126636238      25    
53721.48567691213    2.3070581971409463    0.1398759955449687     25    
53721.98567691213    2.250461425218247     0.14275901849763056    25    
53722.48567691213    2.1962368851137604    0.14718245190888277    25    
53722.98567691213    2.146294352567737     0.15210465676294246    25    
53723.48567691213    2.099785347705159     0.15829484243946182    25    
53723.98567691213    2.0577916628848314    0.1619362832833747     25    
53724.48567691213    2.0214293011029545    0.1602426850341176     25    
53724.98567691213    1.9899102786752205    0.15514022774629102    25    
53725.48567691213    1.9615252913412082    0.1497923265904196     25    
53725.98567691213    1.936594414173786     0.14469978611900594    25    
53726.48567691213    1.9144215717490183    0.1393820858478486     25    
53726.98567691213    1.8930962125616377    0.13450788559923732    25    
53727.48567691213    1.873168531108148     0.12974738960050894    25    
53727.98567691213    1.853814140081682     0.12591262899332606    25    
53728.48567691213    1.8338323198344004    0.12444204629363244    25    
53728.98567691213    1.813592904794908     0.1254342261482704     25    
53729.48567691213    1.7932329376098868    0.12621058865922677    25    
53729.98567691213    1.7727185186832666    0.12492142482341018    25    
53730.48567691213    1.7520745098628077    0.12258237513604373    25    
53730.98567691213    1.7315646950703367    0.12007643946553355    25    
53731.48567691213    1.7111789733678135    0.11740893092683813    25    
53731.98567691213    1.6909712434585409    0.1146840821619049     25    
53732.48567691213    1.6711876133796606    0.11268056793408213    25    
53732.98567691213    1.651744179772765     0.11148282806293473    25    
53733.48567691213    1.6327906525292797    0.11084493343908881    25    
53733.98567691213    1.6145231368970672    0.11028822711352722    25    
53734.48567691213    1.5968399151403987    0.10937687673506       25    
53734.98567691213    1.5799585143172976    0.11083773236532456    25    
53735.48567691213    1.5639970428648384    0.11753538373702206    25    
53735.98567691213    1.5488919567129977    0.12738881288741302    25    
53736.48567691213    1.5349005221231176    0.13515481404566157    25    
53736.98567691213    1.5220351085252526    0.13707704478533211    25    
53737.48567691213    1.5103260817328334    0.13815971994308657    25    
53737.98567691213    1.5000264561745877    0.1459383155527817     25    