54337.43396356516    3.775214986880776     0.6545265526283763     25    
54337.93396356516    4.39473670741766      0.6495484839111092     25    
54338.43396356516    5.058440476459519     0.6506931274071099     25    
54338.93396356516    5.764731876109643     0.6934083102829043     25    
54339.43396356516    6.514121287932336     0.7757210613264661     25    
54339.93396356516    7.305062075315112     0.8375185050190529     25    
54340.43396356516    8.137138338625675     0.8524782942160349     25    
54340.93396356516    9.010121191120097     0.8480307095978581     25    
54341.43396356516    9.92237254586596      0.8484414904866207     25    
54341.93396356516    10.874397301429596    0.8512057078076959     25    
54342.43396356516    11.864699343981675    0.8535760240802109     25    
54342.93396356516    12.89277132357001     0.8554571069742153     25    
54343.43396356516    13.958471691522128    0.8569651079655569     25    
54343.93396356516    15.060124174867788    0.8582021671878584     25    
54344.43396356516    16.19822270617749     0.8590628037918222     25    
54344.93396356516    17.371324435904036    0.8601036973223336     25    
54345.43396356516    18.58015970497594     0.8635464386368248     25    
54345.93396356516    19.82287191552902     0.8667056019340077     25    
54346.43396356516    21.094893380473177    0.8608727347984703     25    
54346.93396356516    22.406032270219935    0.8424066600236777     25    
54347.43396356516    23.71783244138663     0.828044076165119      25    
54347.93396356516    25.017259557961218    0.832068125067708      25    
54348.43396356516    26.30024020461122     0.8454042176185375     25    
54348.93396356516    27.50918485928931     0.8557419691073193     25    
54349.43396356516    28.657111203550098    0.8636187724519914     25    
54349.93396356516    29.70771845620921     0.8697378986544474     25    
54350.43396356516    30.62467119495098     0.8723071503759063     25    
54350.93396356516    31.42720049046842     0.8728720306694797     25    
54351.43396356516    32.12926279295012     0.8765736764979155     25    
54351.93396356516    32.71955233574827     0.8837360330204945     25    
54352.43396356516    33.23515844652817     0.892348820310969      25    
54352.93396356516    33.69885520073477     0.9028059529565206     25    
54353.43396356516    34.105629622252714    0.9140478397038673     25    
54353.93396356516    34.49785961913121     0.9193289925524532     25    
54354.43396356516    34.87882982228596     0.9177848611024124     25    
54354.93396356516    35.23713441746161     0.9126113208972904     25    
54355.43396356516    35.574775322292986    0.9037551333154678     25    
54355.93396356516    35.88798869698213     0.8920110255137741     25    
54356.43396356516    36.145640375070954    0.8876856936710807     25    
54356.93396356516    36.35311583349149     0.8944388883051838     25    
54357.43396356516    36.49309082611932     0.9022605392710835     25    
54357.93396356516    36.54410535165917     0.9029722258528675     25    
54358.43396356516    36.514700868522525    0.8999974539200701     25    
54358.93396356516    36.40743493310423     0.8964543383808415     25    
54359.43396356516    36.21671710597525     0.8915011087644468     25    
54359.93396356516    35.958058886784244    0.8877685736650606     25    
54360.43396356516    35.64386855899757     0.8897905454316621     25    
54360.93396356516    35.27044186479659     0.8956008352923036     25    
54361.43396356516    34.85783015582135     0.8979538810570903     25    
54361.93396356516    34.40655357813896     0.9031799976057913     25    
54362.43396356516    33.91883974754708     0.8939323559238391     25    
54362.93396356516    33.40117016384245     0.8377447175330993     25    
54363.43396356516    32.851343245597874    0.7376567266458496     25    
54363.93396356516    32.26929205867884     0.6642827514430778     25    
54364.43396356516    31.65475179418388     0.6558930713589537     25    
54364.93396356516    31.00840682892579     0.6689408484132594     25    
54365.43396356516    30.32877001107248     0.6668899451533228     25    
54365.93396356516    29.616165289919376    0.6612397775852804     25    
54366.43396356516    28.88559256946784     0.6540297789826925     25    
54366.93396356516    28.132710066583325    0.6435284664557829     25    
54367.43396356516    27.37147107872386     0.6335777432089894     25    
54367.93396356516    26.619725436503217    0.6303078561827556     25    
54368.43396356516    25.871455079979416    0.6322904756749341     25    
54368.93396356516    25.150740714504014    0.6326284530004392     25    
54369.43396356516    24.460808011887142    0.6312729857309382     25    
54369.93396356516    23.80273158750587     0.6261736596388499     25    
54370.43396356516    23.18571697121717     0.6099255388009829     25    
54370.93396356516    22.607446561767976    0.5824903653112466     25    
54371.43396356516    22.065404114083766    0.5630721353921825     25    
54371.93396356516    21.55972966702379     0.5623927616121853     25    
54372.43396356516    21.089442252928244    0.5680991094035186     25    
54372.93396356516    20.65284123916936     0.5684660494387777     25    
54373.43396356516    20.250597323170417    0.5663110339050552     25    
54373.93396356516    19.879584188553004    0.5620346876041707     25    
54374.43396356516    19.539937411764193    0.5534530348029777     25    
54374.93396356516    19.230109900947923    0.5443691096668865     25    
54375.43396356516    18.94683254593297     0.5417238302888508     25    
54375.93396356516    18.69123841171823     0.5447131927253267     25    
54376.43396356516    18.459408406373342    0.5473657244260018     25    
54376.93396356516    18.251678159141974    0.5479423494422622     25    
54377.43396356516    18.065638824138897    0.5473038065518453     25    
54377.93396356516    17.89611961861822     0.5454709917032933     25    
54378.43396356516    17.74521094161094     0.5435865844550564     25    
54378.93396356516    17.604577882285945    0.5325171927389771     25    
54379.43396356516    17.47305366757564     0.49982263586834297    25    
54379.93396356516    17.348592747506604    0.45865338157232105    25    
54380.43396356516    17.223151613394137    0.4390838831288853     25    
54380.93396356516    17.098850748116046    0.4418358231200351     25    
54381.43396356516    16.970901118671705    0.4458883906315501     25    
54381.93396356516    16.837188983354192    0.4405415282197613     25    
54382.43396356516    16.69845229119302     0.4342393440563707     25    
54382.93396356516    16.552974761306828    0.43470639218415436    25    
54383.43396356516    16.401254965438255    0.44217993010773887    25    
54383.93396356516    16.24191600198571     0.44862432361754306    25    
54384.43396356516    16.074053880211864    0.4506234921004589     25    
54384.93396356516    15.89826865846449     0.4500265957245416     25    
54385.43396356516    15.714640025023506    0.4440916255178721     25    
54385.93396356516    15.52262265664039     0.42825441798259606    25    
54386.43396356516    15.324895647863526    0.42582931737920326    25    
54386.93396356516    15.122249086709955    0.45930389408389855    25    
54387.43396356516    14.91495358834241     0.5038985212756592     25    
54387.93396356516    14.705982489940876    0.5263378586876638     25    
54388.43396356516    14.494902295604584    0.530110023711158      25    
54388.93396356516    14.282295263097105    0.5270879149533569     25    
54389.43396356516    14.069240094730503    0.5198684906539265     25    
54389.93396356516    13.85477593156308     0.5087431186962744     25    
54390.43396356516    13.637025763589055    0.5033285865006485     25    
54390.93396356516    13.416558482971558    0.5040897480096673     25    
54391.43396356516    13.19166540003348     0.506805827336683      25    
54391.93396356516    12.960930896977409    0.5108701690847133     25    
54392.43396356516    12.725099884521129    0.5154345767568305     25    
54392.93396356516    12.484238339239386    0.5152446739860992     25    
54393.43396356516    12.23730637699155     0.5153526216802496     25    
54393.93396356516    11.98813047138325     0.49796199069048713    25    
54394.43396356516    11.738521885427884    0.43090623970078773    25    
54394.93396356516    11.488348711513956    0.3158204143917298     25    
54395.43396356516    11.24239244839225     0.22609849369157567    25    
54395.93396356516    10.999959708243752    0.2195667034199871     25    
54396.43396356516    10.762906423864445    0.23725186771362494    25    
54396.93396356516    10.533374015763904    0.2320538678408782     25    
54397.43396356516    10.310382048392746    0.22486496667407851    25    
54397.93396356516    10.093573831244388    0.22099666272552637    25    
54398.43396356516    9.883118844540613     0.22126619469631026    25    
54398.93396356516    9.678491529965157     0.22358181682499792    25    
54399.43396356516    9.47924929423733      0.22782850061046028    25    
54399.93396356516    9.285547397120393     0.23339992558893838    25    
54400.43396356516    9.09706736975124      0.23437140771218462    25    
54400.93396356516    8.913634013981554     0.22925336753728273    25    
54401.43396356516    8.735740140746163     0.22198748848580532    25    
54401.93396356516    8.563673967797909     0.21418257213397202    25    
54402.43396356516    8.397367226946521     0.20554857836853022    25    
54402.93396356516    8.237491942052559     0.20449299421142436    25    
54403.43396356516    8.084060283455976     0.21528084035727058    25    
54403.93396356516    7.937120508221081     0.22676973320649005    25    
54404.43396356516    7.796993108654051     0.2300354777459588     25    
54404.93396356516    7.663527956802513     0.2288763877663832     25    
54405.43396356516    7.535857134181452     0.2270306301660223     25    
54405.93396356516    7.414148508457933     0.2246731602387427     25    
54406.43396356516    7.297821710421612     0.22191377993268505    25    
54406.93396356516    7.18623890662144      0.21947713489952586    25    
54407.43396356516    7.079602097906602     0.2171301355510183     25    
54407.93396356516    6.976917707563472     0.21561010171361       25    
54408.43396356516    6.878299760978022     0.21517953507158225    25    
54408.93396356516    6.783239934438667     0.2154326324744258     25    
54409.43396356516    6.691063307566609     0.21588471794845387    25    
54409.93396356516    6.601992825539484     0.21667157402382867    25    
54410.43396356516    6.515041345603066     0.21897195360841748    25    
54410.93396356516    6.430289080896078     0.22341382499224718    25    
54411.43396356516    6.34727122859408      0.22869473989959824    25    
54411.93396356516    6.2652773084391775    0.23220093932225255    25    
54412.43396356516    6.184548155840149     0.2344049881280368     25    
54412.93396356516    6.104106116099498     0.24469756061684447    25    