#mB  c  mBmB x1x1 cc mBx1 mBc x1c
20.70410485040452  -0.3  0.0014573566250628738  0.12161228130182322  0.000668715351817695  0.009832335859123702  0.0004244853666190654  0.0021665914587260023
20.70543511548424  0.3  0.0012501407676250862  0.0725226697138982  0.0006576209668351365  0.006282700231572319  0.0006094105213439478  0.0018127447856692706
21.20992272221914  0.0  0.0025817493758675323  0.2068229887348399  0.0011349826331489002  0.017345469408820632  0.0008963560140537004  0.004584116062908015
21.70992272221914  0.0  0.005596810487791824  0.4792692843004024  0.002156833773577448  0.04033989930018543  0.001704723173128323  0.01080738452049596
22.20992272221914  0.0  0.01310961373518611  1.1591560454854888  0.004648821316126864  0.09780390840742925  0.003683948159324968  0.026407362967584985
21.70828318008684  -0.15  0.005805703953445971  0.5297956327022092  0.001994710286778603  0.04408705757733691  0.0013463467694898674  0.010965012991212995
21.708985286359432  0.15  0.005384455210325597  0.42384019101648224  0.002266000282501791  0.03610466333966985  0.0020034367599489292  0.010193756054343956
22.704104850404523  -0.3  0.034158862105834534  3.3164484079922016  0.008299870560029406  0.2767561838085615  0.003979588059647385  0.06346344781637235
22.705435115484242  0.3  0.029468872198320457  2.1983212345726675  0.012457566063213825  0.18957503677984786  0.012183962309534498  0.055990303349968046
