#Date  :
#Flux  :
#Fluxerr  :
#ZP  :
#end  :
@INSTRUMENT  CNIa02
@BAND  SDSS_i
@MAGSYS  AB
58352.051800000016  1531.792715893419  56.43332917030201  25.0
58352.27130000014  1644.3717232149306  37.86305817184312  25.0
58353.051299999934  1816.3519311765112  41.82304880323388  25.0
58353.05209999997  1870.6821403658016  41.35108617696827  25.0
58354.12820000015  1917.785364482655  42.39229432112053  25.0
58356.283900000155  2208.004733018899  48.80754032128859  25.0
58357.271699999925  2288.7586570623644  84.32098504270849  25.0
58357.707899999805  2301.4418174085113  48.75324371424999  25.0
58359.312299999874  2267.775191567259  48.040057222955916  25.0
58359.67529999977  2276.145393141647  71.27785094300681  25.0
58362.114399999846  2089.2961308540407  46.18350840686265  25.0
58362.314999999944  2073.958204453835  45.844466352274544  25.0
58362.71829999983  1975.14962206076  47.29868079198403  25.0
58370.35949999979  1615.8461209490026  37.20623190638652  25.0
58371.125200000126  1555.965631605075  37.26052999255887  25.0
58376.66830000002  1307.3744701631342  40.94063713669861  25.0
58376.69790000003  1268.235775555588  32.70647286112511  25.0
58376.746900000144  1224.6161992650477  34.96530926253817  25.0
58376.78299999982  1262.4087614670495  38.369807459214805  25.0
58379.67780000018  1016.716800466377  26.220061823548512  25.0
58379.72580000013  1038.484455008275  26.7814268443492  25.0
58381.689100000076  902.8175649662569  24.945771201207503  25.0
58393.36819999991  443.4044016334419  17.560793484203405  25.0
58396.10369999986  412.6672463229367  17.103626095360255  25.0
58398.08240000019  369.48771225393267  17.355848724776166  25.0
58411.31850000005  212.4222477388701  15.847497754336377  25.0
58419.30390000017  184.50154191794718  13.934440401678286  25.0
58419.362900000066  202.1156766960753  32.39104267749885  25.0
