#mB  c  mBmB x1x1 cc mBx1 mBc x1c
15.637198377197073  -0.3  0.00012831094708949352  0.003995510371032243  0.00011984334713026533  0.00015473268441386497  9.267397105878774e-05  3.549854420053796e-05
15.636110600158037  0.3  0.00013788173664647745  0.003910167764364718  0.00012327437525723434  0.00014859381297659745  0.0001032568062275721  4.3393036593725205e-05
16.141658206225607  0.0  0.0001529050056285256  0.0043665300985343  0.00013312061843338545  0.0001848590273599829  0.00011026143677716722  5.0580842937888774e-05
16.64165820622561  0.0  0.0001912167146925074  0.005249131183485195  0.00015733148565717797  0.0002530680513016096  0.00013391252760299444  7.023359649829397e-05
17.14165820622561  0.0  0.0002683949007556709  0.007135931734487182  0.00020625921147937704  0.00039854347649234467  0.0001815728585758559  0.00011643652466163751
16.640660923440272  -0.15  0.00019036253365291715  0.005508742493331824  0.00016135710539263773  0.0002649863622784335  0.00013165021924305457  6.414413411064879e-05
16.64015309695831  0.15  0.00019232810502854992  0.005040585777147575  0.0001550215625818486  0.0002430177322445418  0.00013626160631942106  7.480102255324527e-05
17.637198377197077  -0.3  0.00045028860310929744  0.014341403147127781  0.0003808160386535681  0.0008887473726016114  0.00028614609573226004  0.00023541050369385783
17.63611060015804  0.3  0.0004231243624487554  0.008944429700326873  0.000276629720874776  0.0005955944648568962  0.00028276594768027034  0.00022325231507198332
