57402.65366593471    279.8209370546931     99.81471672142092     25    
57403.15366593471    348.76678149616924    94.66467834519719     25    
57403.65366593471    426.68666699636674    101.35504665950738    25    
57404.15366593471    514.010868491731      141.94373506254885    25    
57404.65366593471    611.0520614759811     175.6135569052578     25    
57405.15366593471    718.2964067322026     181.31659642055598    25    
57405.65366593471    836.0030250072522     178.14735227847035    25    
57406.15366593471    964.7093007312982     178.48903252956794    25    
57406.65366593471    1104.6254621038918    178.75055187633765    25    
57407.15366593471    1256.3354550027323    178.7685547138906     25    
57407.65366593471    1420.0052772796168    178.56417917277156    25    
57408.15366593471    1596.2607740602168    178.09830017647155    25    
57408.65366593471    1785.228375048142     177.4400554161236     25    
57409.15366593471    1987.8795596993416    176.82470848794608    25    
57409.65366593471    2203.727109146593     176.0892083079188     25    
57410.15366593471    2433.895605138401     174.4825737146858     25    
57410.65366593471    2675.0422428297948    172.62595181266522    25    
57411.15366593471    2916.258651308489     172.91028568901277    25    
57411.65366593471    3155.890868090242     174.61992322417694    25    
57412.15366593471    3377.2323363941628    175.98008544231442    25    
57412.65366593471    3580.387336471775     177.14145234351395    25    
57413.15366593471    3748.7473719738964    177.43877125085407    25    
57413.65366593471    3884.7013804561593    177.07882524281004    25    
57414.15366593471    3992.5150422668808    177.5471067716936     25    
57414.65366593471    4072.791450732268     178.6978615240703     25    
57415.15366593471    4139.429219008174     180.352731452817      25    
57415.65366593471    4192.058845653136     182.45799976685996    25    
57416.15366593471    4243.6375573638215    183.90177628174175    25    
57416.65366593471    4294.001305951982     184.84860551192818    25    
57417.15366593471    4342.73754606446      173.19649211797596    25    
57417.65366593471    4390.186490587328     144.15566756089524    25    
57418.15366593471    4429.631890075928     127.37336729338453    25    
57418.65366593471    4461.139505004962     131.6203286093324     25    
57419.15366593471    4478.882798863925     134.39248537610578    25    
57419.65366593471    4482.328926078977     133.62273193300592    25    
57420.15366593471    4470.510179397835     132.42527023318831    25    
57420.65366593471    4442.997431417743     130.70843167075986    25    
57421.15366593471    4401.176989588053     130.16603387573366    25    
57421.65366593471    4345.0670750644185    131.58403241272998    25    
57422.15366593471    4275.792827832214     132.27523753932556    25    
57422.65366593471    4193.102028489971     131.822191243848      25    
57423.15366593471    4099.837431561289     129.41478900253125    25    
57423.65366593471    3996.085040922109     123.42713699526897    25    
57424.15366593471    3885.455591743164     119.19160496158295    25    
57424.65366593471    3768.5979137079526    120.01495704461222    25    
57425.15366593471    3648.7486507265658    120.99390703477782    25    
57425.65366593471    3526.7555730535437    120.21363925109212    25    
57426.15366593471    3405.6950829171187    118.86575479450426    25    
57426.65366593471    3286.6656379739584    116.70188067964578    25    
57427.15366593471    3172.529697712224     115.1908817163514     25    
57427.65366593471    3064.7296682134743    115.9549406377637     25    
57428.15366593471    2965.6622566879914    116.82939549920287    25    
57428.65366593471    2877.8947078329575    116.97345059513545    25    
57429.15366593471    2800.6280650422623    115.3353319808513     25    
57429.65366593471    2734.7692635855465    108.61700843856309    25    
57430.15366593471    2678.1282557769896    101.76780477088377    25    
57430.65366593471    2629.1004960898235    101.95655935671522    25    
57431.15366593471    2586.4841846370036    104.27373510431123    25    
57431.65366593471    2548.202130650143     104.62159630268033    25    
57432.15366593471    2513.8227231977644    104.25972582602404    25    
57432.65366593471    2481.7366525240236    102.6887227979599     25    
57433.15366593471    2451.858913215621     101.0053910676454     25    
57433.65366593471    2423.2980547998086    101.68390404933162    25    
57434.15366593471    2395.831558874712     103.27779465199777    25    
57434.65366593471    2368.440736753083     103.88186477047233    25    
57435.15366593471    2341.186010958777     103.93669642993132    25    
57435.65366593471    2313.5096622025903    103.06490608876402    25    
57436.15366593471    2285.567185461845     101.87967584971383    25    
57436.65366593471    2257.4575160723693    102.64358788089358    25    
57437.15366593471    2229.1904396002997    104.42243426718518    25    
57437.65366593471    2200.973676048079     105.10865706748083    25    
57438.15366593471    2172.650136530371     105.02405117587773    25    
57438.65366593471    2143.742292185563     103.67050188249503    25    
57439.15366593471    2114.0925648419375    101.47889553917919    25    
57439.65366593471    2082.2643165184295    101.71939442029964    25    
57440.15366593471    2048.258761576092     103.79046158061311    25    
57440.65366593471    2010.4837169413108    105.01901670516334    25    
57441.15366593471    1969.059085695885     105.5825495952822     25    
57441.65366593471    1923.720251442296     104.4271437131921     25    
57442.15366593471    1874.519239911114     101.65035408324118    25    
57442.65366593471    1823.1223162623307    102.81439931095237    25    
57443.15366593471    1769.4847027485298    107.81824906216625    25    
57443.65366593471    1715.3119991550561    110.459189498836      25    
57444.15366593471    1660.6009764466683    110.73177684438542    25    
57444.65366593471    1606.315365908013     109.55287877929351    25    
57445.15366593471    1552.5333052387139    106.63936341833084    25    
57445.65366593471    1499.1125927502287    105.38906884963848    25    
57446.15366593471    1446.062634161734     106.42477858534919    25    
57446.65366593471    1393.2461128331688    107.74456519172499    25    
57447.15366593471    1340.5651488728497    109.40788816557566    25    
57447.65366593471    1288.5405295831101    109.54168066149782    25    
57448.15366593471    1237.0076474355728    108.79265610679015    25    
57448.65366593471    1187.5050775164248    99.96834263521313     25    
57449.15366593471    1140.1345756562025    72.90280049790265     25    
57449.65366593471    1096.3386194297693    45.615816864898434    25    
57450.15366593471    1056.5359372886187    45.37045660058043     25    
57450.65366593471    1021.0695230933541    49.07844318955538     25    
57451.15366593471    990.4985964549332     47.55576984922889     25    
57451.65366593471    963.4258779590632     46.22685105513476     25    
57452.15366593471    939.6273067047397     45.68892490685884     25    
57452.65366593471    917.9465983784241     45.73050783576428     25    
57453.15366593471    897.8488828565752     46.733202807952246    25    
57453.65366593471    878.7531540072937     47.372837760860236    25    
57454.15366593471    860.0468641176827     46.54558914918889     25    
57454.65366593471    841.9933765362562     45.428809080870074    25    
57455.15366593471    824.5707712792222     44.90290268281128     25    
57455.65366593471    807.901452138212      44.1679444909311      25    
57456.15366593471    792.0860491042353     42.265769417572564    25    
57456.65366593471    777.1393596755554     40.48336018093149     25    
57457.15366593471    763.1554355953568     40.62865999612899     25    
57457.65366593471    750.0289707893207     41.19409778387119     25    
57458.15366593471    737.686777097169      40.66475492092977     25    
57458.65366593471    726.0687758709721     39.73409228491173     25    
57459.15366593471    715.0654327003904     38.74008395032212     25    
57459.65366593471    704.6346227893368     37.752696509111566    25    
57460.15366593471    694.6575142896302     37.163278699927154    25    
57460.65366593471    685.1008989209251     36.86630527409617     25    
57461.15366593471    675.837500839403      36.77132855992069     25    
57461.65366593471    666.8420832402525     36.983849181683034    25    
57462.15366593471    657.979871324225      37.859786242519554    25    
57462.65366593471    649.2326547218336     39.081989282890014    25    
57463.15366593471    640.4591047186103     39.495282073862946    25    
57463.65366593471    631.6470923401833     39.98339096071819     25    
57464.15366593471    622.6496799970753     42.40821849486072     25    