58401.56869978066    329.32737652579254    97.4777866189707      25    
58402.06869978066    393.9876961714613     95.50199028536883     25    
58402.56869978066    463.65955516672824    97.34165637863956     25    
58403.06869978066    538.1183145449428     112.39890487322872    25    
58403.56869978066    617.2262725534981     127.25053973779362    25    
58404.06869978066    700.7185946385772     130.08082798662008    25    
58404.56869978066    788.4951562188552     128.4621090916621     25    
58405.06869978066    880.2561639851169     128.4902989518919     25    
58405.56869978066    975.9338336955482     128.59059019778488    25    
58406.06869978066    1075.1986501173105    128.67122475890233    25    
58406.56869978066    1178.00993251633      128.73759434017128    25    
58407.06869978066    1284.0136805679133    128.79447411506936    25    
58407.56869978066    1393.1910802139503    128.8495387260684     25    
58408.06869978066    1505.2525776259515    129.543217451959      25    
58408.56869978066    1620.0987310766873    130.16742363582446    25    
58409.06869978066    1737.2431648078498    124.8138250974945     25    
58409.56869978066    1856.3439050256875    114.07820641552725    25    
58410.06869978066    1972.428786300036     109.48595838558911    25    
58410.56869978066    2085.6501245399254    111.07496933722386    25    
58411.06869978066    2189.2107015119122    112.04265305760562    25    
58411.56869978066    2283.340752653622     112.40444591716894    25    
58412.06869978066    2361.994925007257     112.58902598211156    25    
58412.56869978066    2424.6270606389235    112.55465512070572    25    
58413.06869978066    2473.601780383979     112.72847289012171    25    
58413.56869978066    2508.4014184849725    113.17769508485439    25    
58414.06869978066    2534.436849682518     113.71824260614571    25    
58414.56869978066    2551.95615526121      114.41523526994116    25    
58415.06869978066    2565.2759977740347    114.85431557016722    25    
58415.56869978066    2575.747235223956     115.87362885021419    25    
58416.06869978066    2582.9247755947817    112.70519922578016    25    
58416.56869978066    2587.427114654057     100.21115948246637    25    
58417.06869978066    2587.2542400978728    89.19715712863436     25    
58417.56869978066    2581.910134453079     88.85206883584982     25    
58418.06869978066    2570.2103466206836    90.63462232118506     25    
58418.56869978066    2550.9314020816255    90.46382637727899     25    
58419.06869978066    2525.145223107324     90.16622097708962     25    
58419.56869978066    2492.787000573826     89.82175168448533     25    
58420.06869978066    2455.380473444182     89.62384513027455     25    
58420.56869978066    2414.171786211101     90.01011598985609     25    
58421.06869978066    2369.981558081733     90.43838525364183     25    
58421.56869978066    2324.5531895918753    91.23021096084962     25    
58422.06869978066    2277.686220499853     90.35716789345462     25    
58422.56869978066    2230.0972750137344    81.68270543752834     25    
58423.06869978066    2181.464959921211     69.14691210363863     25    
58423.56869978066    2131.530492245882     65.69718988081945     25    
58424.06869978066    2080.2577150060542    67.57629712262043     25    
58424.56869978066    2027.323927541524     67.6593029774967      25    
58425.06869978066    1972.8082675134283    67.35490199575135     25    
58425.56869978066    1916.731040707596     66.83058146242395     25    
58426.06869978066    1859.1455824090492    66.183742288783       25    
58426.56869978066    1800.3693956713023    66.14922187040615     25    
58427.06869978066    1740.400995895672     66.57511426494582     25    
58427.56869978066    1679.5466812345671    67.03227133274676     25    
58428.06869978066    1617.8108652015385    67.41856823646619     25    
58428.56869978066    1555.8959980365976    63.052346019099254    25    
58429.06869978066    1493.7671584547918    52.678240649573056    25    
58429.56869978066    1432.4565702039345    46.54083071439998     25    
58430.06869978066    1371.9301348418717    47.228300817154526    25    
58430.56869978066    1313.1922880428642    47.7641217069602      25    
58431.06869978066    1256.2974685221657    47.57811067406074     25    
58431.56869978066    1201.6280426520511    47.12418759532324     25    
58432.06869978066    1149.2802770365724    46.24949309497943     25    
58432.56869978066    1099.120906749024     45.672159000878096    25    
58433.06869978066    1051.1508864029045    45.66073467482139     25    
58433.56869978066    1005.2935900142066    45.686582535174026    25    
58434.06869978066    961.5568040412952     45.631139542367485    25    
58434.56869978066    919.7971230398158     45.48400414857268     25    
58435.06869978066    880.0040586454078     45.831329687659235    25    
58435.56869978066    841.9851106569319     44.31585254901656     25    
58436.06869978066    805.6727383813841     37.453919694570835    25    
58436.56869978066    770.9144198471106     30.02131951372646     25    
58437.06869978066    737.5752804991505     29.213206481997634    25    
58437.56869978066    705.659202485498      30.347179809540943    25    
58438.06869978066    675.0817127394897     29.77814222455746     25    
58438.56869978066    645.9497906378322     29.21504411588212     25    
58439.06869978066    618.3400082854389     29.45323644974        25    
58439.56869978066    592.2973192199615     29.91128956530621     25    
58440.06869978066    567.9658414626114     30.0479629768289      25    
58440.56869978066    545.2652973968193     29.941308236536706    25    
58441.06869978066    524.1826099609715     29.38020070547285     25    
58441.56869978066    504.5841333307417     28.442273106101315    25    
58442.06869978066    486.13335862550406    27.051168747617247    25    
58442.56869978066    468.7915643343964     25.459734812675702    25    
58443.06869978066    452.15463098702435    25.197167644846235    25    
58443.56869978066    436.25184654519535    25.771925140559127    25    
58444.06869978066    420.8420976785852     25.40396255364505     25    
58444.56869978066    405.96793085928937    24.412270259558262    25    
58445.06869978066    391.7076634667939     23.970997204459007    25    
58445.56869978066    378.06094767996086    23.998604425288892    25    
58446.06869978066    365.1256115091367     24.242573009878146    25    
58446.56869978066    352.89779628901033    24.703501275270753    25    
58447.06869978066    341.40077336175307    24.80058536746751     25    
58447.56869978066    330.6405921344324     24.579706915287687    25    
58448.06869978066    320.50887849535263    22.797554823256252    25    
58448.56869978066    311.00922757414776    18.50364647620624     25    
58449.06869978066    302.03367077629997    15.437724298300664    25    
58449.56869978066    293.57783436400337    15.573108390019025    25    
58450.06869978066    285.5653204856409     15.704089958805936    25    
58450.56869978066    277.983066164043      15.085509134349607    25    
58451.06869978066    270.80609292064855    14.805525184320821    25    
58451.56869978066    264.0296090839018     15.164524868537006    25    
58452.06869978066    257.62862827336926    15.720087087199843    25    
58452.56869978066    251.59888754685005    16.503785111137613    25    
58453.06869978066    245.9132011699013     16.914272784613445    25    
58453.56869978066    240.5650157592919     16.523459180478646    25    
58454.06869978066    235.5238542847949     15.857557860144386    25    
58454.56869978066    230.77537688384274    15.126833895392767    25    
58455.06869978066    226.29434378645914    14.376461568456584    25    
58455.56869978066    222.05945065054948    13.73190154484813     25    
58456.06869978066    218.0552286200181     13.24904954784427     25    
58456.56869978066    214.257071546349      13.147475771566954    25    
58457.06869978066    210.66159621509686    13.180616941138759    25    
58457.56869978066    207.25411531924436    13.011456823341458    25    
58458.06869978066    204.03032717118387    12.778838341566008    25    
58458.56869978066    200.97588566015247    12.557049138723102    25    
58459.06869978066    198.08744840590643    12.35712077990426     25    
58459.56869978066    195.34921024294627    12.269760583190948    25    
58460.06869978066    192.75914801910622    12.267044957231862    25    
58460.56869978066    190.30026348903505    12.257064567441759    25    
58461.06869978066    187.97160043219316    12.330713283125545    25    
58461.56869978066    185.7552198198282     12.931630656879387    25    
58462.06869978066    183.6509800665761     13.852342974420091    25    
58462.56869978066    181.64025365673524    14.307587504198839    25    
58463.06869978066    179.72346134366495    14.508350553621318    25    
58463.56869978066    177.88153942116537    15.530551829613424    25    