57234.75880775862    559.0157298041626     65.58821902681227     25    
57235.25880775862    664.5409126538842     65.05103248777036     25    
57235.75880775862    776.8576628613894     66.27632784138827     25    
57236.25880775862    895.3243129707205     73.57290492946319     25    
57236.75880775862    1019.5057790869676    80.83083366330524     25    
57237.25880775862    1148.663311669778     82.39073174965971     25    
57237.75880775862    1282.4539411517321    81.91830260220246     25    
57238.25880775862    1420.0517714218927    82.20163381800234     25    
57238.75880775862    1561.1960117265132    82.4660248246554      25    
57239.25880775862    1704.9835548978947    82.65899434108411     25    
57239.75880775862    1851.2258534821426    82.80125938348817     25    
57240.25880775862    1998.9525247686163    82.90259589804543     25    
57240.75880775862    2148.0373290894545    83.00293665290756     25    
57241.25880775862    2297.539603044943     82.57319867038879     25    
57241.75880775862    2447.245857584377     82.67030494898906     25    
57242.25880775862    2596.1183353630217    88.71584436141684     25    
57242.75880775862    2743.396460374897     97.74858524830893     25    
57243.25880775862    2884.1214916343583    101.76893369020486    25    
57243.75880775862    3018.0934766862492    102.5804655202253     25    
57244.25880775862    3138.5289990887263    103.4727615450206     25    
57244.75880775862    3245.647774456355     104.19512690250019    25    
57245.25880775862    3333.026529340362     104.41040180482793    25    
57245.75880775862    3401.0351746544075    104.14664375235482    25    
57246.25880775862    3452.634543499028     104.87738143354522    25    
57246.75880775862    3487.626448995203     106.59063352261184    25    
57247.25880775862    3512.94906712985      108.56250185813492    25    
57247.75880775862    3528.4665261723317    110.88383237421331    25    
57248.25880775862    3540.345927056967     111.77929465769192    25    
57248.75880775862    3549.1287272741138    111.48557510407025    25    
57249.25880775862    3555.0335698053905    105.77140937849613    25    
57249.75880775862    3558.4998744335508    90.94854436317767     25    
57250.25880775862    3557.2444389371985    80.92129510794153     25    
57250.75880775862    3551.1419136438735    82.79119885582242     25    
57251.25880775862    3538.538814978522     84.78251833954101     25    
57251.75880775862    3518.747244279408     84.11589871265811     25    
57252.25880775862    3492.7916138566566    83.21409144221616     25    
57252.75880775862    3460.4125335812105    82.09574606227169     25    
57253.25880775862    3423.6815224155416    81.9196429574691      25    
57253.75880775862    3383.0470253726276    83.88814290725284     25    
57254.25880775862    3340.058455600853     85.30583573140899     25    
57254.75880775862    3295.6926010973207    85.60057651066828     25    
57255.25880775862    3249.851384024383     82.9700967045746      25    
57255.75880775862    3202.9658151628555    72.88006358330867     25    
57256.25880775862    3154.3313610101536    62.38726810091053     25    
57256.75880775862    3103.636789061323     61.61479305957357     25    
57257.25880775862    3050.5279617551732    63.64386815427233     25    
57257.75880775862    2994.471536606235     63.50739177044266     25    
57258.25880775862    2935.656884860374     62.945503541498375    25    
57258.75880775862    2873.9636728322243    61.59188087693782     25    
57259.25880775862    2809.7190985128723    60.44161635840638     25    
57259.75880775862    2743.288860567603     61.59033954359811     25    
57260.25880775862    2674.8258682673354    63.33788566211619     25    
57260.75880775862    2604.7348608203665    63.493369745239654    25    
57261.25880775862    2533.160840157924     62.76049233357762     25    
57261.75880775862    2460.610224808977     61.09595968179298     25    
57262.25880775862    2387.1953801935733    58.9957103535077      25    
57262.75880775862    2313.525355285391     58.48588162813434     25    
57263.25880775862    2239.6628723642275    58.86258866260467     25    
57263.75880775862    2166.2466205288315    58.78555757709657     25    
57264.25880775862    2093.317141747812     58.390172392592405    25    
57264.75880775862    2021.572768153113     56.98972189969561     25    
57265.25880775862    1951.0287780040046    54.87317070388585     25    
57265.75880775862    1882.4441884853945    54.16590478062478     25    
57266.25880775862    1815.8069766975073    54.58640099237698     25    
57266.75880775862    1751.9486994960816    54.6916408090082      25    
57267.25880775862    1690.8042922486868    54.563604713125706    25    
57267.75880775862    1632.2898283145998    53.98267860862325     25    
57268.25880775862    1576.4096386731105    52.93783046401966     25    
57268.75880775862    1522.0692349334518    52.19356931979223     25    
57269.25880775862    1469.3013842487705    51.77395388039487     25    
57269.75880775862    1417.01450063027      51.72594389226043     25    
57270.25880775862    1365.137068120146     52.142628294019744    25    
57270.75880775862    1313.6713403794984    51.84717963258226     25    
57271.25880775862    1262.459463504417     50.46324228347283     25    
57271.75880775862    1212.7191377987363    50.123329261701045    25    
57272.25880775862    1164.4697349833561    51.45063307296318     25    
57272.75880775862    1118.8200715731914    52.43700829533382     25    
57273.25880775862    1076.0289586792983    52.80980847290402     25    
57273.75880775862    1036.1631389915215    52.267883787508694    25    
57274.25880775862    999.5275586701756     50.55349563337794     25    
57274.75880775862    965.0329574043303     47.83270483752203     25    
57275.25880775862    932.5354694804041     43.227106385025195    25    
57275.75880775862    901.1507232965167     39.670336771234226    25    
57276.25880775862    870.4690601079665     40.12529085436869     25    
57276.75880775862    840.3007431464274     40.685328053306044    25    
57277.25880775862    810.2589632376714     38.8638104153117      25    
57277.75880775862    780.8985563655827     37.194007622318395    25    
57278.25880775862    752.3916203505723     37.348838355970436    25    
57278.75880775862    725.0892430986602     38.16813778252397     25    
57279.25880775862    699.3616756625089     39.4015226638365      25    
57279.75880775862    675.2063011548489     40.2761363222132      25    
57280.25880775862    652.893070981005      39.655438284554194    25    
57280.75880775862    632.0785577617305     38.23142700074712     25    
57281.25880775862    612.4925400396459     36.14365617760168     25    
57281.75880775862    593.9651063619618     33.97343785421135     25    
57282.25880775862    576.0826377479984     33.57388839174471     25    
57282.75880775862    558.8497224866576     33.79980031123517     25    
57283.25880775862    541.973096623725      32.68568096145936     25    
57283.75880775862    525.6043878207769     31.211015238645352    25    
57284.25880775862    509.91502296649134    31.136233546078387    25    
57284.75880775862    494.94619832658674    31.939587906650672    25    
57285.25880775862    480.9548548635099     33.24660891624275     25    
57285.75880775862    467.9156165464362     34.69862408539392     25    
57286.25880775862    455.97017363274625    34.56403443796469     25    
57286.75880775862    445.05267192252785    33.29289547891124     25    
57287.25880775862    434.936350453848      32.00186869829156     25    
57287.75880775862    425.61486149428663    30.478429777149085    25    
57288.25880775862    416.8116483158096     27.78273959018055     25    
57288.75880775862    408.53808821120396    23.80772374429673     25    
57289.25880775862    400.5843986403207     21.870194933500155    25    
57289.75880775862    392.9615808921349     22.26772479229452     25    
57290.25880775862    385.6625093009323     22.164768954983224    25    
57290.75880775862    378.6871985774312     21.571075113960976    25    
57291.25880775862    372.0451315985404     20.93182875685904     25    
57291.75880775862    365.7361120901379     20.235072648245765    25    
57292.25880775862    359.76705223273814    19.75243818370948     25    
57292.75880775862    354.13785372481465    19.529356927963065    25    
57293.25880775862    348.8553009755204     19.451984132770612    25    
57293.75880775862    343.9194532534561     19.347474142482852    25    
57294.25880775862    339.33690759888003    20.527372707704863    25    
57294.75880775862    335.1079404480557     23.352557074829665    25    
57295.25880775862    331.2389018748123     25.323161289820924    25    
57295.75880775862    327.7303450806086     25.642962804669615    25    
57296.25880775862    324.58831357531085    27.116701130170735    25    