#mB  c  mBmB x1x1 cc mBx1 mBc x1c
15.604269571722613  -0.3  0.00013608677660887703  0.006817482262861699  0.00011367976219635542  0.00033228508772153965  9.098914050263109e-05  0.00014665940367656
15.603347003988938  0.3  0.00015032779068159196  0.006767307792339795  0.00012279188529685508  0.0003257305128660998  0.00010495869242472623  0.00014718085333134234
16.10882222929955  0.0  0.0001508163583842892  0.007812991902932259  0.00012272277183117327  0.0003870076918263342  0.0001025221025163267  0.00017509421482326452
16.608822229299555  0.0  0.00016739442640247525  0.009852968599644471  0.0001321116531196729  0.0005098101189157015  0.00011177160487135068  0.0002322010720952557
17.108822229299555  0.0  0.0002006827143569053  0.013715175428013792  0.00015058866618090837  0.0007506624282883834  0.00012982837840788995  0.0003405605302598695
16.60778105857899  -0.15  0.0001647288301526569  0.010173755002155253  0.000131038615199196  0.0005291086620380665  0.00010790177242874649  0.00023679287935176666
16.607355891104344  0.15  0.00017033591869550788  0.009555256613558868  0.00013363710358240408  0.000492094782731133  0.00011558145754324617  0.00022727778711853692
17.604269571722618  -0.3  0.00026404824720565104  0.023534147226887868  0.00019673372177410854  0.001360583756106851  0.00014944255484507715  0.0005746360835411931
17.60334700398894  0.3  0.0002680608012556004  0.018603859309815552  0.00018344908847590504  0.0010629171196652187  0.00017465917172386613  0.0004951239143937335
