#Date  :
#Flux  :
#Fluxerr  :
#ZP  :
#end  :
@INSTRUMENT  PS
@BAND  PS_r
@MAGSYS  AB
55161.5  56.80400085449219  54.624000549316406  27.523
55173.5  -2.171999931335449  59.59600067138672  27.523
55179.5  -46.678001403808594  57.45000076293945  27.523
55182.5  2.700000047683716  54.60300064086914  27.523
55188.6015625  22.617000579833984  56.9379997253418  27.523
55191.5  2.2669999599456787  64.33999633789062  27.523
55203.5  -29.31800079345703  55.948001861572266  27.523
55206.5  -84.96399688720703  60.220001220703125  27.523
55212.3984375  286.6910095214844  58.292999267578125  27.523
55215.3984375  774.3989868164062  78.36699676513672  27.523
55221.5  2837.547119140625  57.792999267578125  27.523
55230.5  4458.203125  254.08900451660156  27.523
55233.3984375  4436.26318359375  60.03499984741211  27.523
55236.30078125  4330.287109375  63.99599838256836  27.523
55239.3984375  3993.695068359375  79.41300201416016  27.523
55242.30078125  3208.306884765625  59.45399856567383  27.523
55248.3984375  2266.81689453125  88.20999908447266  27.523
55275.3984375  938.4349975585938  58.7599983215332  27.523
55482.6015625  34.137001037597656  54.0099983215332  27.523
55485.6015625  9.866999626159668  56.6150016784668  27.523
55503.6015625  -120.37300109863281  67.81900024414062  27.523
55509.6015625  -103.76200103759766  66.49299621582031  27.523
55515.6015625  12.586999893188477  54.29999923706055  27.523
55518.6015625  20.881999969482422  56.37799835205078  27.523
55530.6015625  13.493000030517578  55.8849983215332  27.523
55545.5  11.817999839782715  60.481998443603516  27.523
55548.6015625  101.96199798583984  57.827999114990234  27.523
55560.3984375  -96.98899841308594  65.26599884033203  27.523
55563.6015625  11.375  57.94900131225586  27.523
55566.6015625  -54.73899841308594  56.26100158691406  27.523
55584.5  -50.66699981689453  61.96900177001953  27.523
55587.6015625  21.16200065612793  55.792999267578125  27.523
55590.6015625  11.451000213623047  72.48899841308594  27.523
55593.6015625  136.3070068359375  60.683998107910156  27.523
55596.30078125  11.78600025177002  57.87699890136719  27.523
55602.30078125  -108.72699737548828  57.66699981689453  27.523
55650.3984375  -79.8270034790039  58.04999923706055  27.523
55653.30078125  -98.3280029296875  61.86199951171875  27.523
55665.30078125  -76.31800079345703  60.20800018310547  27.523
55888.5  80.27899932861328  63.80500030517578  27.523
55892.5  -65.33100128173828  63.23099899291992  27.523
55911.6015625  9.567999839782715  66.85800170898438  27.523
55947.3984375  37.042999267578125  55.361000061035156  27.523
55948.3984375  22.253999710083008  57.7130012512207  27.523
55952.6015625  -52.21900177001953  56.67499923706055  27.523
56238.6015625  -94.11799621582031  59.849998474121094  27.523
56242.6015625  -65.63700103759766  58.31700134277344  27.523
56371.30078125  126.2509994506836  64.66400146484375  27.523
56384.30078125  113.05400085449219  62.520999908447266  27.523
56387.30078125  -49.999000549316406  57.89099884033203  27.523
56391.30078125  -110.58999633789062  58.33100128173828  27.523
56395.30078125  -4.038000106811523  57.16899871826172  27.523
56398.30078125  -196.88099670410156  188.75100708007812  27.523
56420.30078125  16.761999130249023  55.231998443603516  27.523
56622.6015625  7.440999984741211  61.06399917602539  27.523
56630.6015625  12.340999603271484  62.03499984741211  27.523
56656.6015625  -26.44099998474121  56.108001708984375  27.523
56663.5  -151.0019989013672  58.832000732421875  27.523
56666.6015625  61.327999114990234  57.27799987792969  27.523
56682.3984375  66.98500061035156  56.82099914550781  27.523
56709.30078125  20.36400032043457  62.141998291015625  27.523
