51191.617371139575    261.977401603041      107.2931439782633     25    
51192.117371139575    327.11850901300164    101.89054694355823    25    
51192.617371139575    401.36863339545107    111.72856884426594    25    
51193.117371139575    485.3189351934228     163.1148859090831     25    
51193.617371139575    579.3575052507746     205.533181664171      25    
51194.117371139575    684.1704381568983     213.93299921505152    25    
51194.617371139575    800.0561711318729     211.102265269522      25    
51195.117371139575    927.7851718662886     212.44825350048083    25    
51195.617371139575    1067.5767850016068    213.80663170599243    25    
51196.117371139575    1220.2752902844554    214.92864138375327    25    
51196.617371139575    1386.031500822838     215.8861451825193     25    
51197.117371139575    1565.7529473742616    216.69613059528365    25    
51197.617371139575    1759.5324725584287    217.47449542787678    25    
51198.117371139575    1968.7009458458533    219.11293370851217    25    
51198.617371139575    2192.759384572054     220.75028425928642    25    
51199.117371139575    2432.688781407987     217.1060097135553     25    
51199.617371139575    2685.8732864231633    210.04600380660406    25    
51200.117371139575    2935.782787392673     210.54943525922604    25    
51200.617371139575    3182.047192350729     217.02530009549375    25    
51201.117371139575    3400.4648876090655    222.36613507668653    25    
51201.617371139575    3591.9046547250973    226.879988763853      25    
51202.117371139575    3733.8651176322587    229.7788927603677     25    
51202.617371139575    3826.5912594378974    230.98980669524397    25    
51203.117371139575    3877.5065560701923    232.3237801936083     25    
51203.617371139575    3885.5563443296537    233.8083964213235     25    
51204.117371139575    3870.2844307504856    235.2715311926314     25    
51204.617371139575    3831.575469535577     236.92043395314784    25    
51205.117371139575    3786.1946759701427    237.08544449062535    25    
51205.617371139575    3736.5865538290836    236.6481751842248     25    
51206.117371139575    3682.9774352300547    226.55975548715557    25    
51206.617371139575    3626.9485489385943    198.90378601584072    25    
51207.117371139575    3562.210106142757     177.6884363179776     25    
51207.617371139575    3488.1031637917804    177.3110341039757     25    
51208.117371139575    3400.4920715940966    178.57710236394155    25    
51208.617371139575    3296.5985093491718    175.49376420998416    25    
51209.117371139575    3181.029967942624     171.70295282662607    25    
51209.617371139575    3053.2515242447616    167.077860603252      25    
51210.117371139575    2920.787693995056     163.24602633865211    25    
51210.617371139575    2786.2962361827595    161.96762943826528    25    
51211.117371139575    2655.0573013447597    160.83467078899625    25    
51211.617371139575    2532.0846035223767    159.49487275227025    25    
51212.117371139575    2416.1605483981384    154.917277897328      25    
51212.617371139575    2309.0018398281672    139.9605108961818     25    
51213.117371139575    2207.5480595881627    123.31265677982543    25    
51213.617371139575    2109.5573427213267    119.7694143032355     25    
51214.117371139575    2013.7027752786178    121.00737417445045    25    
51214.617371139575    1916.6966820152415    118.95232278018665    25    
51215.117371139575    1819.5223447157439    116.16603177612244    25    
51215.617371139575    1721.590347692574     112.53134623617967    25    
51216.117371139575    1624.1986026973218    108.95015708151952    25    
51216.617371139575    1529.6187845123118    108.3577778506611     25    
51217.117371139575    1438.2171892167282    109.1763599261857     25    
51217.617371139575    1352.7528292008894    109.12094370242865    25    
51218.117371139575    1272.7190850913594    107.5650702217723     25    
51218.617371139575    1198.6517131048654    98.0834507701235      25    
51219.117371139575    1130.0869178609435    82.11454907697302     25    
51219.617371139575    1065.3059950286547    75.2713692737916      25    
51220.117371139575    1004.296207230256     76.39992408382228     25    
51220.617371139575    945.1971564615276     75.84834928450519     25    
51221.117371139575    888.1713916349751     74.44654062285102     25    
51221.617371139575    832.7862157726844     71.43429474626384     25    
51222.117371139575    779.1008202134661     66.76566579299299     25    
51222.617371139575    728.1128951893631     64.38465705552652     25    
51223.117371139575    679.7895040534618     64.51751251076055     25    
51223.617371139575    635.1112292886547     64.85210506402433     25    
51224.117371139575    594.1056719213617     65.39162915415875     25    
51224.617371139575    556.8726923697149     64.95774228625181     25    
51225.117371139575    523.5078147237873     63.545420360947666    25    
51225.617371139575    493.2355702929594     59.37546493890175     25    
51226.117371139575    466.0554797725079     50.40493494510571     25    
51226.617371139575    441.2725659292651     43.83972348237369     25    
51227.117371139575    418.8429044798209     44.006753497291875    25    
51227.617371139575    398.16942646277414    43.657235117465554    25    
51228.117371139575    379.17652394743976    40.26438512952924     25    
51228.617371139575    361.36494579777855    37.49580235620849     25    
51229.117371139575    344.6434466868092     37.0263832738408      25    
51229.617371139575    328.54883888526       37.00629152619424     25    
51230.117371139575    312.8088103141825     36.98762226368153     25    
51230.617371139575    297.5444493499929     36.48537311543138     25    
51231.117371139575    282.5513280433828     34.38375461319972     25    
51231.617371139575    268.5050639907015     32.819437270922265    25    
51232.117371139575    255.68349691792304    33.915430151637715    25    
51232.617371139575    244.54623592482577    35.60540543677604     25    
51233.117371139575    235.700434988052      36.97746202413181     25    
51233.617371139575    228.8773892499661     37.600424166574484    25    
51234.117371139575    224.35111743905142    35.88630622034645     25    
51234.617371139575    221.25041189574466    33.64885370671195     25    
51235.117371139575    218.6657891332811     33.602837639114625    25    
51235.617371139575    216.1484476756629     34.50309465942345     25    
51236.117371139575    212.36832257060308    35.6727648763182      25    
51236.617371139575    207.49360627396752    36.63240269818957     25    
51237.117371139575    200.81205790143704    35.743009886826876    25    
51237.617371139575    192.9203721648549     33.55525959157693     25    
51238.117371139575    184.90072669638414    30.215060654275142    25    
51238.617371139575    176.90875266238643    26.0550476177313      25    
51239.117371139575    170.36682283231346    25.067709587339863    25    
51239.617371139575    165.13766389845875    26.413932225470194    25    
51240.117371139575    161.95727140157382    26.784026893750646    25    
51240.617371139575    160.5714846196432     26.824670974738506    25    
51241.117371139575    159.93154576851416    28.268175032474534    25    
51241.617371139575    160.03850451087058    30.667374166677405    25    
51242.117371139575    159.64067615359036    32.46779019076852     25    
51242.617371139575    158.79545338643513    33.806187333416574    25    
51243.117371139575    156.7966640717672     33.346426842349025    25    
51243.617371139575    153.64287044836416    30.975398935228927    25    
51244.117371139575    149.96168224985846    29.46156429325059     25    
51244.617371139575    145.72604240894412    29.00781241370003     25    
51245.117371139575    141.63684340130226    30.169541063854066    25    
51245.617371139575    137.7099815134108     33.06006576417509     25    
51246.117371139575    134.38612976084562    35.209905119231536    25    
51246.617371139575    131.75444891750055    36.52606106212107     25    
51247.117371139575    129.6716462631854     36.81021595535752     25    
51247.617371139575    128.14947514122923    35.86665052065269     25    
51248.117371139575    127.03834120559738    34.29142387367291     25    
51248.617371139575    126.32445227264894    32.048899225351526    25    
51249.117371139575    125.87839863464565    29.55571622017269     25    
51249.617371139575    125.67798782342216    26.924778160223546    25    
51250.117371139575    125.60296657571752    24.40040042286122     25    
51250.617371139575    125.6212298189359     22.02823396076448     25    
51251.117371139575    125.62319305420058    20.62449532510667     25    
51251.617371139575    125.56532628457782    19.8267882683747      25    
51252.117371139575    125.35022609548199    22.884227219456495    25    
51252.617371139575    124.92142524573534    28.529170936109534    25    
51253.117371139575    124.19521210377286    39.38522821333794     25    
51253.617371139575    123.10067472779573    53.00986962080575     25    