@INSTRUMENT MEGACAMPSF
@BAND z
@MAGSYS AB
@WEIGHTMAT weightmat_SNLS_z.dat
@X_FOCAL_PLANE 11.873925
@Y_FOCAL_PLANE -12.657978
#Date : MJD
#Flux : 
#Fluxerr : errors (but look at the weight matrix)
#ZP : 
#end
53239.6  -0.67322792  0.700128102063  25.380319
53240.56  0.13811894  0.826421878546  25.380319
53253.6  -0.16931747  0.81494407973  25.380319
53256.5  1.2443443  0.861746260395  25.380319
53270.6  2.7399739  0.580190807983  25.380319
53282.54  5.5554802  0.693227539253  25.380319
53286.54  5.9167493  0.862011208453  25.380319
53299.36  5.2424944  0.568058625846  25.380319
53322.42  2.8797414  0.513170551586  25.380319
53328.41  1.7917644  0.401546281719  25.380319
53330.43  1.798332  0.760419213291  25.380319
53343.41  1.2368467  1.94993980667  25.380319
53344.35  2.4064785  0.9386335851  25.380319
53353.35  0.72521812  0.507039736145  25.380319
53358.38  0.66769611  0.90835582498  25.380319
53386.26  3.4994276  1.13185105107  25.380319
53609.6  0.4553892  0.575550793949  25.380319
53613.61  0.94228106  0.542772578489  25.380319
53617.48  -0.11778568  0.490859253296  25.380319
53624.57  0.64943011  0.550307890163  25.380319
53639.6  -0.23785902  0.701809207698  25.380319
53642.51  -1.0969249  0.735530818854  25.380319
53648.5  -2.0722734  0.624863101063  25.380319
