53264.540073396725    0.2183437893678964      0.07743841742830006     25    
53265.040073396725    0.24434060270816815     0.07728280497398447     25    
53265.540073396725    0.2718347118464663      0.07683204497647464     25    
53266.040073396725    0.3008486079322028      0.07785703482213757     25    
53266.540073396725    0.3314003819108124      0.0820901414858398      25    
53267.040073396725    0.36347258276056116     0.09001567793443288     25    
53267.540073396725    0.39707812522379365     0.09840607817336515     25    
53268.040073396725    0.432239500449921       0.10452246724031627     25    
53268.540073396725    0.46896159877244725     0.10704272449641444     25    
53269.040073396725    0.5072315872054963      0.1074777739655664      25    
53269.540073396725    0.547070963067486       0.1071525049423514      25    
53270.040073396725    0.5885010058449545      0.10728804773379566     25    
53270.540073396725    0.6315082398401403      0.10777689421780211     25    
53271.040073396725    0.6760984159303124      0.10825182314521292     25    
53271.540073396725    0.7222940252648818      0.10870522166645351     25    
53272.040073396725    0.7701073290905536      0.1091304392710691      25    
53272.540073396725    0.8195211050012287      0.10953322480010999     25    
53273.040073396725    0.8705538688223479      0.10993211204237589     25    
53273.540073396725    0.9232281009195643      0.11034616577420024     25    
53274.040073396725    0.9775382762430636      0.11075723079291695     25    
53274.540073396725    1.0334809941430527      0.11117899297987997     25    
53275.040073396725    1.0910787457689395      0.11167250728712286     25    
53275.540073396725    1.150374923100568       0.11234933677421811     25    
53276.040073396725    1.2114735082129964      0.11346509177891735     25    
53276.540073396725    1.2741796372144463      0.11453900351981437     25    
53277.040073396725    1.338244893696975       0.11498002498384288     25    
53277.540073396725    1.404207788501449       0.11407300368096565     25    
53278.040073396725    1.472268462195231       0.11205792452947885     25    
53278.540073396725    1.5403789427692718      0.11028802427271267     25    
53279.040073396725    1.6066062770133338      0.11016981305186965     25    
53279.540073396725    1.6726484492198823      0.11204048506922852     25    
53280.040073396725    1.7374546669340154      0.11486789259694716     25    
53280.540073396725    1.7981666142752224      0.11762328361496807     25    
53281.040073396725    1.853227060838047       0.1196374058581555      25    
53281.540073396725    1.9046730755650259      0.12139314538396627     25    
53282.040073396725    1.9504880232385033      0.12291933682932626     25    
53282.540073396725    1.9882399683800065      0.12416834383302687     25    
53283.040073396725    2.0171062982215218      0.12491470071861023     25    
53283.540073396725    2.038344846872148       0.12531563940023177     25    
53284.040073396725    2.052863553892806       0.12583336951265833     25    
53284.540073396725    2.0611929969823977      0.12689439710800895     25    
53285.040073396725    2.0619281488630476      0.1284508745323438      25    
53285.540073396725    2.056876345414212       0.13019283261155146     25    
53286.040073396725    2.0485176786089374      0.13183276551290216     25    
53286.540073396725    2.0372636414850827      0.1334772716433491      25    
53287.040073396725    2.021856603096846       0.13527268201533982     25    
53287.540073396725    2.004501024730773       0.1365382021395038      25    
53288.040073396725    1.9873642297403258      0.13661891888927197     25    
53288.540073396725    1.9699706793734564      0.135565144247361       25    
53289.040073396725    1.9518912133106268      0.13359426304739622     25    
53289.540073396725    1.9334178576664847      0.13076229153335778     25    
53290.040073396725    1.9149132639814719      0.1266570455305748      25    
53290.540073396725    1.8964280552366128      0.12055772403990823     25    
53291.040073396725    1.877245069670459       0.1142116488145459      25    
53291.540073396725    1.8566100988975252      0.10992686778452145     25    
53292.040073396725    1.8347321608203486      0.1091726285926005      25    
53292.540073396725    1.811687091450849       0.1105064577414289      25    
53293.040073396725    1.7868111351246965      0.11201313576795664     25    
53293.540073396725    1.759490308427318       0.11208265774383103     25    
53294.040073396725    1.7297932867744263      0.11131443107321097     25    
53294.540073396725    1.6981522610213247      0.11016251982895708     25    
53295.040073396725    1.6649847805419586      0.10885834408436866     25    
53295.540073396725    1.6301102064962563      0.1073019741238752      25    
53296.040073396725    1.5933455564003292      0.10537430597441291     25    
53296.540073396725    1.555738104795421       0.10366647874149708     25    
53297.040073396725    1.5182590807203467      0.1028249401460176      25    
53297.540073396725    1.480223591099572       0.103232180176462       25    
53298.040073396725    1.441981426624732       0.10416426770566871     25    
53298.540073396725    1.4045342383301014      0.10470513743420873     25    
53299.040073396725    1.3685257636068824      0.10433576868333638     25    
53299.540073396725    1.333429790216288       0.1035937974065736      25    
53300.040073396725    1.2993230363464578      0.10211633877137145     25    
53300.540073396725    1.266350485962556       0.09941311958802793     25    
53301.040073396725    1.2347329969227023      0.09428782540177828     25    
53301.540073396725    1.204259722749357       0.08735620537016585     25    
53302.040073396725    1.1744994294772355      0.0807302806025784      25    
53302.540073396725    1.1451398118310208      0.07698190474308461     25    
53303.040073396725    1.116517430103544       0.07615896417331526     25    
53303.540073396725    1.088353210538974       0.07669617181867071     25    
53304.040073396725    1.0602336934644092      0.0769834443496788      25    
53304.540073396725    1.0319901291733742      0.07636736740830699     25    
53305.040073396725    1.0038249877680812      0.07562688504731288     25    
53305.540073396725    0.9757383366163671      0.0747566743943659      25    
53306.040073396725    0.9477130108746687      0.07370779756255696     25    
53306.540073396725    0.9195966047947388      0.0721366222408777      25    
53307.040073396725    0.8915857262002155      0.07045498193637853     25    
53307.540073396725    0.8639862522962819      0.06936357847632392     25    
53308.040073396725    0.8369286164643238      0.06956184777950955     25    
53308.540073396725    0.8101988261708568      0.0708802229289965      25    
53309.040073396725    0.784060184258299       0.07244064304478172     25    
53309.540073396725    0.7588074524093091      0.07340553917967681     25    
53310.040073396725    0.7344582942624743      0.07400402410038395     25    
53310.540073396725    0.7109076047368833      0.07432481401643513     25    
53311.040073396725    0.6881626524077996      0.07381032165290512     25    
53311.540073396725    0.6662604384998491      0.07173316556592826     25    
53312.040073396725    0.6452917988663821      0.06744973621865893     25    
53312.540073396725    0.6250587628457639      0.06227377550844937     25    
53313.040073396725    0.6053245571627642      0.05816664533241359     25    
53313.540073396725    0.5860851314838019      0.05670745163145333     25    
53314.040073396725    0.5674352303151876      0.05694034853419135     25    
53314.540073396725    0.5491439031335728      0.05760992001288521     25    
53315.040073396725    0.5309927554709654      0.05755135692669649     25    
53315.540073396725    0.5130339779616815      0.057138584443862536    25    
53316.040073396725    0.495319285085085       0.05651575014747995     25    
53316.540073396725    0.4778459340613894      0.055460303923765525    25    
53317.040073396725    0.46055925345433774     0.0536051471781564      25    
53317.540073396725    0.4434209412074003      0.05082042684474029     25    
53318.040073396725    0.4266350329671024      0.047828436259262204    25    
53318.540073396725    0.4104129450147334      0.045553808988364954    25    
53319.040073396725    0.39465719420676587     0.04433717642557852     25    
53319.540073396725    0.37938345702987747     0.04375289576735318     25    
53320.040073396725    0.3648074363313042      0.04343477071814337     25    
53320.540073396725    0.3511024314258008      0.043097922378096086    25    
53321.040073396725    0.3381739520103575      0.04298797999892218     25    
53321.540073396725    0.32600702447284874     0.042970246348221365    25    
53322.040073396725    0.3146139863439678      0.042828625455062164    25    
53322.540073396725    0.30407686085356933     0.04247839499922314     25    
53323.040073396725    0.2943663736913031      0.042019836585433054    25    
53323.540073396725    0.2852802345500939      0.041466694003635236    25    
53324.040073396725    0.2766428294016494      0.04080893174378725     25    
53324.540073396725    0.2686062170918021      0.03985141338807871     25    
53325.040073396725    0.2610706185976488      0.03883322679151495     25    
53325.540073396725    0.25382522041904854     0.038147018501781954    25    
53326.040073396725    0.2467761030789438      0.03827576002218839     25    
53326.540073396725    0.24005099008095185     0.0391512280056014      25    
53327.040073396725    0.23353062625589904     0.03993346418156915     25    
53327.540073396725    0.2270837134878605      0.03981146773359808     25    
53328.040073396725    0.2207295331560497      0.03836614651046248     25    
53328.540073396725    0.21449432351051112     0.0361333435391534      25    
53329.040073396725    0.2083364837081342      0.03387905524859762     25    
53329.540073396725    0.20222806300112373     0.03240109556898646     25    
53330.040073396725    0.1961993913266025      0.0314633117908175      25    
53330.540073396725    0.19022555739710184     0.03082504285653885     25    
53331.040073396725    0.18427231368024613     0.03029040982824815     25    
53331.540073396725    0.1783093739332713      0.029875385313959085    25    
53332.040073396725    0.17235984490851292     0.02965779973256805     25    
53332.540073396725    0.1664724828683382      0.029438171968856324    25    
53333.040073396725    0.1606814316813583      0.028996543173158345    25    
53333.540073396725    0.15489706014524743     0.02816429139075053     25    
53334.040073396725    0.14922117601998935     0.02727637280839723     25    
53334.540073396725    0.14381291726922593     0.026798894292806845    25    
53335.040073396725    0.13872117473732043     0.027125222984897418    25    
53335.540073396725    0.1338433519598414      0.028048598253748433    25    
53336.040073396725    0.12933158480020465     0.029174860925718697    25    
53336.540073396725    0.12534698262039654     0.030165598682954032    25    
53337.040073396725    0.12188881237989352     0.03118847231995911     25    
53337.540073396725    0.11890183869495516     0.03220321822059709     25    
53338.040073396725    0.11638148179776224     0.03293213562186172     25    
53338.540073396725    0.11436523839841843     0.03307084805577569     25    
53339.040073396725    0.11294357297816277     0.03251640773202885     25    
53339.540073396725    0.11189410337692736     0.03186928411910223     25    
53340.040073396725    0.11096135321561547     0.03182540728265004     25    
53340.540073396725    0.11018425211995724     0.03281244959095536     25    
53341.040073396725    0.10962924776552072     0.034359837973124155    25    
53341.540073396725    0.10902301148964448     0.03589376941582063     25    
53342.040073396725    0.10812455813296536     0.03700269555573039     25    
53342.540073396725    0.10706028991937037     0.03806091122223555     25    
53343.040073396725    0.10580952895087872     0.038865240000360624    25    
53343.540073396725    0.10426974292979098     0.03902053528572474     25    
53344.040073396725    0.10233127067536729     0.03814604577412852     25    
53344.540073396725    0.1000263333395816      0.03633171348797562     25    
53345.040073396725    0.09753608928283547     0.03403360001297898     25    
53345.540073396725    0.09503705142835575     0.03178067293508202     25    
53346.040073396725    0.0924141858260634      0.029302522739102495    25    
53346.540073396725    0.08971650356960567     0.026570107274003812    25    
53347.040073396725    0.0871544514882203      0.024100418881856014    25    
53347.540073396725    0.08487206793822016     0.022543519145250258    25    
53348.040073396725    0.0827425430725935      0.021931752174906307    25    
53348.540073396725    0.08083130916714051     0.02191283478118282     25    
53349.040073396725    0.0792341889058056      0.022073670361820983    25    
53349.540073396725    0.07802656900946638     0.02207908383645556     25    
53350.040073396725    0.07714050851609314     0.022228075640291695    25    
53350.540073396725    0.07645574932256156     0.023038428161748677    25    
53351.040073396725    0.07587611646687026     0.02494306092496759     25    
53351.540073396725    0.07550519056014163     0.027924787193554866    25    
53352.040073396725    0.07525853159474898     0.031140637662554763    25    
53352.540073396725    0.07499230602149755     0.03393930167055451     25    
53353.040073396725    0.07465339814388282     0.03632580890469583     25    
53353.540073396725    0.07432132517602981     0.03869438368909562     25    
53354.040073396725    0.07392042100890849     0.04045310901575094     25    
53354.540073396725    0.07337037417685634     0.041068107114485206    25    
53355.040073396725    0.07265093903154395     0.040363601808505435    25    
53355.540073396725    0.0718139197139342      0.03876539824603613     25    
53356.040073396725    0.07091126574158685     0.03675598831362739     25    
53356.540073396725    0.06996912489422688     0.03464442198907682     25    
53357.040073396725    0.0689421592062197      0.03193034833522737     25    
53357.540073396725    0.06788773977465694     0.028921265348933578    25    
53358.040073396725    0.06687476729758986     0.026183367126360237    25    
53358.540073396725    0.06589819767215024     0.024032372602455308    25    
53359.040073396725    0.06494003361919619     0.022267245104332072    25    
53359.540073396725    0.06404645734891642     0.02081750915858479     25    
53360.040073396725    0.06325916977861465     0.0196183716796276      25    
53360.540073396725    0.06256702951985378     0.018903658086994568    25    
53361.040073396725    0.06195566860834487     0.01854819164556552     25    
53361.540073396725    0.061416702469450246    0.018289229170919172    25    
53362.040073396725    0.06095091368791507     0.017977891094628547    25    
53362.540073396725    0.060563409777111936    0.01775957000926355     25    
53363.040073396725    0.060238294873975425    0.01766107910378699     25    
53363.540073396725    0.059960113608301426    0.017703419755859866    25    
53364.040073396725    0.059738875204057275    0.01791098142337265     25    
53364.540073396725    0.05957013770835133     0.018244193409152183    25    
53365.040073396725    0.05943749387705443     0.018645285555009064    25    
53365.540073396725    0.05933219425242923     0.019103143660993676    25    
53366.040073396725    0.05926672702134597     0.01967975337901717     25    
53366.540073396725    0.05922746535554319     0.020238682641056133    25    
53367.040073396725    0.059198017429676085    0.020640536494758843    25    
53367.540073396725    0.059182713320407684    0.020833612284785787    25    
53368.040073396725    0.059183726677291354    0.02090263883291717     25    
53368.540073396725    0.05918465025619788     0.020924858575224643    25    
53369.040073396725    0.059172747112984786    0.02089607169164352     25    
53369.540073396725    0.059160928349746955    0.020464908535929305    25    
53370.040073396725    0.05913913170940362     0.020179618714294547    25    
53370.540073396725    0.059090949947825426    0.020786198922739384    25    
53371.040073396725    0.0590137208803584      0.02178798872012613     25    
53371.540073396725    0.05891609687795726     0.02274795960742633     25    
53372.040073396725    0.0587821996551929      0.02572706173688519     25    
53372.540073396725    0.05859675477657392     0.03163833438899288     25    