58002.16385518568    348.71236467661413    198.28574569988848    25    
58002.66385518568    430.18081347297584    193.99987191414837    25    
58003.16385518568    521.9257579552379     206.30832344763755    25    
58003.66385518568    624.4513614625941     267.85143608388177    25    
58004.16385518568    738.1370544387311     320.86615431230837    25    
58004.66385518568    863.5466113874086     331.0430438804272     25    
58005.16385518568    1001.002055814285     327.54418889432475    25    
58005.66385518568    1151.122364934608     329.01861907105973    25    
58006.16385518568    1314.176563769096     329.8796847016098     25    
58006.66385518568    1490.8344237913875    329.72625329274       25    
58007.16385518568    1681.3163799903546    328.70453441539       25    
58007.66385518568    1886.3385896449422    326.73047776238604    25    
58008.16385518568    2106.077306165257     324.2094147110141     25    
58008.66385518568    2341.7738491723712    321.6235672690073     25    
58009.16385518568    2592.5945877343183    319.82477787488256    25    
58009.66385518568    2860.2239304735135    321.84924421987307    25    
58010.16385518568    3138.801945994523     326.8421481155752     25    
58010.66385518568    3412.42009100973      334.6919589451175     25    
58011.16385518568    3677.667461023186     344.09382655007346    25    
58011.66385518568    3909.8973252126257    350.50246567442315    25    
58012.16385518568    4108.75352045517      354.3078418755849     25    
58012.66385518568    4249.148914960463     351.9362123998876     25    
58013.16385518568    4335.887475954996     345.18960355166956    25    
58013.66385518568    4375.456195282707     344.454741588859      25    
58014.16385518568    4369.743146008189     348.4665793810118     25    
58014.66385518568    4340.277963726974     356.7109556613231     25    
58015.16385518568    4286.7346545072505    368.0541934551031     25    
58015.66385518568    4229.941908300627     370.8980022129034     25    
58016.16385518568    4168.9437567503865    365.8246099381454     25    
58016.66385518568    4111.31890228957      340.87252105468156    25    
58017.16385518568    4056.826717823184     291.59431781195997    25    
58017.66385518568    4006.5518232611607    270.0823397155488     25    
58018.16385518568    3960.4745521808427    283.9754903901344     25    
58018.66385518568    3919.949113183247     289.737240518445      25    
58019.16385518568    3885.355550499931     286.1723205839805     25    
58019.66385518568    3851.2000503683153    280.2360958343171     25    
58020.16385518568    3817.8948094243638    271.273277033934      25    
58020.66385518568    3776.3980573756894    269.1333560595079     25    
58021.16385518568    3726.585723590522     276.43809188781273    25    
58021.66385518568    3660.375803602364     279.5463889795986     25    
58022.16385518568    3576.0792467599554    276.0901531876086     25    
58022.66385518568    3476.4068531914727    271.9407437293786     25    
58023.16385518568    3360.260566398283     267.1213003471625     25    
58023.66385518568    3236.1349320669915    266.93646685089965    25    
58024.16385518568    3104.632704076468     274.71406429563854    25    
58024.66385518568    2973.026334686171     279.0544064182858     25    
58025.16385518568    2842.6019538577766    276.5148955574928     25    
58025.66385518568    2718.3752237134886    271.0450424140687     25    
58026.16385518568    2601.5837271614205    261.3320390195033     25    
58026.66385518568    2495.8819349126793    255.81835371912467    25    
58027.16385518568    2402.2491619763364    261.12343507116725    25    
58027.66385518568    2324.1252277014382    265.59178112264107    25    
58028.16385518568    2263.8227809260384    262.9331930572732     25    
58028.66385518568    2220.034438085647     261.03353474804385    25    
58029.16385518568    2193.7290013254333    263.43434205972954    25    
58029.66385518568    2180.9703793762683    268.3748595678947     25    
58030.16385518568    2180.2248609023836    277.21396317153375    25    
58030.66385518568    2188.6925092898605    284.4618618666542     25    
58031.16385518568    2204.157670880322     286.01136321591514    25    
58031.66385518568    2225.2240666575085    283.8928198548792     25    
58032.16385518568    2250.056542306133     275.8345607408057     25    
58032.66385518568    2278.093835758621     268.86471612366006    25    
58033.16385518568    2308.312035976199     273.44789849134236    25    
58033.66385518568    2339.9808591311817    280.80304330602297    25    
58034.16385518568    2371.965108039873     284.1415975592651     25    
58034.66385518568    2403.736354000627     284.6513052439374     25    
58035.16385518568    2434.1643296542784    281.03485418204485    25    
58035.66385518568    2462.8698203873682    272.60887440985374    25    
58036.16385518568    2488.7965047369553    253.33442184169377    25    
58036.66385518568    2511.6101292349135    230.69420653355618    25    
58037.16385518568    2530.0619490761987    226.62909659017265    25    
58037.66385518568    2544.202883456509     231.53412511531482    25    
58038.16385518568    2553.3084678677706    229.4770441716718     25    
58038.66385518568    2557.6130887347526    227.07528662210464    25    
58039.16385518568    2557.2769050805123    235.9216390860694     25    
58039.66385518568    2552.329381973847     249.29977086413692    25    
58040.16385518568    2543.0932336531987    254.7654033159149     25    
58040.66385518568    2529.351765276556     254.64415764923558    25    
58041.16385518568    2510.68244169895      243.37641553849173    25    
58041.66385518568    2486.801541718481     225.97658656743502    25    
58042.16385518568    2456.050660083833     237.05467577873114    25    
58042.66385518568    2418.3815221346817    264.84236025989145    25    
58043.16385518568    2371.830498345467     275.895217163492      25    
58043.66385518568    2316.661538112961     276.1740378028148     25    
58044.16385518568    2252.857507167496     270.93164879884745    25    
58044.66385518568    2180.689691263254     260.4235657490341     25    
58045.16385518568    2103.5197242125905    258.09205084280444    25    
58045.66385518568    2021.2967727377263    263.10849955340734    25    
58046.16385518568    1937.538896742625     268.53921176516286    25    
58046.66385518568    1852.1568521368176    274.47774894876846    25    
58047.16385518568    1768.1113739927346    273.71363585470885    25    
58047.66385518568    1685.3554809593       266.34902794857254    25    
58048.16385518568    1605.8489806708665    241.3841975810015     25    
58048.66385518568    1529.556321574884     188.75564211366182    25    
58049.16385518568    1458.4681938955484    155.88323098988468    25    
58049.66385518568    1392.6595597275102    163.93961646047507    25    
58050.16385518568    1333.0549240420007    166.79431740392567    25    
58050.66385518568    1279.8963650320616    159.09421357790106    25    
58051.16385518568    1232.0553226593252    154.20455313095954    25    
58051.66385518568    1189.5446037511033    153.98759602223203    25    
58052.16385518568    1151.2657142462135    156.6811985986971     25    
58052.66385518568    1117.1651461242554    163.37922365617163    25    
58053.16385518568    1086.2228176806639    165.1778579215434     25    
58053.66385518568    1058.3502941800969    159.12952829522797    25    
58054.16385518568    1032.6016066702523    151.06693898605104    25    
58054.66385518568    1008.8629018877605    142.76399128073422    25    
58055.16385518568    986.2192985180088     130.64019210187305    25    
58055.66385518568    964.4430382027131     109.08142748197338    25    
58056.16385518568    942.9796447616368     91.04795035176754     25    
58056.66385518568    921.5000536178673     90.89444827993        25    
58057.16385518568    900.1828008269177     93.06504440170049     25    
58057.66385518568    879.0058927068798     90.54736032514417     25    
58058.16385518568    858.097904876893      86.96914362967236     25    
58058.66385518568    837.499838072702      82.29446590840793     25    
58059.16385518568    817.308336759247      77.6190870974144      25    
58059.66385518568    797.572554773258      73.92805303802524     25    
58060.16385518568    778.3806418861908     71.25183883710929     25    
58060.66385518568    759.790588220759      69.11610812851224     25    
58061.16385518568    741.8813656699359     70.04745757815445     25    
58061.66385518568    724.7204838274151     77.70110008652763     25    
58062.16385518568    708.377195563943      85.67212108876348     25    
58062.66385518568    692.9287870054384     87.34449607001639     25    
58063.16385518568    678.4348752073355     91.18295936633952     25    
58063.66385518568    664.9820431670395     100.24320995112552    25    