#Date  :
#Flux  :
#Fluxerr  :
#ZP  :
#end  :
@INSTRUMENT  SDSS
@BAND  SDSS_u
@MAGSYS  AB
53622.375569  1.038  1.667  23.88354
53627.332734  1.319  1.804  23.88354
53634.32551  -0.05853  4.309  23.88354
53638.366999  0.9566  1.71  23.88354
53640.33102  3.165  1.87  23.88354
53655.303102  -4.083  1.908  23.88354
53664.328175  -1.373  4.533  23.88354
53669.287137  -3.65  1.579  23.88354
53671.371768  -3.74  2.196  23.88354
53674.271007  -2.521  1.884  23.88354
53676.360769  -1.096  1.576  23.88354
53679.332468  -4.174  2.115  23.88354
53681.323845  -1.143  1.578  23.88354
53685.282624  3.184  3.207  23.88354
53697.279932  3.861  2.313  23.88354
53700.278611  1.034  2.287  23.88354
53705.264675  0.4315  1.761  23.88354
