@INSTRUMENT DECam
@BAND DECam_g
@MAGSYS AB
#Date : MJD
#Flux : 
#Fluxerr : 
#ZP : 
#end
57317.161  0.299  4.1451  27.487295499697606
57327.087  0.32227  2.6714  27.487295499697606
57331.191  2.5026  2.0791  27.487295499697606
57339.201  11.407  2.1747  27.487295499697606
57345.255  15.637  2.3494  27.487295499697606
57356.135  6.334  2.5099  27.487295499697606
57365.196  2.758  1.2692  27.487295499697606
57372.127  2.5059  1.7077  27.487295499697606
57376.172  22.063  7.7363  27.487295499697606
57385.161  2.083  3.6231  27.487295499697606
57389.14  -3.592  2.6593  27.487295499697606
57394.171  0.65137  2.7648  27.487295499697606
57399.176  1.5528  2.6374  27.487295499697606
57406.046  -10.693  5.3681  27.487295499697606
57425.11  1.6969  2.6681  27.487295499697606
