#mB  c  mBmB x1x1 cc mBx1 mBc x1c
15.502076174664113  -0.3  0.0015362067365223768  0.043650404501949264  0.000487933235091829  -0.001119546287646925  0.0006042980936722056  0.0002591845463840995
15.502646238003296  0.3  0.0013632632287626267  0.03677306393002775  0.00048304995943042485  -0.0005925494215406098  0.0005965746291321541  0.000278899853211544
16.007467237964335  0.0  0.0016499991356049828  0.05027500157823802  0.0005350150669806434  -0.0008058011362747961  0.000667995951428781  0.0003739010998553547
16.507467237964338  0.0  0.0022246133682813436  0.07744866038601941  0.0006660710483937472  -0.0008728022024473234  0.0008502255342540217  0.0006728385258138935
17.007467237964338  0.0  0.003609735397087938  0.14344420380739345  0.0009816181778435076  -0.0009351029720062449  0.0012919686424546887  0.0015117098065797797
16.506029592062042  -0.15  0.002556326836133396  0.0901281030839314  0.0007055795836413845  -0.001589689922928216  0.0009095340651112249  0.0006614939198844932
16.506351284015743  0.15  0.0020013106943107153  0.06774479322407984  0.0006403871631694303  -0.0004599429598071163  0.0008120949389043922  0.0006430613049148242
17.502076174664115  -0.3  0.012255521435594418  0.4850084883957219  0.0024091844602782985  -0.012624373490680511  0.0034007703562281373  0.002152876085559956
17.502646238003297  0.3  0.004642937194415654  0.19216273178769328  0.0014179820888956679  0.0022539798568719906  0.001909393437513833  0.0032600378076744346
