55019.041142259106    126.5452047399724     49.629548237977836    25    
55019.541142259106    159.80101654709063    44.38292808391139     25    
55020.041142259106    197.9398645126486     50.531654165258935    25    
55020.541142259106    241.28565408007412    84.52569716829171     25    
55021.041142259106    290.06667798520954    110.24493821652734    25    
55021.541142259106    344.65205555819983    114.49790828640248    25    
55022.041142259106    405.2269396218309     112.02736962852458    25    
55022.541142259106    472.2015154456434     112.18413198886671    25    
55023.041142259106    545.7219438866877     112.31399360924748    25    
55023.541142259106    626.235328206579      112.29879047626451    25    
55024.041142259106    713.8529852439552     112.1509726671837     25    
55024.541142259106    809.0547883051828     111.85390104376103    25    
55025.041142259106    911.9213581578085     111.44217356329416    25    
55025.541142259106    1023.1207719741831    110.80226864387394    25    
55026.041142259106    1142.4264479365074    110.28388968936724    25    
55026.541142259106    1270.5276667146807    111.47858967641325    25    
55027.041142259106    1405.8794062504346    113.6794317293609     25    
55027.541142259106    1542.571472360903     114.79021239261594    25    
55028.041142259106    1679.972724877383     115.23330945289676    25    
55028.541142259106    1809.0955219066523    115.75959532732705    25    
55029.041142259106    1930.1035261340858    116.25908934089198    25    
55029.541142259106    2034.21620219779      116.32628523794679    25    
55030.041142259106    2122.2900707914496    116.03207640082672    25    
55030.541142259106    2195.76173122844      116.1526114246342     25    
55031.041142259106    2254.714345971079     116.64578458968441    25    
55031.541142259106    2305.129564969353     117.414020627138      25    
55032.041142259106    2346.8477712535764    118.47006567095329    25    
55032.541142259106    2385.257567411364     119.51493622840565    25    
55033.041142259106    2420.5504069803665    121.11231119942433    25    
55033.541142259106    2452.293314643708     110.58591731191305    25    
55034.041142259106    2480.7673683053677    79.05815210924169     25    
55034.541142259106    2502.921890091794     53.88199942063305     25    
55035.041142259106    2518.7095791780735    57.123761766919955    25    
55035.541142259106    2525.6474910758493    60.7278663037539      25    
55036.041142259106    2523.1197685973966    60.41241151675187     25    
55036.541142259106    2512.1806966364375    59.856456409912795    25    
55037.041142259106    2492.4942431336503    58.969886806707265    25    
55037.541142259106    2466.686334079356     58.678951276507284    25    
55038.041142259106    2435.041511592291     59.55322063348465     25    
55038.541142259106    2399.6697946365284    60.065357395585046    25    
55039.041142259106    2361.356339835287     59.06002191416137     25    
55039.541142259106    2320.3366954602493    59.69003605920664     25    
55040.041142259106    2277.0510367958873    64.053546829887       25    
55040.541142259106    2230.895669160895     67.80872649187118     25    
55041.041142259106    2181.7238618338138    69.18201691131246     25    
55041.541142259106    2129.2774346250185    69.62127723670311     25    
55042.041142259106    2073.02875148308      69.41691519106323     25    
55042.541142259106    2013.9999079348443    68.74333982364537     25    
55043.041142259106    1952.3395735989209    67.56782553456308     25    
55043.541142259106    1889.5135550211496    66.62121442594984     25    
55044.041142259106    1826.615330529842     67.02822726800734     25    
55044.541142259106    1764.6106207918124    67.64723270726192     25    
55045.041142259106    1705.0745344004586    67.4168157554509      25    
55045.541142259106    1647.9001751549363    66.89311215953528     25    
55046.041142259106    1593.8320091916546    66.2467082797007      25    
55046.541142259106    1542.403653539159     65.76851936164883     25    
55047.041142259106    1493.2747041136286    66.33529865979239     25    
55047.541142259106    1446.315090770834     67.24185003863917     25    
55048.041142259106    1401.1050265380431    67.47911289803292     25    
55048.541142259106    1357.599759556675     67.31459183870852     25    
55049.041142259106    1315.4466808884422    66.55895249092306     25    
55049.541142259106    1274.631738928777     65.6117490259516      25    
55050.041142259106    1234.8909323447358    65.91601878474657     25    
55050.541142259106    1196.2040957319484    66.88559449276876     25    
55051.041142259106    1158.2589959216739    67.29779025094969     25    
55051.541142259106    1121.1206973449025    67.32789118129739     25    
55052.041142259106    1084.7950697716985    67.08726636752958     25    
55052.541142259106    1049.3452604523566    66.27396140649732     25    
55053.041142259106    1015.1746764892132    61.943194127608756    25    
55053.541142259106    982.2810451635203     54.30623298868142     25    
55054.041142259106    951.1264466704886     51.00404978673929     25    
55054.541142259106    921.6616578474835     51.99070220739037     25    
55055.041142259106    893.7080687378091     51.691171568568485    25    
55055.541142259106    867.2589788781942     50.31198547260938     25    
55056.041142259106    841.3243457761539     50.005307469185865    25    
55056.541142259106    815.9329586987274     50.81813446509661     25    
55057.041142259106    790.0687694713929     51.47374068894189     25    
55057.541142259106    763.696457932641      51.98371370427104     25    
55058.041142259106    736.7043005186105     51.73614603901437     25    
55058.541142259106    708.973066043702      50.848663108379554    25    
55059.041142259106    681.564423208781      46.82479072665794     25    
55059.541142259106    654.476179905302      37.12801806347674     25    
55060.041142259106    628.7114132660722     29.748736408980882    25    
55060.541142259106    604.4140019189699     30.157235120156432    25    
55061.041142259106    581.8905246937867     30.656111331419613    25    
55061.541142259106    561.3554437415683     29.30783271982617     25    
55062.041142259106    542.2014444531128     28.463931660570253    25    
55062.541142259106    524.3886634225071     28.741930460747188    25    
55063.041142259106    507.40685331842866    29.296757581370382    25    
55063.541142259106    491.08666878240064    30.09620361903937     25    
55064.041142259106    475.2760587379814     30.388459888201176    25    
55064.541142259106    459.7820961557402     29.916606268326884    25    
55065.041142259106    444.91584619938226    28.291616848884058    25    
55065.541142259106    430.73853240618047    23.971996961484866    25    
55066.041142259106    417.4758848716862     19.714299460939795    25    
55066.541142259106    405.290081629058      19.70147128499993     25    
55067.041142259106    394.2072892175245     20.508656973877393    25    
55067.541142259106    384.37574782142985    19.676181914267048    25    
55068.041142259106    375.57256183621496    18.68121811259785     25    
55068.541142259106    367.6818126950972     18.288334551820764    25    
55069.041142259106    360.565521887312      18.254995437230132    25    
55069.541142259106    354.0370382188419     18.76301688161388     25    
55070.041142259106    348.03448862968696    19.276151946468968    25    
55070.541142259106    342.3781967325344     18.962428205794527    25    
55071.041142259106    337.08455968895385    18.31193600116126     25    
55071.541142259106    332.09429576813716    17.786794920260732    25    
55072.041142259106    327.39909154437976    17.33479781062733     25    
55072.541142259106    322.95251377576375    17.145325235224075    25    
55073.041142259106    318.74601097034844    17.157776954023355    25    
55073.541142259106    314.7317473325846     17.38481979555243     25    
55074.041142259106    310.9057568584888     17.686544825203818    25    
55074.541142259106    307.22555087826623    17.588513031219716    25    
55075.041142259106    303.6877884081238     17.219665483060723    25    
55075.541142259106    300.24917426451947    16.725108971779328    25    
55076.041142259106    296.90779656004156    16.108899249659313    25    
55076.541142259106    293.61883184239286    15.584429450455696    25    
55077.041142259106    290.3816961866694     15.139577505628798    25    
55077.541142259106    287.15040411032805    14.980308147206287    25    
55078.041142259106    283.92536778644853    15.00224310419463     25    
55078.541142259106    280.65977156676706    13.844621029212066    25    
55079.041142259106    277.35469185782176    11.383006816787582    25    
55079.541142259106    273.9628147101515     10.218371617412538    25    
55080.041142259106    270.4855488992301     10.681002594507751    25    
55080.541142259106    266.8754140389236     11.61110310751994     25    