#Date  :
#Flux  :
#Fluxerr  :
#ZP  :
#end  :
@INSTRUMENT  CNIa02
@BAND  Bessell12_B
@MAGSYS  Linear_AB11_off
57918.16500000004  3753.185242379142  176.29737916162986  25.0
57919.65100000007  4066.305463404283  202.24110981997802  25.0
57921.820499999914  4479.19531254284  185.6471103933235  25.0
57924.30010000011  4483.322704327333  185.8181764676486  25.0
57929.128099999856  3604.1262864914356  185.89328711462932  25.0
57933.39030000009  2620.5955547333483  125.51020058814761  25.0
57934.51230000006  2432.204009073816  120.96770459833586  25.0
57936.41000000015  2110.5711628843483  95.25148606748006  25.0
57938.746900000144  1653.4840121711518  82.23741297859222  25.0
57940.60809999984  1334.135682903104  93.38761243794475  25.0
57942.737499999814  1158.7773561551262  112.06370558711059  25.0
57945.74189999979  906.9847815057911  128.646033666946  25.0
57949.75499999989  688.6522963442756  83.72393102332147  25.0
57952.33259999985  559.757601495111  51.555580355283325  25.0
57955.72740000021  445.86152794807106  39.422749738916536  25.0
57958.08259999985  391.20103938735184  45.75930302780182  25.0
57958.299199999776  320.0368594586524  47.162374514689795  25.0
57961.73059999989  322.70076875155286  35.666207021707116  25.0
57969.253899999894  293.2243282303115  55.63433488745164  25.0
