@INSTRUMENT MEGACAMPSF
@BAND r
@MAGSYS AB
@WEIGHTMAT weightmat_SNLS_r.dat
@X_FOCAL_PLANE 0.072765
@Y_FOCAL_PLANE 12.618814
#Date : MJD
#Flux : 
#Fluxerr : errors (but look at the weight matrix)
#ZP : 
#end
53134.34  -0.26394425  0.419281616967  26.504652
53138.43  -0.71383704  0.518234021005  26.504652
53146.46  -0.19104984  0.485236470265  26.504652
53149.31  0.22287143  0.360799520893  26.504652
53151.45  -0.76644108  0.805718693529  26.504652
53165.39  7.4023529  0.34974328852  26.504652
53169.38  8.8574635  0.56233158173  26.504652
53175.36  10.363937  0.452574002487  26.504652
53178.35  9.8558906  0.378313504412  26.504652
53182.32  7.9782089  0.596121125687  26.504652
53193.38  3.5808258  0.77431918102  26.504652
53197.34  2.4514108  0.486997291056  26.504652
53198.3  3.7830788  0.544472416927  26.504652
53204.35  1.6261489  0.463562090934  26.504652
53228.25  0.31126656  0.608439570482  26.504652
53386.65  -0.26735058  0.419702678784  26.504652
53390.63  0.1771566  0.574407752975  26.504652
53411.6  0.39721767  0.379518686811  26.504652
53415.58  0.3752378  0.544950719738  26.504652
53419.64  -1.0269407  0.789039087321  26.504652
53440.56  0.10303197  2.53845545227  26.504652
53446.51  0.65185601  0.399494555655  26.504652
53461.55  -0.038803752  0.921202290432  26.504652
53466.58  0.73562006  0.568224154249  26.504652
53469.49  0.0072610092  0.469740281403  26.504652
53473.56  -0.22752438  0.534467260724  26.504652
53494.51  -0.84018844  0.653657429501  26.504652
53495.42  0.25068525  0.521995894877  26.504652
53498.38  -0.16447717  0.523974315374  26.504652
53502.36  0.24811  0.410062996502  26.504652
53505.36  -0.14595285  0.540825392355  26.504652
53508.35  0.19604725  0.706768069759  26.504652
53518.42  -0.18291948  0.665339808618  26.504652
53523.39  -0.20737071  0.476630617777  26.504652
53527.33  0.071008078  0.333339559077  26.504652
53531.38  0.24098021  0.517780251935  26.504652
53534.35  0.38709709  0.488525414108  26.504652
