57123.90417495032    4102.175378558911     1024.9638229019172    25    
57124.40417495032    4849.25346058762      990.3404443049361     25    
57124.90417495032    5629.072230566924     1119.0594582626527    25    
57125.40417495032    6434.039092196067     1657.007450103176     25    
57125.90417495032    7257.674477326997     2072.5665449056114    25    
57126.40417495032    8091.843037279179     2146.241636956435     25    
57126.90417495032    8930.596946927099     2121.2859469317677    25    
57127.40417495032    9765.280123924951     2132.756377766028     25    
57127.90417495032    10590.454467455194    2137.5520687070934    25    
57128.40417495032    11396.965180221338    2133.2060658848195    25    
57128.90417495032    12179.861866999263    2121.74485196686      25    
57129.40417495032    12929.51303425629     2102.8874274006134    25    
57129.90417495032    13641.43397364727     2082.222603231777     25    
57130.40417495032    14305.880732036167    2097.2366917621516    25    
57130.90417495032    14917.972467203048    2079.0012376719615    25    
57131.40417495032    15468.311865760934    1834.085345336624     25    
57131.90417495032    15947.519836238342    1504.580877026926     25    
57132.40417495032    16336.309734529772    1539.1454141938138    25    
57132.90417495032    16626.66179733039     1728.3506299940998    25    
57133.40417495032    16792.246573373843    1810.1694376680762    25    
57133.90417495032    16831.375946144475    1861.3597247372743    25    
57134.40417495032    16711.96668242529     1876.2070375243868    25    
57134.90417495032    16462.48136114804     1907.7078933717573    25    
57135.40417495032    16124.535779225906    2107.5158663076836    25    
57135.90417495032    15720.547595179127    2370.9896329459166    25    
57136.40417495032    15332.948046786329    2615.487394524195     25    
57136.90417495032    14969.871839960253    2800.472856534926     25    
57137.40417495032    14720.687687360192    2714.4681274408026    25    
57137.90417495032    14562.663447212919    2432.7994284005063    25    
57138.40417495032    14487.871263298282    2068.41574932705      25    
57138.90417495032    14479.6883686634      1609.7111399494297    25    
57139.40417495032    14473.635897436703    1474.0392796808958    25    
57139.90417495032    14466.385740729587    1609.9458776247188    25    
57140.40417495032    14390.259141711891    1683.3542889496125    25    
57140.90417495032    14257.37876012789     1758.3679823085745    25    
57141.40417495032    14068.828637441178    1897.577414001607     25    
57141.90417495032    13833.01953159316     2083.8072425908836    25    
57142.40417495032    13594.5992817626      2357.18396331548      25    
57142.90417495032    13354.235352229322    2646.841611735496     25    
57143.40417495032    13158.045116293893    2667.6923295086285    25    
57143.90417495032    12998.897489794246    2486.157315485039     25    
57144.40417495032    12867.577636389788    2253.8397707848103    25    
57144.90417495032    12759.574971154192    1956.5983116072443    25    
57145.40417495032    12627.400010798108    1858.0417532583454    25    
57145.90417495032    12471.205177075864    1948.1946199060637    25    
57146.40417495032    12243.009693390371    1998.8783296623005    25    
57146.90417495032    11946.36038334875     2025.0112827463481    25    
57147.40417495032    11581.05528108588     1991.3875996309825    25    
57147.90417495032    11148.82980641816     1904.8327960283916    25    
57148.40417495032    10685.380572410328    1962.8457641701814    25    
57148.90417495032    10190.306156506109    2143.3093882382846    25    
57149.40417495032    9698.011763251423     2233.894533299836     25    
57149.90417495032    9207.966034075589     2248.956742354051     25    
57150.40417495032    8745.39609463509      2214.777770403994     25    
57150.90417495032    8310.042078887784     2126.9628772272713    25    
57151.40417495032    7919.694036889766     2157.513774614532     25    
57151.90417495032    7574.160577922098     2310.776606119734     25    
57152.40417495032    7292.130822421632     2367.2386192015565    25    
57152.90417495032    7074.732563738604     2325.9170197586072    25    
57153.40417495032    6914.822030962786     2189.7969011932787    25    
57153.90417495032    6814.09296606386      1922.860454855131     25    
57154.40417495032    6742.0240254333185    1764.8611606623715    25    
57154.90417495032    6698.598062624306     1779.8375148736995    25    
57155.40417495032    6654.531235076697     1801.9262002816085    25    
57155.90417495032    6606.564168674063     1821.4393782007292    25    
57156.40417495032    6555.867039295043     1794.5632109196667    25    
57156.90417495032    6498.706847234907     1696.9960350212955    25    
57157.40417495032    6466.275178803496     1671.2903463524638    25    
57157.90417495032    6459.25036159752      1752.5344709415244    25    
57158.40417495032    6506.546841760572     1825.0863453685345    25    
57158.90417495032    6613.840600249518     1880.190913201016     25    
57159.40417495032    6778.473828586181     1885.7386320651638    25    
57159.90417495032    7006.351209959614     1809.997376932573     25    
57160.40417495032    7260.872197845942     1817.7755750942588    25    
57160.90417495032    7540.023817334054     1970.6181510224362    25    
57161.40417495032    7810.601489921494     2062.959877730677     25    
57161.90417495032    8064.38148739492      2062.3877232856503    25    
57162.40417495032    8297.129054513636     1979.5363299481548    25    
57162.90417495032    8500.545617871669     1733.4937387947225    25    
57163.40417495032    8704.2777457389       1662.785359161338     25    
57163.90417495032    8911.137275990117     1960.099881385714     25    
57164.40417495032    9146.745576959891     2190.6097795297387    25    
57164.90417495032    9421.338953282471     2269.943460537793     25    
57165.40417495032    9732.291020983414     2309.933108782616     25    
57165.90417495032    10089.422059590936    2294.784579952435     25    
57166.40417495032    10454.170803699144    2376.8948205777815    25    
57166.90417495032    10820.112836622548    2655.173257355618     25    
57167.40417495032    11154.093071803343    2880.9031119133674    25    
57167.90417495032    11442.917591569554    3013.6935391101815    25    
57168.40417495032    11672.0918819158      2993.890501414933     25    
57168.90417495032    11828.445024509592    2710.4849402772       25    
57169.40417495032    11922.685207916435    2319.386031065407     25    
57169.90417495032    11955.734512013934    1839.3277034227415    25    
57170.40417495032    11934.497136753522    1414.336263602442     25    
57170.90417495032    11861.680028831552    1420.184611847292     25    
57171.40417495032    11743.200826327437    1526.059144878185     25    
57171.90417495032    11582.03828257799     1511.7278040062022    25    
57172.40417495032    11383.667454951896    1522.8762572047274    25    
57172.90417495032    11151.233536685426    1616.0448016978723    25    
57173.40417495032    10889.953053268615    1731.6267604618238    25    
57173.90417495032    10602.890956520672    1874.811259366831     25    
57174.40417495032    10296.115364350968    1953.3597646218318    25    
57174.90417495032    9973.2133466595       1871.184876874921     25    
57175.40417495032    9641.896795031022     1709.5046695068181    25    
57175.90417495032    9308.241243683791     1493.4883596946347    25    
57176.40417495032    8978.996818373387     1245.8773973294071    25    
57176.90417495032    8662.079819906763     1043.5925568653056    25    
57177.40417495032    8360.612161219718     886.6901178826175     25    
57177.90417495032    8082.111119596304     836.0506207738428     25    
57178.40417495032    7823.532184326054     843.9617489260088     25    
57178.90417495032    7584.646818517023     834.176656158184      25    
57179.40417495032    7364.109368616809     826.4358143627069     25    
57179.90417495032    7160.3769975742325    812.6863911365613     25    
57180.40417495032    6972.578363603232     797.5866064068945     25    
57180.90417495032    6799.089976893588     785.9944572589698     25    
57181.40417495032    6639.121279403272     774.3883663932262     25    
57181.90417495032    6490.969880755824     755.473729786916      25    
57182.40417495032    6353.922240297682     738.2558634729199     25    
57182.90417495032    6226.200833441721     725.8172375636934     25    
57183.40417495032    6107.165370567203     742.0488858792096     25    
57183.90417495032    5994.96695923203      782.6748177967787     25    
57184.40417495032    5889.034794492616     935.6877056467152     25    
57184.90417495032    5787.452382407505     1242.2898876185143    25    