#Date  :
#Flux  :
#Fluxerr  :
#ZP  :
#end  :
@INSTRUMENT  SDSS
@BAND  SDSS_r
@MAGSYS  AB
54346.288784  -1.15  1.198  23.901989999999998
54348.319283  -0.9296  0.9443  23.901989999999998
54358.275268  1.374  0.8672  23.901989999999998
54359.241421  3.29  1.191  23.901989999999998
54365.308436  -1.718  0.9327  23.901989999999998
54373.38273  -0.5235  2.079  23.901989999999998
54381.327527  6.425  0.8017  23.901989999999998
54386.319864  17.44  1.116  23.901989999999998
54388.323875  21.23  0.8672  23.901989999999998
54393.309519  29.47  0.8468  23.901989999999998
54403.23717  28.01  1.795  23.901989999999998
54405.292396  26.26  1.069  23.901989999999998
54406.230709  25.06  0.8953  23.901989999999998
54412.233333  16.77  1.219  23.901989999999998
54416.228746  16.04  0.7575  23.901989999999998
54421.234118  12.34  1.041  23.901989999999998
54423.210506  12.84  1.35  23.901989999999998
54431.237239  10.06  3.8  23.901989999999998
54433.23247  8.501  1.774  23.901989999999998
