58098.64271500411    467.75272858344033    117.38173442883136    25    
58099.14271500411    555.929742195433      117.41651200466288    25    
58099.64271500411    649.8356850495072     118.62011113729388    25    
58100.14271500411    748.9396866935292     123.96378688967654    25    
58100.64271500411    852.9096300040982     129.6219217663983     25    
58101.14271500411    961.1224480347955     131.19033331032546    25    
58101.64271500411    1073.332476020444     131.14517017200572    25    
58102.14271500411    1188.8359387924613    131.57654257131605    25    
58102.64271500411    1307.4621356717746    131.92353657771523    25    
58103.14271500411    1428.4380715397538    132.11300693781166    25    
58103.64271500411    1551.656521531319     132.16344867171026    25    
58104.14271500411    1676.2867588499046    132.0740486202258     25    
58104.64271500411    1802.2735461723062    131.8755403612526     25    
58105.14271500411    1928.8122517678112    132.56054930455943    25    
58105.64271500411    2055.7972472226193    133.03499266068752    25    
58106.14271500411    2182.256395209619     125.01017262740483    25    
58106.64271500411    2307.836857647523     109.1611901156843     25    
58107.14271500411    2427.810467418686     102.72509549804312    25    
58107.64271500411    2542.275049547434     105.86939593901835    25    
58108.14271500411    2644.917779021658     107.79056453977358    25    
58108.64271500411    2735.965732871157     108.72309700963865    25    
58109.14271500411    2809.7591347642356    109.03621156347184    25    
58109.64271500411    2865.915469291599     108.62223225500412    25    
58110.14271500411    2907.2576760842994    109.00382691660884    25    
58110.64271500411    2933.309999874316     110.36415972490995    25    
58111.14271500411    2950.071298524181     112.07983967093712    25    
58111.64271500411    2957.701694864567     114.35853709663601    25    
58112.14271500411    2961.1537697368594    115.2825978880915     25    
58112.64271500411    2961.6498257594303    114.53766948513659    25    
58113.14271500411    2959.1229861497027    111.62615763306843    25    
58113.64271500411    2954.21231377403      104.80606710588096    25    
58114.14271500411    2945.092051673974     99.83385312551152     25    
58114.64271500411    2931.418401347481     100.76190395954686    25    
58115.14271500411    2912.0975980169355    102.22058405316362    25    
58115.64271500411    2886.176677497496     101.77160550295227    25    
58116.14271500411    2854.5823002362727    101.03836822435622    25    
58116.64271500411    2817.2066724764068    100.21577771131054    25    
58117.14271500411    2775.4754055069648    99.93488166571697     25    
58117.64271500411    2730.2976028416197    101.46731111635494    25    
58118.14271500411    2682.516492932571     102.95954285280295    25    
58118.64271500411    2633.495192545992     102.89276270069884    25    
58119.14271500411    2583.0843869977352    101.35070195620908    25    
58119.64271500411    2531.84574076945      96.45896178161219     25    
58120.14271500411    2479.458921236756     90.6954295346801      25    
58120.64271500411    2425.678116145122     89.80446233615947     25    
58121.14271500411    2370.4394203542965    91.1440681366763      25    
58121.64271500411    2313.4468346781       91.14065481979905     25    
58122.14271500411    2254.7036754343476    90.6206479609747      25    
58122.64271500411    2194.008671603289     89.43269636450364     25    
58123.14271500411    2131.3731446260686    87.94234794672421     25    
58123.64271500411    2066.6760685862437    88.02295296328705     25    
58124.14271500411    1999.9262630823148    89.11558201092694     25    
58124.64271500411    1930.936611181987     89.8500694631793      25    
58125.14271500411    1859.8196401096018    89.97553398026538     25    
58125.64271500411    1787.4180239709444    83.69561700206337     25    
58126.14271500411    1713.7411130920261    70.27635356433957     25    
58126.64271500411    1640.545609486867     62.90820021708594     25    
58127.14271500411    1567.7642228909588    63.50481115355913     25    
58127.64271500411    1497.1454363708397    63.78103861099105     25    
58128.14271500411    1428.7045763655321    63.542080861276695    25    
58128.64271500411    1363.0437945929812    62.69645950224888     25    
58129.14271500411    1300.269376924297     60.99846647781268     25    
58129.64271500411    1239.97716155495      59.93490757776337     25    
58130.14271500411    1182.1682741361717    59.880542080096376    25    
58130.64271500411    1126.5317298178222    59.89276828156238     25    
58131.14271500411    1072.9996343094247    59.865696614276104    25    
58131.64271500411    1021.5442273653224    59.57487157808006     25    
58132.14271500411    972.0966882387925     59.50244053251933     25    
58132.64271500411    924.8639746542386     56.878955302026704    25    
58133.14271500411    879.8783501525755     48.006424011439336    25    
58133.64271500411    837.2900139762654     39.499882659958665    25    
58134.14271500411    797.2204357971302     38.95532371211217     25    
58134.64271500411    759.5573732649431     40.09810459984168     25    
58135.14271500411    724.3600803370205     39.21717960389882     25    
58135.64271500411    691.3204045211477     38.51607205667522     25    
58136.14271500411    660.2627386149169     39.0382394649075      25    
58136.64271500411    630.9886042687978     39.79046866014719     25    
58137.14271500411    603.222667876693      40.11741825483607     25    
58137.64271500411    576.9305519805743     40.02174865842921     25    
58138.14271500411    551.9065942558854     39.17080604674745     25    
58138.64271500411    528.2208917562089     37.5440454980654      25    
58139.14271500411    505.8842015378108     34.30300238357401     25    
58139.64271500411    484.90626622885105    30.393469176364512    25    
58140.14271500411    465.3374422542557     29.59109613998458     25    
58140.64271500411    447.135268024417      30.463276130428692    25    
58141.14271500411    430.2443301502529     29.82289582994741     25    
58141.64271500411    414.60545588096784    28.532134269754067    25    
58142.14271500411    399.9455450113245     28.09765166693567     25    
58142.64271500411    386.25618349228887    28.27216001025098     25    
58143.14271500411    373.2273099891427     28.71429744727646     25    
58143.64271500411    360.8769778480964     29.366852869866545    25    
58144.14271500411    349.0042971126067     29.49787354392256     25    
58144.64271500411    337.6254772497693     29.131594717093822    25    
58145.14271500411    326.76320332578626    26.951269976093087    25    
58145.64271500411    316.41685517149756    22.41867716152691     25    
58146.14271500411    306.6178376534025     19.799574887598272    25    
58146.64271500411    297.3662014988337     20.200550268864006    25    
58147.14271500411    288.67533086179145    20.100528566192892    25    
58147.64271500411    280.5484245277891     19.06460964247291     25    
58148.14271500411    272.9674126344321     18.774723034566875    25    
58148.64271500411    265.93269573140464    19.569823733637154    25    
58149.14271500411    259.42774542787845    20.5747699018415      25    
58149.64271500411    253.4584088022316     21.83535143033509     25    
58150.14271500411    247.97469034006966    22.288108334504244    25    
58150.64271500411    242.98764698959369    21.410803981114885    25    
58151.14271500411    238.3821994110125     20.28501453691412     25    
58151.64271500411    234.139688787512      19.24004448206041     25    
58152.14271500411    230.15794387354035    18.356743938887256    25    
58152.64271500411    226.39495898279705    17.820756608251024    25    
58153.14271500411    222.7931231344882     17.58386912937827     25    
58153.64271500411    219.2973057186482     17.813963026977174    25    
58154.14271500411    215.9207700190465     18.005401482361478    25    
58154.64271500411    212.6551168590406     17.669627485917392    25    
58155.14271500411    209.50381129078488    17.124471190858404    25    
58155.64271500411    206.4672166897022     16.50319530433827     25    
58156.14271500411    203.54557689700653    15.87116781409121     25    
58156.64271500411    200.73932140040472    15.443205591466292    25    
58157.14271500411    198.04863192779425    15.155837998229766    25    
58157.64271500411    195.4739960347268     14.861696668087003    25    
58158.14271500411    193.0155414267271     14.842014751378473    25    
58158.64271500411    190.6738056362487     15.863357577623386    25    
58159.14271500411    188.44887043738515    17.322041059723364    25    
58159.64271500411    186.34131524855013    17.88219508358712     25    
58160.14271500411    184.3511840033479     18.43979384093553     25    
58160.64271500411    182.47908991521078    20.72754577994862     25    