52493.09999083109    209.1630558803079     69.94628482507531     25    
52493.59999083109    258.32026631466834    66.7465329483417      25    
52494.09999083109    313.4265902514837     70.607467991525       25    
52494.59999083109    374.72489076055786    95.89939987426038     25    
52495.09999083109    442.36494288075824    118.01169957162955    25    
52495.59999083109    516.6326910650467     122.21348081946489    25    
52496.09999083109    597.6375990749771     120.15394315157208    25    
52496.59999083109    685.703152534982      120.33798500519676    25    
52497.09999083109    780.9040441409873     120.54852811213823    25    
52497.59999083109    883.5957604772079     120.62161300135318    25    
52498.09999083109    993.8237633856336     120.57081358942465    25    
52498.59999083109    1111.9700001985716    120.3792307791883     25    
52499.09999083109    1238.056242115762     120.07464821627478    25    
52499.59999083109    1372.6459323926656    119.84464782341453    25    
52500.09999083109    1515.551550370783     119.58083808688829    25    
52500.59999083109    1667.018018982801     118.39866210982827    25    
52501.09999083109    1826.3203996024713    116.52581835711358    25    
52501.59999083109    1985.214844452223     116.24294022524434    25    
52502.09999083109    2143.9142839312212    117.40528040658565    25    
52502.59999083109    2290.7102997322054    118.40165111804549    25    
52503.09999083109    2426.008388341997     119.2464059709305     25    
52503.59999083109    2539.3711313864987    119.65287131397845    25    
52504.09999083109    2629.9555728955625    119.53106883432183    25    
52504.59999083109    2701.7681019439997    119.73436116301853    25    
52505.09999083109    2753.9460827890393    120.3618408331814     25    
52505.59999083109    2795.786626950703     121.2322859759687     25    
52506.09999083109    2827.666590474797     122.48834672710478    25    
52506.59999083109    2857.0304367087547    123.27383848395985    25    
52507.09999083109    2886.138930908464     124.48488411055573    25    
52507.59999083109    2914.0240678272357    120.40551613600138    25    
52508.09999083109    2941.7210797544317    104.59863886142347    25    
52508.59999083109    2965.4763182820907    90.69879933874577     25    
52509.09999083109    2984.4601941546402    90.97045880777253     25    
52509.59999083109    2996.1856042240515    93.72516490178573     25    
52510.09999083109    2998.9428781521397    93.49496808428414     25    
52510.59999083109    2992.6844292770425    92.86923487844098     25    
52511.09999083109    2976.619625671075     91.92804821081073     25    
52511.59999083109    2951.3763556077906    91.19700942551954     25    
52512.09999083109    2917.1810994027533    91.61597434450171     25    
52512.59999083109    2874.303602502498     92.18212789040751     25    
52513.09999083109    2822.8798720317054    92.24924868893281     25    
52513.59999083109    2763.6614051643046    91.30821650737438     25    
52514.09999083109    2697.63533355318      86.98797533045095     25    
52514.59999083109    2625.466744847777     81.52985347865082     25    
52515.09999083109    2548.9346313943547    80.42025998697208     25    
52515.59999083109    2468.3802030229836    81.45612869663975     25    
52516.09999083109    2385.6858230598064    81.19034485534833     25    
52516.59999083109    2301.20969678216      80.38697528017296     25    
52517.09999083109    2217.540993512338     79.21664865329704     25    
52517.59999083109    2134.8619624937114    77.83636763143919     25    
52518.09999083109    2056.392888259078     77.51834728572268     25    
52518.59999083109    1982.0918648286781    77.97773446625503     25    
52519.09999083109    1915.412429945135     78.0788913156668      25    
52519.59999083109    1856.0744792810747    77.82472008030169     25    
52520.09999083109    1804.5383880953893    75.07113377221644     25    
52520.59999083109    1760.7869235435617    69.58577636696005     25    
52521.09999083109    1722.7018524444995    67.14851193682905     25    
52521.59999083109    1690.358898043959     68.3832219384038      25    
52522.09999083109    1661.7699574828164    69.1213968929338      25    
52522.59999083109    1636.9122962254457    69.09767549605549     25    
52523.09999083109    1614.5087957304577    68.64266050934468     25    
52523.59999083109    1594.462606748741     67.56044101757365     25    
52524.09999083109    1576.1049339312342    67.18305777491305     25    
52524.59999083109    1559.3934962989326    68.02331773244619     25    
52525.09999083109    1543.6441500311987    68.70725015799675     25    
52525.59999083109    1528.7335146951389    68.89490990015183     25    
52526.09999083109    1514.2295634603695    68.74851102250062     25    
52526.59999083109    1499.9846613101176    68.0882319547611      25    
52527.09999083109    1485.782625883703     67.55610855622496     25    
52527.59999083109    1471.5376175225003    67.59086032382413     25    
52528.09999083109    1457.0256713455597    67.72494015463282     25    
52528.59999083109    1442.1608683778575    67.8662016639078      25    
52529.09999083109    1426.66730024188      67.71609900497592     25    
52529.59999083109    1410.3824399002538    66.5643882667215      25    
52530.09999083109    1393.0149529786077    65.56205427110494     25    
52530.59999083109    1374.254478306395     66.20402616720834     25    
52531.09999083109    1353.9039247078672    67.30209612489547     25    
52531.59999083109    1331.4884975320044    67.84861270122913     25    
52532.09999083109    1307.1280632764235    67.9767067961319      25    
52532.59999083109    1280.6507235338727    66.72515746687988     25    
52533.09999083109    1252.3390722558624    65.4339872406519      25    
52533.59999083109    1222.7003623804324    67.84861704306955     25    
52534.09999083109    1191.8186982682491    71.74830033605869     25    
52534.59999083109    1160.313905663591     73.06712661148872     25    
52535.09999083109    1128.1666408787537    72.87818020918965     25    
52535.59999083109    1095.8336240501144    71.90885149247046     25    
52536.09999083109    1063.2622040346732    70.28923132383763     25    
52536.59999083109    1030.5641432887446    69.93218365580898     25    
52537.09999083109    997.7346758842738     70.57110503017977     25    
52537.59999083109    964.8489260200687     71.29529443023982     25    
52538.09999083109    931.9122744040621     72.11727824403405     25    
52538.59999083109    899.2657184264018     72.16606507472949     25    
52539.09999083109    866.8826664286983     71.58203138974521     25    
52539.59999083109    835.586346995426      64.00877872308035     25    
52540.09999083109    805.3477093845038     44.16604152923835     25    
52540.59999083109    777.007167237862      27.511169767754915    25    
52541.09999083109    750.6166271083763     29.11553678990422     25    
52541.59999083109    726.5030000270224     30.988039782314626    25    
52542.09999083109    704.8278548798872     30.078816388601165    25    
52542.59999083109    685.0092657603992     29.34625260827766     25    
52543.09999083109    667.0338606336767     28.974259784569366    25    
52543.59999083109    650.3730460636747     28.931116648741632    25    
52544.09999083109    634.9142607196761     29.41635517988805     25    
52544.59999083109    620.3390049304843     29.652264779083225    25    
52545.09999083109    606.4754189336311     29.158205176123012    25    
52545.59999083109    593.3231252434076     28.601048063830874    25    
52546.09999083109    580.8432000963286     28.36654039032537     25    
52546.59999083109    569.0110363196915     28.10079247913221     25    
52547.09999083109    557.8083040332597     27.49277825764089     25    
52547.59999083109    547.1990475476524     26.992863544527147    25    
52548.09999083109    537.157489805383      27.166319177238783    25    
52548.59999083109    527.6416937296956     27.417356127113933    25    
52549.09999083109    518.6005070173389     27.12044859420103     25    
52549.59999083109    510.004786335295      26.599824628995968    25    
52550.09999083109    501.7919906528379     26.05059206731207     25    
52550.59999083109    493.9418845586839     25.501252233185223    25    
52551.09999083109    486.3844941742562     25.167745997795357    25    
52551.59999083109    479.10644783013       24.994751958292195    25    
52552.09999083109    472.0314863552073     24.955045532566334    25    
52552.59999083109    465.15194492324594    25.05478856573625     25    
52553.09999083109    458.3864359693024     25.308376097998135    25    
52553.59999083109    451.7318446116444     25.68878805152714     25    
52554.09999083109    445.10281179015504    25.896059148468517    25    
52554.59999083109    438.49961566893694    26.143061109809345    25    
52555.09999083109    431.83408259137593    27.528630869834583    25    