53976.76691294912    0.3794837752950418    0.37948377542679973    25    
53977.26691294912    0.495959721226456     0.3729625441233394     25    
53977.76691294912    0.631063536866903     0.3623283095263903     25    
53978.26691294912    0.7883366486559331    0.48019755224431276    25    
53978.76691294912    0.9666143338490919    0.6821991434238559     25    
53979.26691294912    1.168863572845795     0.8221142548258381     25    
53979.76691294912    1.3967258118077504    0.857717185848496      25    
53980.26691294912    1.6498204468353486    0.8455865659258666     25    
53980.76691294912    1.9319876163090246    0.8376534104864788     25    
53981.26691294912    2.242430242950023     0.838398308511195      25    
53981.76691294912    2.5833570383847513    0.8386217050215277     25    
53982.26691294912    2.957282606755962     0.8380753876775412     25    
53982.76691294912    3.36322892028227      0.836853176416556      25    
53983.26691294912    3.8049671838193033    0.8348798961373459     25    
53983.76691294912    4.282435611019701     0.831978153203596      25    
53984.26691294912    4.796900822004018     0.8284624552451015     25    
53984.76691294912    5.352065364302401     0.8244165857766868     25    
53985.26691294912    5.947417798838211     0.8191995205142187     25    
53985.76691294912    6.581565991812181     0.8165817621968452     25    
53986.26691294912    7.263045331403759     0.8197227241086612     25    
53986.76691294912    7.980001601839326     0.8259927179434432     25    
53987.26691294912    8.699704841196414     0.8313522296967382     25    
53987.76691294912    9.435356334468514     0.8359598268974017     25    
53988.26691294912    10.150651479461983    0.8402618388974071     25    
53988.76691294912    10.819012767324246    0.8444429798958988     25    
53989.26691294912    11.449570789491833    0.8483247294444409     25    
53989.76691294912    11.99941061093546     0.8502004873735599     25    
53990.26691294912    12.458332268807341    0.8483660745372301     25    
53990.76691294912    12.842733429593869    0.8463563840385617     25    
53991.26691294912    13.157305624908549    0.8483605493479169     25    
53991.76691294912    13.397666357161988    0.8532684686132709     25    
53992.26691294912    13.599580719258862    0.85954785110718       25    
53992.76691294912    13.766945122182719    0.8686965446485534     25    
53993.26691294912    13.906256835174865    0.8776916646437143     25    
53993.76691294912    14.049217075175815    0.8831473807054497     25    
53994.26691294912    14.191483356207673    0.8926618140195455     25    
53994.76691294912    14.330944372902653    0.873951338497457      25    
53995.26691294912    14.472114325035076    0.7786734477166972     25    
53995.76691294912    14.610492269045293    0.6205072302045012     25    
53996.26691294912    14.731075131116826    0.5106782146689725     25    
53996.76691294912    14.837320039210045    0.5133160279602248     25    
53997.26691294912    14.920219254289663    0.5477937110813145     25    
53997.76691294912    14.969744867224504    0.5511757762803108     25    
53998.26691294912    14.98962275509905     0.5471407922349951     25    
53998.76691294912    14.973120892170966    0.5420305041557866     25    
53999.26691294912    14.919345929681619    0.5347281255306525     25    
53999.76691294912    14.828343541547124    0.5283357297848827     25    
54000.26691294912    14.698015880037708    0.530046625877983      25    
54000.76691294912    14.529022853647103    0.53956953520595       25    
54001.26691294912    14.320121788951187    0.5462122006309951     25    
54001.76691294912    14.067707459604328    0.5426555065512301     25    
54002.26691294912    13.776503286571243    0.5358295931113658     25    
54002.76691294912    13.455846153908519    0.5360225124042691     25    
54003.26691294912    13.100781679500749    0.5440028267857131     25    
54003.76691294912    12.72624605171526     0.5528638115765854     25    
54004.26691294912    12.340786241609507    0.5589016119953915     25    
54004.76691294912    11.942060906273685    0.5637444991044768     25    
54005.26691294912    11.548525361147801    0.5656175141581681     25    
54005.76691294912    11.158500678231075    0.5639388656985924     25    
54006.26691294912    10.777626838028215    0.56005060744008       25    
54006.76691294912    10.414980963736864    0.554074640908501      25    
54007.26691294912    10.067278435297098    0.5455291851052635     25    
54007.76691294912    9.742023844607704     0.5411753997106595     25    
54008.26691294912    9.439538631066117     0.5458037664698084     25    
54008.76691294912    9.1617992057722       0.5531316963792561     25    
54009.26691294912    8.915906825248252     0.5558797644200228     25    
54009.76691294912    8.701094158017105     0.5559830372500765     25    
54010.26691294912    8.514414121415399     0.5504277868703688     25    
54010.76691294912    8.35723095010852      0.5322567952026914     25    
54011.26691294912    8.226883387695025     0.5075027455616193     25    
54011.76691294912    8.113111234340261     0.495815634353799      25    
54012.26691294912    8.018743794769476     0.5015925496906013     25    
54012.76691294912    7.936577778610756     0.5106219292993672     25    
54013.26691294912    7.8600482839419       0.5131649889528129     25    
54013.76691294912    7.791606510818426     0.5132475618139752     25    
54014.26691294912    7.724767425307555     0.5107627352065869     25    
54014.76691294912    7.659140994886784     0.5032616264903418     25    
54015.26691294912    7.594330507236164     0.4957834764139144     25    
54015.76691294912    7.528306881858219     0.49603472655057285    25    
54016.26691294912    7.461844960226398     0.5027199995724206     25    
54016.76691294912    7.392675444048945     0.5085149913328351     25    
54017.26691294912    7.319938691171983     0.5107842908998398     25    
54017.76691294912    7.24409475888642      0.5113599860906365     25    
54018.26691294912    7.164564189183407     0.5093044304340851     25    
54018.76691294912    7.081067607590277     0.5023483018106791     25    
54019.26691294912    6.995128681694119     0.5005287544123639     25    
54019.76691294912    6.907382066713401     0.5145455575081201     25    
54020.26691294912    6.817715423538064     0.5362186391428366     25    
54020.76691294912    6.7278428435764415    0.5488788358819149     25    
54021.26691294912    6.638100040601447     0.5510257510603138     25    
54021.76691294912    6.547573757560863     0.548637098974683      25    
54022.26691294912    6.456241285032414     0.5434766324902031     25    
54022.76691294912    6.364180593272724     0.5346442540553703     25    
54023.26691294912    6.267615108575084     0.5310907217380203     25    
54023.76691294912    6.166740938994701     0.5378519924474661     25    
54024.26691294912    6.060157164422514     0.5477062168509792     25    
54024.76691294912    5.9444260608678325    0.5534217429892746     25    
54025.26691294912    5.8203397952581994    0.5568869296500076     25    
54025.76691294912    5.687615841707185     0.5567035574247691     25    
54026.26691294912    5.544970099430293     0.5493640123476476     25    
54026.76691294912    5.393964384722536     0.5387412718193134     25    
54027.26691294912    5.238036834759947     0.53436092145586       25    
54027.76691294912    5.07607507665344      0.5371975653727714     25    
54028.26691294912    4.910956050772636     0.5414718547981321     25    
54028.76691294912    4.744820758190479     0.5444546228299719     25    
54029.26691294912    4.576912979168658     0.547071269299294      25    
54029.76691294912    4.410030379340012     0.5448834535540281     25    
54030.26691294912    4.244220248200579     0.5339310823804699     25    
54030.76691294912    4.0797079516792385    0.5226207713495442     25    
54031.26691294912    3.9172726827911166    0.5214219419603692     25    
54031.76691294912    3.756616424383745     0.5277590757585167     25    
54032.26691294912    3.5986527418725456    0.5348735837120357     25    
54032.76691294912    3.443106210475324     0.5430891903720231     25    
54033.26691294912    3.2907772928984103    0.549796456117585      25    
54033.76691294912    3.1432628501925826    0.5490669297233914     25    
54034.26691294912    2.9996252825364826    0.5448423887833099     25    
54034.76691294912    2.863188179083683     0.5220852909689455     25    
54035.26691294912    2.735160345116233     0.4519561144545244     25    
54035.76691294912    2.6155227786818007    0.3383255610984271     25    
54036.26691294912    2.5082398813861166    0.25196711803599076    25    
54036.76691294912    2.4131083307932673    0.24709669341610743    25    
54037.26691294912    2.330316540376456     0.2675562860945096     25    
54037.76691294912    2.261440952286269     0.2646120514235015     25    
54038.26691294912    2.205797199593055     0.25716894018758535    25    
54038.76691294912    2.1587365095332864    0.25200353530989306    25    
54039.26691294912    2.120892120101498     0.2505156880822946     25    
54039.76691294912    2.089951334179503     0.2513002177322082     25    
54040.26691294912    2.0617752637212066    0.254597740646224      25    
54040.76691294912    2.0377685478696805    0.26093764226668864    25    
54041.26691294912    2.014851937182021     0.2644474683586708     25    
54041.76691294912    1.9915025092648715    0.2615261206865914     25    
54042.26691294912    1.9687190645186878    0.2555131527176486     25    
54042.76691294912    1.9464874073855853    0.2508409648681925     25    
54043.26691294912    1.924705831966548     0.2485681744655788     25    
54043.76691294912    1.9037856198036738    0.24259892431740807    25    
54044.26691294912    1.8839733428401506    0.22476750191769507    25    
54044.76691294912    1.8651761777692344    0.1982213089856266     25    
54045.26691294912    1.8476486125811853    0.18112302166293637    25    
54045.76691294912    1.8314961947182642    0.18204479123620476    25    
54046.26691294912    1.8164572467619866    0.18765662428480903    25    
54046.76691294912    1.8023561791403457    0.18676487388001625    25    
54047.26691294912    1.7892647547022507    0.18303765153451862    25    
54047.76691294912    1.7768214319027602    0.1787903024013222     25    
54048.26691294912    1.7650320807054696    0.17404609447450967    25    
54048.76691294912    1.7537763668567135    0.16923198640300588    25    
54049.26691294912    1.7427499026011302    0.16593758344836163    25    
54049.76691294912    1.7320674346216323    0.16398349556885644    25    
54050.26691294912    1.7214109314636905    0.16309547799785526    25    
54050.76691294912    1.7106851632801037    0.1618401385193555     25    
54051.26691294912    1.699873078619875     0.16209426159430368    25    
54051.76691294912    1.688623491839509     0.16955864869812678    25    
54052.26691294912    1.6770380516707224    0.18580998483201044    25    
54052.76691294912    1.6648598504312362    0.2004194919593761     25    
54053.26691294912    1.6518997896236114    0.20487213295266424    25    
54053.76691294912    1.6382194055040245    0.20439267387035262    25    
54054.26691294912    1.6234522314859205    0.21169136808923572    25    