57197.69613227457    200.5672868428048     35.069276383769875    25    
57198.19613227457    236.19936273639055    32.598809624883565    25    
57198.69613227457    273.51746859616986    35.42619640351815     25    
57199.19613227457    312.16482183241146    53.414654000669906    25    
57199.69613227457    351.9543516055885     68.61791491391358     25    
57200.19613227457    392.45275363036967    71.75567272914843     25    
57200.69613227457    433.54281141922377    70.44974344903576     25    
57201.19613227457    474.7280336784279     70.57669741224234     25    
57201.69613227457    515.9477235852378     70.7757657987185      25    
57202.19613227457    556.6555375247483     70.88130871459879     25    
57202.69613227457    596.8339636517932     70.9034170645636      25    
57203.19613227457    635.9001407174935     70.8409331892361      25    
57203.69613227457    673.8664071670529     70.70614508131436     25    
57204.19613227457    710.1393639696768     71.1355085552269      25    
57204.69613227457    744.7438789521167     71.95344189021303     25    
57205.19613227457    777.0089308622913     67.0193537288104      25    
57205.69613227457    807.0087222958864     54.24857134470217     25    
57206.19613227457    833.189756307787      47.03546639959013     25    
57206.69613227457    855.6434075682258     50.00983040906553     25    
57207.19613227457    872.5383390755364     52.55792303806494     25    
57207.69613227457    883.782870796143      53.52290018397619     25    
57208.19613227457    888.115044877501      53.62645510642902     25    
57208.69613227457    884.5970319872642     52.37558787883513     25    
57209.19613227457    876.035233052082      51.66804120108231     25    
57209.69613227457    862.3389891869875     52.33471143726136     25    
57210.19613227457    847.1771859074817     53.654743492662064    25    
57210.69613227457    831.7563764682199     56.017394711594555    25    
57211.19613227457    818.4719375754022     57.46477982382628     25    
57211.69613227457    809.9272416053608     56.63006748385156     25    
57212.19613227457    804.7854441624777     54.02669814111126     25    
57212.69613227457    803.3543165508712     48.12514623714967     25    
57213.19613227457    803.979256629647      41.48428415230782     25    
57213.69613227457    804.7661366659986     40.77496288636559     25    
57214.19613227457    805.1413467753124     42.65681158845149     25    
57214.69613227457    802.6009822040969     42.70932148338799     25    
57215.19613227457    797.7906452020188     42.33352719848476     25    
57215.69613227457    790.4661911467847     42.23344277928714     25    
57216.19613227457    781.0574685922321     42.48288421725754     25    
57216.69613227457    771.0406225407353     44.365744586441295    25    
57217.19613227457    760.3937303639552     47.11789327270977     25    
57217.69613227457    750.6961303356094     47.493704523792665    25    
57218.19613227457    741.7532058965684     46.04390962296771     25    
57218.69613227457    733.1230252916104     45.7699118086151      25    
57219.19613227457    724.8399874307264     46.58897172951672     25    
57219.69613227457    715.105382068838      48.11470333760094     25    
57220.19613227457    703.9876703697687     50.42285652362259     25    
57220.69613227457    689.8484415462509     51.49187893358021     25    
57221.19613227457    672.4372641939402     51.108607774320895    25    
57221.69613227457    652.2379469170534     49.934818952200494    25    
57222.19613227457    628.9773733325603     47.57867520059982     25    
57222.69613227457    604.389005744744      46.35264829828079     25    
57223.19613227457    578.6473504269904     47.64536304165282     25    
57223.69613227457    553.1232443279877     48.8057607928131      25    
57224.19613227457    528.3077127516468     48.80961284972802     25    
57224.69613227457    504.83435320099824    48.401447322336956    25    
57225.19613227457    483.1776610233263     47.46825908043909     25    
57225.69613227457    463.54606972794       46.79533753573222     25    
57226.19613227457    446.20981623440275    47.511839452037066    25    
57226.69613227457    431.3786099892106     48.37185593209267     25    
57227.19613227457    419.5493645616841     48.31968177613044     25    
57227.69613227457    410.4072136174125     47.60315330219175     25    
57228.19613227457    403.89160330818487    45.59053070941495     25    
57228.69613227457    399.59480839913954    43.09940798308711     25    
57229.19613227457    396.61540304074686    42.49348170232266     25    
57229.69613227457    394.85101979533437    42.95554879317259     25    
57230.19613227457    393.17639975286465    43.149225746824875    25    
57230.69613227457    391.77359518386845    43.25748044311525     25    
57231.19613227457    390.40320799310484    42.98431588790936     25    
57231.69613227457    389.1907816687195     42.389484201194385    25    
57232.19613227457    389.03144021941085    41.662374126963016    25    
57232.69613227457    389.88516361201016    40.79663449348935     25    
57233.19613227457    392.7077166704257     40.5260591918311      25    
57233.69613227457    397.50242105266653    40.90111892770619     25    
57234.19613227457    404.15329965385104    40.835133046137344    25    
57234.69613227457    412.80091137762474    40.03261598205641     25    
57235.19613227457    422.1108054426396     40.834281384552746    25    
57235.69613227457    432.0842991157725     43.92913296433001     25    
57236.19613227457    441.5168864749771     46.054820528959       25    
57236.69613227457    450.0974717504714     46.73338436952091     25    
57237.19613227457    457.7710686148639     45.97724535960303     25    
57237.69613227457    464.1580258104675     41.939111538203335    25    
57238.19613227457    470.360521669073      40.65972629498472     25    
57238.69613227457    476.6383041994631     47.526982264798896    25    
57239.19613227457    483.75838781359874    53.61638209286003     25    
57239.69613227457    492.4627036182972     54.99722050741437     25    
57240.19613227457    502.49784846821325    54.81527423687949     25    
57240.69613227457    514.2987522059858     53.83243746544454     25    
57241.19613227457    526.8329348498867     52.79771238685261     25    
57241.69613227457    539.057732528186      53.696117690164435    25    
57242.19613227457    550.5222882086141     55.37097001508114     25    
57242.69613227457    559.712752724066      56.93532434124577     25    
57243.19613227457    566.7103677324334     58.14395900492028     25    
57243.69613227457    570.4939992423114     57.86563774369761     25    
57244.19613227457    571.3929331026311     55.96158153317121     25    
57244.69613227457    569.8628272720621     49.30918181851802     25    
57245.19613227457    565.9252106625976     37.4983446365033      25    
57245.69613227457    560.182458630087      31.413091292087326    25    
57246.19613227457    552.6041886771959     32.499890407843516    25    
57246.69613227457    543.6983911667361     32.29222033607583     25    
57247.19613227457    533.4414324595641     31.03011027126184     25    
57247.69613227457    522.1208052629648     30.977657381082768    25    
57248.19613227457    509.7246313782324     32.26851190016988     25    
57248.69613227457    496.5238974169807     33.85506775239624     25    
57249.19613227457    482.50348964353395    35.85784722690807     25    
57249.69613227457    467.9984331049197     36.469986858411424    25    
57250.19613227457    452.99100711729267    35.13598079361915     25    
57250.69613227457    437.9427680269653     33.202199537253314    25    
57251.19613227457    422.9021376332975     30.92164724797696     25    
57251.69613227457    408.2853968972229     28.280283273709806    25    
57252.19613227457    394.23982648574037    24.953908798905857    25    
57252.69613227457    380.96990873835034    22.11318154065311     25    
57253.19613227457    368.69288728434094    21.49794890669477     25    
57253.69613227457    357.2775930840653     21.54390194410217     25    
57254.19613227457    346.7111130711279     20.983434420275554    25    
57254.69613227457    336.92613896788504    20.348535446536946    25    
57255.19613227457    327.85046787584264    19.71980785068546     25    
57255.69613227457    319.4484074685245     19.151171387541147    25    
57256.19613227457    311.63283444174783    18.832365914419558    25    
57256.69613227457    304.3816569983752     18.68265667794804     25    
57257.19613227457    297.5954725398634     18.550151342390272    25    
57257.69613227457    291.2631473284567     18.538386499899048    25    
57258.19613227457    285.2756419412098     18.917910822673978    25    
57258.69613227457    279.6301382297909     19.60288886526134     25    
57259.19613227457    274.21060241680834    20.06848427753936     25    
57259.69613227457    269.01988947339714    20.68345550379862     25    
57260.19613227457    263.9376137376795     23.850599070956907    25    