54038.87799652546    6585.877850369124     914.7018044590177     25    
54039.37799652546    7702.997368968941     736.0144410587167     25    
54039.87799652546    8850.248871066706     951.3225360993385     25    
54040.37799652546    10014.068485336482    1895.733848083295     25    
54040.87799652546    11181.578665284469    2513.4147981087985    25    
54041.37799652546    12338.875160829606    2589.7036303207105    25    
54041.87799652546    13473.418577304239    2528.557029687959     25    
54042.37799652546    14570.968739730144    2531.631909237665     25    
54042.87799652546    15619.319951407766    2532.2984949729866    25    
54043.37799652546    16603.90056631987     2529.6214403496833    25    
54043.87799652546    17512.834131876898    2523.9894818540406    25    
54044.37799652546    18331.221984880573    2514.8159927421257    25    
54044.87799652546    19047.512462993378    2504.0464420274293    25    
54045.37799652546    19644.794285451124    2470.6101655412526    25    
54045.87799652546    20116.601999434126    2479.8736416761394    25    
54046.37799652546    20440.077571157843    2648.8823962541455    25    
54046.87799652546    20639.06037844565     2826.303879369346     25    
54047.37799652546    20725.55953707629     2870.2732178744864    25    
54047.87799652546    20723.787181614454    2871.250407057969     25    
54048.37799652546    20663.558981931445    2885.737702920559     25    
54048.87799652546    20561.333740017042    2894.344919054475     25    
54049.37799652546    20450.64894228868     2887.7784555047806    25    
54049.87799652546    20332.23798980061     2883.3699823585134    25    
54050.37799652546    20221.065748798494    2906.025457558582     25    
54050.87799652546    20116.805321363776    2942.1769504750314    25    
54051.37799652546    20024.677116604686    2991.5578429363864    25    
54051.87799652546    19946.356427656076    3032.146056351329     25    
54052.37799652546    19888.96961876974     3079.7974281514835    25    
54052.87799652546    19845.989501276734    3011.3796985227596    25    
54053.37799652546    19813.610949093123    2446.001939265137     25    
54053.87799652546    19784.636904861618    1577.245621095507     25    
54054.37799652546    19748.00519960684     1391.3629796728317    25    
54054.87799652546    19699.696619153434    1573.272348130838     25    
54055.37799652546    19625.78068378172     1572.4664319318413    25    
54055.87799652546    19533.118252074615    1555.0067243846318    25    
54056.37799652546    19423.151087262948    1533.0443243856687    25    
54056.87799652546    19304.14402191322     1520.8662010932148    25    
54057.37799652546    19188.59515495406     1564.9857732490464    25    
54057.87799652546    19081.10487477742     1617.4463855376002    25    
54058.37799652546    18996.121660902       1639.0342614665326    25    
54058.87799652546    18931.802530937617    1595.0497827859624    25    
54059.37799652546    18893.058031491626    1302.6631265976966    25    
54059.87799652546    18876.838782222476    846.9170947251658     25    
54060.37799652546    18880.784081062004    773.4049200420296     25    
54060.87799652546    18903.118037433356    904.0643734439755     25    
54061.37799652546    18944.429113082744    914.7318339095839     25    
54061.87799652546    18992.68343718825     898.1809044579946     25    
54062.37799652546    19031.151532850738    853.6963327302893     25    
54062.87799652546    19045.522012719786    811.4078091627758     25    
54063.37799652546    19002.875937736608    866.7944920501874     25    
54063.87799652546    18894.489503924422    945.9341455111446     25    
54064.37799652546    18679.615901400877    919.6470158563161     25    
54064.87799652546    18372.431660565566    906.1040934171523     25    
54065.37799652546    17972.12595964881     1138.6955876138145    25    
54065.87799652546    17499.735750277265    1383.7781997069262    25    
54066.37799652546    16995.268366790235    1438.3706171712581    25    
54066.87799652546    16469.252447889936    1418.434918101277     25    
54067.37799652546    15966.243230581818    1414.7500783570565    25    
54067.87799652546    15486.437413286183    1403.7118949305122    25    
54068.37799652546    15056.265303156457    1369.1443738567543    25    
54068.87799652546    14672.011222116398    1328.9027042997134    25    
54069.37799652546    14339.360367168101    1330.772699531147     25    
54069.87799652546    14059.00441913287     1351.9817439812364    25    
54070.37799652546    13838.532544367094    1360.2858368095824    25    
54070.87799652546    13672.556257811157    1361.5978167837054    25    
54071.37799652546    13555.756663314494    1352.5061966247813    25    
54071.87799652546    13479.897635285699    1333.100480130712     25    
54072.37799652546    13422.749488883168    1294.143358570801     25    
54072.87799652546    13380.021712479647    1249.1895414149872    25    
54073.37799652546    13325.922446767545    1247.3963506558794    25    
54073.87799652546    13263.472242381284    1264.7805851120818    25    
54074.37799652546    13182.279383005958    1247.0349688113477    25    
54074.87799652546    13089.349602066342    1219.4378234643702    25    
54075.37799652546    12997.088230021689    1240.1003020224043    25    
54075.87799652546    12907.809975850605    1283.902890223325     25    
54076.37799652546    12836.649944926254    1310.0883512003368    25    
54076.87799652546    12781.582781956598    1321.3920112886574    25    
54077.37799652546    12748.203136376605    1305.762726723104     25    
54077.87799652546    12731.781372073401    1252.196331190064     25    
54078.37799652546    12721.92666599538     1072.3880468812831    25    
54078.87799652546    12716.930879640933    781.4454507412615     25    
54079.37799652546    12705.229279548123    686.5843709487448     25    
54079.87799652546    12686.15381911036     743.9389692965593     25    
54080.37799652546    12650.03580712445     711.9003063875241     25    
54080.87799652546    12596.86424254028     648.0296978548731     25    
54081.37799652546    12520.588078849189    643.4746093780103     25    
54081.87799652546    12420.635846350455    677.5271330690572     25    
54082.37799652546    12290.213109331642    719.2894787705227     25    
54082.87799652546    12130.450695251415    760.9361279659284     25    
54083.37799652546    11939.462935956199    746.6690529005438     25    
54083.87799652546    11720.022380625294    702.0490189357341     25    
54084.37799652546    11481.01030906763     716.379191600475      25    
54084.87799652546    11223.46620965198     761.7906895229432     25    
54085.37799652546    10957.62066622746     782.2458976484078     25    
54085.87799652546    10683.272827737335    786.3090983486258     25    
54086.37799652546    10407.506891186853    761.581338509976      25    
54086.87799652546    10128.962623385376    717.7346567200085     25    
54087.37799652546    9846.851523864148     707.4535767564219     25    
54087.87799652546    9560.935777921777     721.8527873729746     25    
54088.37799652546    9269.402190392462     752.743819443448      25    
54088.87799652546    8972.788404367982     790.5931186408992     25    
54089.37799652546    8671.484715322229     786.6240099344124     25    
54089.87799652546    8366.846709157668     752.8323746645066     25    
54090.37799652546    8065.546117782831     717.4017287035482     25    
54090.87799652546    7768.109503202417     676.001949775726      25    
54091.37799652546    7482.154006432145     624.2490820918325     25    
54091.87799652546    7207.580634908738     566.0168797694787     25    
54092.37799652546    6950.176446807474     547.3041933334608     25    
54092.87799652546    6709.091557973458     559.168946911687      25    
54093.37799652546    6484.0161815945075    554.3872120865715     25    
54093.87799652546    6274.7905042434095    539.5358726806958     25    
54094.37799652546    6080.43721029209      521.3481901985084     25    
54094.87799652546    5900.920012323834     500.0455410464909     25    
54095.37799652546    5735.298754261222     484.1062651592226     25    
54095.87799652546    5583.540724750451     473.1728340131219     25    
54096.37799652546    5444.702273209499     468.6072915803084     25    
54096.87799652546    5318.754101230864     470.68561586849006    25    
54097.37799652546    5204.749226844533     482.53423243211336    25    
54097.87799652546    5102.661601472677     502.0040476379147     25    
54098.37799652546    5011.541074873929     514.9393726854139     25    
54098.87799652546    4931.364685183493     527.6202101796363     25    
54099.37799652546    4861.1792770052825    567.2949232310501     25    