#mB  c  mBmB x1x1 cc mBx1 mBc x1c
19.457824679989233  -0.3  0.004088988082046926  0.02309026339158006  0.0022559736463904335  0.0025064239831869882  0.002928948042693784  0.0009896508579322724
19.458588524840263  0.3  0.0049481719015081185  0.020495426600069932  0.0025920534980870607  0.0020210099937972093  0.0034793050592765097  0.0006570129890793582
19.96332455264382  0.0  0.004577647196052685  0.02346616979315522  0.002459877191772894  0.0024938453705573935  0.003249408809209648  0.0009710992214331958
20.463324552643822  0.0  0.0048408869883230475  0.028011060630901037  0.002601469644340493  0.0031014352342771064  0.0034391499190085362  0.0013698469214251969
20.96332455264382  0.0  0.005341127361867671  0.03700385436390056  0.002874859628829616  0.004206206794844225  0.003801599332513041  0.002098639733863389
20.461835439860245  -0.15  0.0047599844779992306  0.031075252793928275  0.00259812801175433  0.003541617396173965  0.0034033590167965415  0.0016694473527317328
20.46225410013954  0.15  0.00497665188236487  0.025645589823139456  0.0026370884802143723  0.0027450393044959496  0.003516064992401078  0.0011296136964137956
21.457824679989233  -0.3  0.0072647168331832134  0.08409798369544122  0.0041622559624903185  0.009343312634713859  0.005329377166657088  0.005548539853232465
21.45858852484026  0.3  0.006083412196053131  0.03924502705669834  0.0031671248200193405  0.004348860238723536  0.004273470328587121  0.002168708500692929
