55800.943762284376    1.4753572843600569    0.4179302315128028     25    
55801.443762284376    1.7407386782244034    0.3949031679950101     25    
55801.943762284376    2.030568940906686     0.3878826547137684     25    
55802.443762284376    2.3463638582218045    0.4952769026154157     25    
55802.943762284376    2.6876294157363394    0.6777027639399091     25    
55803.443762284376    3.0557508033152394    0.8008609804374827     25    
55803.943762284376    3.451259897948639     0.8285070808149845     25    
55804.443762284376    3.874198946291089     0.8162250542368064     25    
55804.943762284376    4.326181576643214     0.8115702349026037     25    
55805.443762284376    4.806757445857255     0.8132466870535423     25    
55805.943762284376    5.317159312205361     0.8147786346477278     25    
55806.443762284376    5.858147491113352     0.816108768026895      25    
55806.943762284376    6.429568544264338     0.817317627154947      25    
55807.443762284376    7.033090271159015     0.8184449645479426     25    
55807.943762284376    7.668349671220915     0.8194606534201508     25    
55808.443762284376    8.336405235486607     0.8206121919133058     25    
55808.943762284376    9.039169700516942     0.824312543612209      25    
55809.443762284376    9.77577977586714      0.8292229040277673     25    
55809.943762284376    10.54328641014288     0.8227016745745981     25    
55810.443762284376    11.35267859245392     0.7948839401229227     25    
55810.943762284376    12.177212293175296    0.7654496176057445     25    
55811.443762284376    12.99276737052538     0.7593701811621534     25    
55811.943762284376    13.808637908038111    0.7701551177297135     25    
55812.443762284376    14.572250014992928    0.7812273083555841     25    
55812.943762284376    15.283253964763293    0.7889315626555808     25    
55813.443762284376    15.925665038797955    0.7959300567187151     25    
55813.943762284376    16.456818927969778    0.8009351304191487     25    
55814.443762284376    16.885652772767894    0.8039703175645354     25    
55814.943762284376    17.224575326719492    0.8068042116056802     25    
55815.443762284376    17.46681039170085     0.8100440499513316     25    
55815.943762284376    17.62778779901141     0.8132274687742329     25    
55816.443762284376    17.738367897747622    0.8166082564886579     25    
55816.943762284376    17.788513612599708    0.820472971378016      25    
55817.443762284376    17.805795662932802    0.822869066103675      25    
55817.943762284376    17.805793366032724    0.8299990213593607     25    
55818.443762284376    17.780324217351836    0.8319440380553822     25    
55818.943762284376    17.733677550398138    0.7967857852937222     25    
55819.443762284376    17.668083302230738    0.7066208941619172     25    
55819.943762284376    17.57253905905834     0.6160428293851781     25    
55820.443762284376    17.442097082588447    0.5906474872157514     25    
55820.943762284376    17.27765904482054     0.6028569494795837     25    
55821.443762284376    17.068538189985762    0.6074365498627667     25    
55821.943762284376    16.81226333184896     0.6036706348471794     25    
55822.443762284376    16.5178433958575      0.5988986939877861     25    
55822.943762284376    16.187647814428743    0.5934047691799703     25    
55823.443762284376    15.82220838518356     0.5872301213632075     25    
55823.943762284376    15.442038431715442    0.5825260539052913     25    
55824.443762284376    15.043822827499161    0.5803317048464851     25    
55824.943762284376    14.638334720249565    0.5783637612385907     25    
55825.443762284376    14.240273793008475    0.5770723152372695     25    
55825.943762284376    13.844585769356637    0.5763105577427636     25    
55826.443762284376    13.455008365575573    0.5596351063372658     25    
55826.943762284376    13.074262447687566    0.5101504274514743     25    
55827.443762284376    12.69751579859816     0.45076415463559466    25    
55827.943762284376    12.320389383207251    0.42321209500508017    25    
55828.443762284376    11.944460483139084    0.42379554570830463    25    
55828.943762284376    11.564343262627943    0.42566512073986773    25    
55829.443762284376    11.177852939034988    0.4205891725667506     25    
55829.943762284376    10.78697845992169     0.41469981877811846    25    
55830.443762284376    10.392043016079773    0.4076993079641951     25    
55830.943762284376    9.992164853388674     0.3992169285562091     25    
55831.443762284376    9.59317580242397      0.39187806418890075    25    
55831.943762284376    9.196128261115959     0.38763840462926635    25    
55832.443762284376    8.801989284704513     0.3848256056898929     25    
55832.943762284376    8.41639341623019      0.3822926319916488     25    
55833.443762284376    8.038021936308134     0.3826591755070009     25    
55833.943762284376    7.669554405607416     0.37404532772518045    25    
55834.443762284376    7.312654099479701     0.34018457138071456    25    
55834.943762284376    6.966728504701056     0.2892367191826668     25    
55835.443762284376    6.633254297164243     0.2562772904401004     25    
55835.943762284376    6.311855801962042     0.2524514499610295     25    
55836.443762284376    6.003531934008587     0.25623193522795285    25    
55836.943762284376    5.709257735781701     0.25366535840477583    25    
55837.443762284376    5.428571159509238     0.250936481367063      25    
55837.943762284376    5.161335398677763     0.24735180852429797    25    
55838.443762284376    4.907997039857278     0.24213158557272854    25    
55838.943762284376    4.667275371671078     0.23724967335848685    25    
55839.443762284376    4.438220129920259     0.23492204445679343    25    
55839.943762284376    4.221132943294944     0.23431239730460549    25    
55840.443762284376    4.0143304437493015    0.23357283369221468    25    
55840.943762284376    3.8177724843307543    0.23266586518842033    25    
55841.443762284376    3.631234841108194     0.23129406603454805    25    
55841.943762284376    3.4540322799217895    0.22997941030991906    25    
55842.443762284376    3.2863684327933576    0.22887298187046323    25    
55842.943762284376    3.1284227377069525    0.2187492524131763     25    
55843.443762284376    2.9801903331412856    0.18779410751072778    25    
55843.943762284376    2.841725555389798     0.14630998858018432    25    
55844.443762284376    2.713302784309635     0.12463957240434179    25    
55844.943762284376    2.594987145477467     0.12679396200797413    25    
55845.443762284376    2.4855596739308954    0.13088610258748512    25    
55845.943762284376    2.38536928953297      0.1283477824214528     25    
55846.443762284376    2.2933249691653317    0.12554914709910134    25    
55846.943762284376    2.206985096588        0.12464221401573125    25    
55847.443762284376    2.127193695715948     0.12563131532446373    25    
55847.943762284376    2.0514816441847112    0.12662989529505114    25    
55848.443762284376    1.978663892194878     0.1269278284401591     25    
55848.943762284376    1.909165493736824     0.1267750327498185     25    
55849.443762284376    1.8417915054680727    0.12531702817154705    25    
55849.943762284376    1.7763583602085204    0.12207412334302957    25    
55850.443762284376    1.7140973606719352    0.11907570569903429    25    
55850.943762284376    1.6554576428039647    0.1179790874252541     25    
55851.443762284376    1.600421283603292     0.11792485591502125    25    
55851.943762284376    1.5503841453527705    0.1181907233562066     25    
55852.443762284376    1.505459022119997     0.11920332771685789    25    
55852.943762284376    1.4651579615600254    0.11964366801315551    25    
55853.443762284376    1.429803142146113     0.11782188096767651    25    
55853.943762284376    1.3990556156581337    0.11453267414514119    25    
55854.443762284376    1.3700265137873844    0.11224495309780327    25    
55854.943762284376    1.3432678887234515    0.11145341179968106    25    
55855.443762284376    1.3170339461975968    0.11134326013344911    25    
55855.943762284376    1.2890494057355635    0.11172222495356855    25    
55856.443762284376    1.2600929259242046    0.11265533460922808    25    
55856.943762284376    1.2292650120152848    0.11280717918838934    25    
55857.443762284376    1.1955765484383332    0.11284903400080697    25    
55857.943762284376    1.1609150987526031    0.11098486319699423    25    
55858.443762284376    1.127119753036268     0.10288632316963628    25    
55858.943762284376    1.0934905249003715    0.08732554546464419    25    
55859.443762284376    1.0627822672165128    0.07417475817511765    25    
55859.943762284376    1.035626725817741     0.07245872725161585    25    
55860.443762284376    1.0119174404784255    0.07551455621563954    25    
55860.943762284376    0.9929163105888521    0.07558974898365516    25    
55861.443762284376    0.9786905654861923    0.07395670530192992    25    
55861.943762284376    0.9669879972710044    0.07268492977606744    25    
55862.443762284376    0.9575127866584425    0.0726016167308195     25    
55862.943762284376    0.9497623329712486    0.07311125979315065    25    
55863.443762284376    0.9413173328699381    0.0739187099237695     25    
55863.943762284376    0.9327212799123821    0.07528943875588066    25    
55864.443762284376    0.9229151286357826    0.0760886511709271     25    
55864.943762284376    0.9108353258923468    0.07532551730269291    25    
55865.443762284376    0.8972238038719974    0.07373748114566796    25    
55865.943762284376    0.882981926805043     0.07252618341235743    25    
55866.443762284376    0.8677867216875473    0.07156021353860985    25    
55866.943762284376    0.8525865118271391    0.07110803979345408    25    
55867.443762284376    0.8380465146444571    0.07174005448395626    25    
55867.943762284376    0.8239578812774889    0.07307168473795425    25    
55868.443762284376    0.8111781324756595    0.07403214626419578    25    
55868.943762284376    0.7998077388233144    0.0746341221932174     25    
55869.443762284376    0.7895801924263435    0.07486433225080827    25    
55869.943762284376    0.7804306540995841    0.07446738803013508    25    
55870.443762284376    0.7723737573885859    0.07354493417692834    25    
55870.943762284376    0.7651040740133459    0.07251391737672296    25    
55871.443762284376    0.7586611648883378    0.07134927739897215    25    
55871.943762284376    0.7528929235653291    0.07017791458795855    25    
55872.443762284376    0.7475900192513855    0.0692683244539711     25    
55872.943762284376    0.7428279752731904    0.06854940027219418    25    
55873.443762284376    0.7383119519925382    0.06800041741595896    25    
55873.943762284376    0.7340495197215382    0.06771211641560164    25    
55874.443762284376    0.7299280345977371    0.06751079551002144    25    
55874.943762284376    0.7257091884251814    0.06693023769437073    25    
55875.443762284376    0.7214795247673995    0.06588589048854247    25    
55875.943762284376    0.7169586128989293    0.06607777715981525    25    
55876.443762284376    0.7121141850695476    0.06720557172167323    25    
55876.943762284376    0.7068769837325657    0.07035103639073712    25    
55877.443762284376    0.7009836470189914    0.07735263892709111    25    