53390.77660277376    467.18813787740544    102.00648567527315    25    
53391.27660277376    554.1253633532037     98.93454441943057     25    
53391.77660277376    645.9999434146721     106.49393479966446    25    
53392.27660277376    742.1326731779056     144.72658239004673    25    
53392.77660277376    842.0531238028525     177.25909919364415    25    
53393.27660277376    944.9836408491873     183.64268347935703    25    
53393.77660277376    1050.547494260869     181.39695483282273    25    
53394.27660277376    1157.8780815859723    182.19605183205044    25    
53394.77660277376    1266.6828700076464    182.75849860487955    25    
53395.27660277376    1376.0158106071826    182.86900731993126    25    
53395.77660277376    1485.6590662621093    182.63656392283352    25    
53396.27660277376    1594.5966431317431    182.13602591721283    25    
53396.77660277376    1702.675898243179     181.5760845025888     25    
53397.27660277376    1808.9169486769836    183.07807054031144    25    
53397.77660277376    1913.0597007930728    184.19052958727394    25    
53398.27660277376    2014.04780121398      173.18553267547213    25    
53398.77660277376    2110.9414889663226    154.10607558862847    25    
53399.27660277376    2198.5032682262204    153.0462010443947     25    
53399.77660277376    2276.405694074663     164.98971049628545    25    
53400.27660277376    2337.373183494343     171.61558750928756    25    
53400.77660277376    2381.6456911726805    175.09062183473412    25    
53401.27660277376    2402.344052403885     175.4457571130805     25    
53401.77660277376    2400.2398634089823    173.11707903250573    25    
53402.27660277376    2381.901298862107     177.71839312048667    25    
53402.77660277376    2347.1410293754766    188.5011843927963     25    
53403.27660277376    2308.413923101141     200.19945711115142    25    
53403.77660277376    2265.41171169289      213.11182002208716    25    
53404.27660277376    2229.444324631474     214.54223182922175    25    
53404.77660277376    2201.2237772206367    203.4193997244108     25    
53405.27660277376    2179.979510641859     185.60557951394384    25    
53405.77660277376    2166.4316475987043    157.2112262368058     25    
53406.27660277376    2154.5487700465255    139.14819780343763    25    
53406.77660277376    2144.1632810449964    142.30356235526358    25    
53407.27660277376    2130.406606397772     147.09677888132725    25    
53407.77660277376    2112.11597026389      149.5076065882446     25    
53408.27660277376    2089.6172157034835    154.2995262202549     25    
53408.77660277376    2062.2644840420035    161.80484155294633    25    
53409.27660277376    2032.616508677851     172.0388268132305     25    
53409.77660277376    2001.0537366143888    187.90893392121532    25    
53410.27660277376    1969.342978377876     195.3733079426998     25    
53410.77660277376    1938.6750869255627    187.3969062526912     25    
53411.27660277376    1907.8014891517996    174.0330995537392     25    
53411.77660277376    1877.0383479169873    155.55301135431097    25    
53412.27660277376    1843.9640758870082    142.08297916289015    25    
53412.77660277376    1807.5783568088868    148.64894045335618    25    
53413.27660277376    1766.3090559872426    158.29976657405945    25    
53413.77660277376    1718.0912341456612    161.90620732284296    25    
53414.27660277376    1664.452837419494     161.9061279480249     25    
53414.77660277376    1605.2316816763207    154.25279996747796    25    
53415.27660277376    1542.9204450947816    146.29056369642953    25    
53415.77660277376    1479.812871097963     149.3196072270073     25    
53416.27660277376    1417.3261314522474    155.10200483869406    25    
53416.77660277376    1358.4145391237919    156.1232033373191     25    
53417.27660277376    1303.2959043546962    155.44279045776335    25    
53417.77660277376    1253.9161192211914    153.60053669853684    25    
53418.27660277376    1210.1099608932468    152.17536788993144    25    
53418.77660277376    1172.5903997407115    156.69760192241202    25    
53419.27660277376    1141.4481730275659    162.99859664177822    25    
53419.77660277376    1117.6527504381768    164.1431199410357     25    
53420.27660277376    1100.673165240725     161.49252861141903    25    
53420.77660277376    1089.8237841060338    152.36324044275355    25    
53421.27660277376    1084.565142919801     138.60515839269675    25    
53421.77660277376    1082.2802572858639    132.455331559757      25    
53422.27660277376    1082.885341409818     131.9758671854148     25    
53422.77660277376    1083.4369207388618    131.5631414744328     25    
53423.27660277376    1084.2726134552756    131.59281176189552    25    
53423.77660277376    1084.8183292208548    129.19307005441706    25    
53424.27660277376    1085.3088905803804    124.85221258434514    25    
53424.77660277376    1087.9669801737666    123.52618466462091    25    
53425.27660277376    1092.7371620137756    124.98350517469233    25    
53425.77660277376    1101.9723794670206    127.038504249128      25    
53426.27660277376    1115.6327443341247    129.7194552862857     25    
53426.77660277376    1133.500793011334     130.4505793882471     25    
53427.27660277376    1155.7456899610243    128.85262036436978    25    
53427.77660277376    1179.0810478321414    132.8578960348391     25    
53428.27660277376    1203.571505547621     143.31998154581726    25    
53428.77660277376    1226.0194183879064    149.10638441450715    25    
53429.27660277376    1246.1032082857116    149.5917654116471     25    
53429.77660277376    1263.2183432512813    145.55438381571966    25    
53430.27660277376    1276.8156628923202    134.09929185379002    25    
53430.77660277376    1289.4342168237424    131.57748964923346    25    
53431.27660277376    1301.1762665584151    144.86679350532154    25    
53431.77660277376    1314.27719312441      155.58560628335957    25    
53432.27660277376    1329.4787487522603    160.38066231394126    25    
53432.77660277376    1346.6242588125172    161.76341071501997    25    
53433.27660277376    1366.5434768512305    157.55364038294533    25    
53433.77660277376    1386.174892463031     157.06208902663892    25    
53434.27660277376    1404.9415691843342    166.5993002982648     25    
53434.77660277376    1420.3648023153357    175.99159246639525    25    
53435.27660277376    1431.1083620549405    183.0540662923495     25    
53435.77660277376    1436.428273010493     184.10397569674103    25    
53436.27660277376    1435.0232221073175    173.72451931590814    25    
53436.77660277376    1428.1767231472734    156.81155154936167    25    
53437.27660277376    1416.2833156985948    132.09662093119633    25    
53437.77660277376    1400.082889611418     106.61885480351408    25    
53438.27660277376    1380.3307785696802    101.50085095082304    25    
53438.77660277376    1357.4023699170154    104.70599203931305    25    
53439.27660277376    1332.0547561365524    101.78916810011938    25    
53439.77660277376    1304.3394182465443    100.23132784563296    25    
53440.27660277376    1274.6393480037912    105.98913724294626    25    
53440.77660277376    1243.0725720716844    114.78383125074578    25    
53441.27660277376    1209.969988942704     124.36687246155753    25    
53441.77660277376    1175.5133504206071    131.98315777524067    25    
53442.27660277376    1140.1711190833119    129.65273509077355    25    
53442.77660277376    1104.1877527792049    120.85497846724489    25    
53443.27660277376    1068.4561263036655    109.47701154643707    25    
53443.77660277376    1033.0939342869185    94.82041278124075     25    
53444.27660277376    999.1445013206642     81.42580637137141     25    
53444.77660277376    966.57901870251       69.2375908883246      25    
53445.27660277376    936.2034360246494     62.94519908409936     25    
53445.77660277376    907.8698011568273     62.65915780447308     25    
53446.27660277376    881.442100168075      61.65634983024135     25    
53446.77660277376    856.9037164577184     60.69892178261405     25    
53447.27660277376    834.0072143083647     59.61522242494397     25    
53447.77660277376    812.7573594821376     58.462445407014776    25    
53448.27660277376    792.9105688614779     57.64238111444288     25    
53448.77660277376    774.4740646842687     57.14682547050373     25    
53449.27660277376    757.2027470008643     56.654225259266816    25    
53449.77660277376    741.1044152375639     56.15065323045054     25    
53450.27660277376    725.9343318999782     56.160432377062826    25    
53450.77660277376    711.6989943154734     56.54757756035271     25    
53451.27660277376    698.1559067322696     59.06813507186704     25    
53451.77660277376    685.3083850914497     62.4655964081679      25    
53452.27660277376    672.9180546711904     76.20338027825439     25    