#mB  c  mBmB x1x1 cc mBx1 mBc x1c
21.127418561460637  -0.3  0.00046716818123698897  0.026783238196761188  0.00027870146453923283  0.0021013068191916024  0.00023267306332984134  0.0005422490299298597
21.128426937622443  0.3  0.00045211164991931953  0.015281536007063355  0.00028989126457785097  0.001250903761908485  0.00026733304880919315  0.00022467541085474159
21.633055727599736  0.0  0.0006632994877418657  0.036052413503027604  0.00037165145634888915  0.0029596011330768656  0.0003513905061527457  0.0008787303565660125
22.133055727599732  0.0  0.0011292454019663411  0.07396671395488802  0.000562906465316597  0.006117020966296613  0.0005652951610196725  0.002109972917373237
22.633055727599736  0.0  0.002225699950005302  0.1673189660149865  0.0009992071099950786  0.013889651555290462  0.0010512447063680908  0.005183511491717555
22.13150167104779  -0.15  0.0011666710484189962  0.08976511633735951  0.000561766476375021  0.007202108086645434  0.0005265754958106076  0.002454648823373407
22.13204269714399  0.15  0.0010857935670850088  0.059856885995495025  0.0005562841355950103  0.005055885130397842  0.0005836109082746769  0.00170890030071
23.127418561460637  -0.3  0.005227303086163939  0.5719569503006413  0.0017370187905714923  0.044227199882034524  0.0014235709334998188  0.015272312484394836
23.12842693762244  0.3  0.004491419674680241  0.23557702931773794  0.0020498438914872213  0.02070415515368113  0.002504623837131795  0.00827453197823725
