53981.83100119228    1.7768044179356903    0.3754263748630668     25    
53982.33100119228    2.0624908852403863    0.370134611272805      25    
53982.83100119228    2.36987856946362      0.3678734203968991     25    
53983.33100119228    2.699240969877637     0.3969339030295165     25    
53983.83100119228    3.050495115506357     0.4646883243383708     25    
53984.33100119228    3.423808399570005     0.5256350878873208     25    
53984.83100119228    3.819381008489545     0.5495616611599174     25    
53985.33100119228    4.237114758467663     0.5491749728637734     25    
53985.83100119228    4.677265568397096     0.5448183637534676     25    
53986.33100119228    5.139911436613345     0.5462402166787864     25    
53986.83100119228    5.625036716966227     0.5475032537601254     25    
53987.33100119228    6.1329253864326825    0.548413405713216      25    
53987.83100119228    6.663519157090949     0.5489589522515541     25    
53988.33100119228    7.216947893843974     0.549191194463653      25    
53988.83100119228    7.793439841196917     0.5491106721263613     25    
53989.33100119228    8.39289107276431      0.5486712939717615     25    
53989.83100119228    9.015535191942842     0.5481508736846048     25    
53990.33100119228    9.662189405504138     0.5485946542500484     25    
53990.83100119228    10.332342132280216    0.5493595729568013     25    
53991.33100119228    11.023144617450239    0.5464185469287998     25    
53991.83100119228    11.741943832873337    0.5356406427441722     25    
53992.33100119228    12.475710367835072    0.5230936595291686     25    
53992.83100119228    13.203202023575606    0.5186605982948788     25    
53993.33100119228    13.935325408148751    0.5229414715911127     25    
53993.83100119228    14.646388951535933    0.5293696193299952     25    
53994.33100119228    15.316575537590573    0.5335561420811588     25    
53994.83100119228    15.955353396097731    0.5373434261533365     25    
53995.33100119228    16.534503744273984    0.5401130102183898     25    
53995.83100119228    17.040954131832695    0.5408809558834562     25    
53996.33100119228    17.486219904704427    0.5408164669174885     25    
53996.83100119228    17.876422132200855    0.5421104927622213     25    
53997.33100119228    18.204372027784025    0.5448086165341637     25    
53997.83100119228    18.48780505770508     0.5482447212342976     25    
53998.33100119228    18.743639297527988    0.5525089749870921     25    
53998.83100119228    18.963855645992393    0.5578712203903677     25    
53999.33100119228    19.16832655447524     0.5615953676309001     25    
53999.83100119228    19.368420748239135    0.56383938700154       25    
54000.33100119228    19.556792904784718    0.5637975793545394     25    
54000.83100119228    19.732478965635313    0.5551111219067746     25    
54001.33100119228    19.899662068899666    0.5307974350637267     25    
54001.83100119228    20.049361291008175    0.5036896146468224     25    
54002.33100119228    20.17093906362907     0.49312724337608704    25    
54002.83100119228    20.269098447785442    0.49807790683334574    25    
54003.33100119228    20.333640650909885    0.5047841074074535     25    
54003.83100119228    20.35670425371046     0.5050347028963257     25    
54004.33100119228    20.342483943710082    0.5032630559599216     25    
54004.83100119228    20.292166955958134    0.5009802419974482     25    
54005.33100119228    20.203025215249664    0.4977345902157534     25    
54005.83100119228    20.080055729063076    0.4945008683319973     25    
54006.33100119228    19.931140075702302    0.49367155085222075    25    
54006.83100119228    19.753111280284482    0.4956916013054922     25    
54007.33100119228    19.55246698196719     0.49755503273524604    25    
54007.83100119228    19.334831036716533    0.4989591384730154     25    
54008.33100119228    19.097671051257205    0.5003329116411394     25    
54008.83100119228    18.844390480677372    0.4911386020699587     25    
54009.33100119228    18.57617631897886     0.45865915538998825    25    
54009.83100119228    18.292101596191923    0.41475751154710355    25    
54010.33100119228    17.992318534453307    0.3887886838503909     25    
54010.83100119228    17.67664613517901     0.3883387395810939     25    
54011.33100119228    17.345546413932396    0.3950742800951767     25    
54011.83100119228    16.998357276806704    0.39455550027307035    25    
54012.33100119228    16.634509571321978    0.39167336432270794    25    
54012.83100119228    16.26161323021977     0.38785413811966507    25    
54013.33100119228    15.879783779543551    0.3825298779703439     25    
54013.83100119228    15.4908434528566      0.37643694245887516    25    
54014.33100119228    15.10783629566977     0.3727047099397314     25    
54014.83100119228    14.72763389299952     0.3725547737990325     25    
54015.33100119228    14.35676694333542     0.37331296282808796    25    
54015.83100119228    14.00600623668026     0.3728354392838627     25    
54016.33100119228    13.671955600933961    0.37235995392559473    25    
54016.83100119228    13.357431828072198    0.3681757714502525     25    
54017.33100119228    13.06564729317242     0.35465572307020904    25    
54017.83100119228    12.79462322261329     0.3347675262003098     25    
54018.33100119228    12.541010992684539    0.32177207585710293    25    
54018.83100119228    12.305335233653057    0.3220766262191041     25    
54019.33100119228    12.086252734003153    0.32726822695258295    25    
54019.83100119228    11.880767008211519    0.32897886886403277    25    
54020.33100119228    11.690026057965284    0.32854019753446495    25    
54020.83100119228    11.511803493445113    0.32699291582114176    25    
54021.33100119228    11.344504111149542    0.32368956303458407    25    
54021.83100119228    11.188877253816667    0.31882183736278685    25    
54022.33100119228    11.04246757478027     0.31597781397236135    25    
54022.83100119228    10.905270152103888    0.31735422041196126    25    
54023.33100119228    10.776759036259502    0.3204071990553316     25    
54023.83100119228    10.654644551713373    0.32204087494110106    25    
54024.33100119228    10.539718219372835    0.32254248285960696    25    
54024.83100119228    10.430408682703414    0.32212109796391625    25    
54025.33100119228    10.32519343370763     0.3208336704951702     25    
54025.83100119228    10.224820913734714    0.3188204711950371     25    
54026.33100119228    10.127137145244152    0.3140806659202032     25    
54026.83100119228    10.031753078081536    0.30336009213139087    25    
54027.33100119228    9.938572332519081     0.2895631164145769     25    
54027.83100119228    9.845354778809911     0.28103681428057636    25    
54028.33100119228    9.752648380296515     0.28065120658818327    25    
54028.83100119228    9.659343342524338     0.2823320166468812     25    
54029.33100119228    9.56385334140321      0.2800463597355612     25    
54029.83100119228    9.466902520409368     0.27468759440589247    25    
54030.33100119228    9.366852211803518     0.27078476966946247    25    
54030.83100119228    9.263060388989047     0.2718328560007437     25    
54031.33100119228    9.155739139949505     0.27556816108457377    25    
54031.83100119228    9.043022635796426     0.27824806938560387    25    
54032.33100119228    8.924563889616381     0.2796850610111594     25    
54032.83100119228    8.800870067762164     0.28001213280027176    25    
54033.33100119228    8.671839423762354     0.27718340953799453    25    
54033.83100119228    8.536882946421228     0.2688014234562709     25    
54034.33100119228    8.398486310958358     0.26587968135426426    25    
54034.83100119228    8.257955340778075     0.2805631209514687     25    
54035.33100119228    8.114689375077443     0.3052433797475691     25    
54035.83100119228    7.971637839671304     0.32198379703732916    25    
54036.33100119228    7.829193607724564     0.3260982274779518     25    
54036.83100119228    7.687310834670857     0.32463931700759313    25    
54037.33100119228    7.547421077740301     0.3219340795528299     25    
54037.83100119228    7.409638593830575     0.31641951638292654    25    
54038.33100119228    7.2730562865186945    0.31099157794419047    25    
54038.83100119228    7.137181470807777     0.30948207333778865    25    
54039.33100119228    7.0022746923266315    0.31064551781691463    25    
54039.83100119228    6.867346794532476     0.3123727348120037     25    
54040.33100119228    6.731941314886435     0.31474241429347727    25    
54040.83100119228    6.5963976527953765    0.3171517806380053     25    
54041.33100119228    6.460723318339451     0.3169884410645042     25    
54041.83100119228    6.324335658565074     0.3178836220594776     25    
54042.33100119228    6.188656532466796     0.3112532787665614     25    
54042.83100119228    6.055049050116225     0.28083097051205913    25    
54043.33100119228    5.92282152747975      0.21635407613993313    25    
54043.83100119228    5.793845540267394     0.14273883441903154    25    
54044.33100119228    5.668976532162272     0.11526272194337892    25    
54044.83100119228    5.547825115608232     0.12775897613198273    25    
54045.33100119228    5.431583498420661     0.1349956420738058     25    
54045.83100119228    5.320597629225715     0.1316848852470405     25    
54046.33100119228    5.2142421202476354    0.12786021013006937    25    
54046.83100119228    5.112064661201454     0.1253621540363591     25    
54047.33100119228    5.014311781032583     0.12388772594422395    25    
54047.83100119228    4.920343467293562     0.12330260865230139    25    
54048.33100119228    4.829773534303657     0.12412369179869931    25    
54048.83100119228    4.742779452588515     0.12602977562666437    25    
54049.33100119228    4.658793498187631     0.12671168164272748    25    
54049.83100119228    4.577715017158207     0.125048554962173      25    
54050.33100119228    4.499610105160299     0.12248745079213781    25    
54050.83100119228    4.424344453888241     0.12051066965605171    25    
54051.33100119228    4.351955361418309     0.1182246221261894     25    
54051.83100119228    4.2823842946744755    0.11791400049781085    25    
54052.33100119228    4.215595225129548     0.12284111320939292    25    
54052.83100119228    4.151613262088745     0.1315397520165252     25    
54053.33100119228    4.090247392381393     0.13796295976261216    25    
54053.83100119228    4.0315523897082315    0.13988840679436068    25    
54054.33100119228    3.9754052273614473    0.1397307335655952     25    
54054.83100119228    3.9213871765863333    0.1390552899786482     25    
54055.33100119228    3.8696387425481564    0.13764387979956458    25    
54055.83100119228    3.8198709453402437    0.13575057103491095    25    
54056.33100119228    3.7717531132676108    0.13389179965245518    25    
54056.83100119228    3.7254478771486       0.13183119940698904    25    
54057.33100119228    3.680526235531126     0.13004749061375898    25    
54057.83100119228    3.6368629561878536    0.12886242074909673    25    
54058.33100119228    3.594479750880471     0.12809240038187214    25    
54058.83100119228    3.5529035664257114    0.1276894291194065     25    
54059.33100119228    3.5122347319077907    0.12794325333414722    25    
54059.83100119228    3.472252390304496     0.1282547457500915     25    
54060.33100119228    3.4325785625808       0.127619521862721      25    
54060.83100119228    3.3933864669881526    0.12588637028656402    25    
54061.33100119228    3.3542838219814066    0.12483575678492224    25    
54061.83100119228    3.3150727117645777    0.12500445013976721    25    
54062.33100119228    3.275836187989661     0.12624317238224342    25    
54062.83100119228    3.2360985086014864    0.13148332389416464    25    