54388.0685412078    21.775870110222833    4.095317959258732     25    
54388.5685412078    25.288594392045518    4.0313575522789336    25    
54389.0685412078    28.971968304162722    4.061380955434949     25    
54389.5685412078    32.78698652540864     4.558225207236243     25    
54390.0685412078    36.73869940195319     5.267687234640578     25    
54390.5685412078    40.77636847715612     5.606967422534836     25    
54391.0685412078    44.90854147410743     5.609099686868546     25    
54391.5685412078    49.08921831780126     5.576376778500498     25    
54392.0685412078    53.31397259113884     5.594767839761569     25    
54392.5685412078    57.55665102177073     5.611134855641133     25    
54393.0685412078    61.7874708235606      5.62379663571111      25    
54393.5685412078    66.00501459083969     5.633519792935848     25    
54394.0685412078    70.1615142418861      5.640246706091162     25    
54394.5685412078    74.26604450179184     5.643504214108679     25    
54395.0685412078    78.26887242116518     5.6480660956942       25    
54395.5685412078    82.17598925385457     5.630386162374419     25    
54396.0685412078    85.94157101016573     5.6739847631027605    25    
54396.5685412078    89.56160160391241     5.875097187269426     25    
54397.0685412078    92.98533914815606     6.121231920684326     25    
54397.5685412078    96.1037826088576      6.262122537411577     25    
54398.0685412078    98.93222756037758     6.338756058892611     25    
54398.5685412078    101.2963146846996     6.3979597154632       25    
54399.0685412078    103.21354391168697    6.442486188394517     25    
54399.5685412078    104.57792534581152    6.46233880905786      25    
54400.0685412078    105.27727450207487    6.433547393474496     25    
54400.5685412078    105.47652140025397    6.4091253024378965    25    
54401.0685412078    105.2748657147449     6.4603178255145       25    
54401.5685412078    104.70536105777354    6.55721388691802      25    
54402.0685412078    104.11321916012542    6.672818896332587     25    
54402.5685412078    103.43852500109162    6.819145601523384     25    
54403.0685412078    102.98394292039349    6.883029506370591     25    
54403.5685412078    102.8423420014935     6.8525215741881675    25    
54404.0685412078    102.91391449378746    6.705319166427206     25    
54404.5685412078    103.222896044289      6.307597835840693     25    
54405.0685412078    103.68203417373614    5.800705741273344     25    
54405.5685412078    104.08271866710652    5.636108614647494     25    
54406.0685412078    104.46196792824563    5.7561888576101605    25    
54406.5685412078    104.59401787364743    5.822316026822383     25    
54407.0685412078    104.45668841112897    5.800647218583455     25    
54407.5685412078    104.08923969751842    5.773585871368949     25    
54408.0685412078    103.45626729692894    5.748041148559096     25    
54408.5685412078    102.64227985865385    5.745167096093093     25    
54409.0685412078    101.74987927747772    5.835400349157468     25    
54409.5685412078    100.76717786413981    5.976834920167158     25    
54410.0685412078    99.8332592753027      6.027065797541464     25    
54410.5685412078    98.94861248737097     6.005174803018838     25    
54411.0685412078    98.05312126212621     5.8328966535539815    25    
54411.5685412078    97.17777351705146     5.355745354202148     25    
54412.0685412078    96.20516806193852     4.8605990276523485    25    
54412.5685412078    95.04738821872752     4.758139907649605     25    
54413.0685412078    93.69627713927896     4.855514774605319     25    
54413.5685412078    91.99170356134607     4.870836490435616     25    
54414.0685412078    89.95647254498516     4.846779188914254     25    
54414.5685412078    87.64420985913794     4.797185884630019     25    
54415.0685412078    85.0148645319539      4.699650796973118     25    
54415.5685412078    82.2385092266151      4.635351891996922     25    
54416.0685412078    79.37484367555054     4.684518902242776     25    
54416.5685412078    76.47663017491932     4.7656865637662005    25    
54417.0685412078    73.70622699903923     4.777158076252099     25    
54417.5685412078    71.03229496067887     4.748886119100172     25    
54418.0685412078    68.56139649854993     4.731306033843233     25    
54418.5685412078    66.28832082398122     4.7229955396194985    25    
54419.0685412078    64.23351022661292     4.728007188967981     25    
54419.5685412078    62.40157082562702     4.759929015827015     25    
54420.0685412078    60.80535279323118     4.7900146892410245    25    
54420.5685412078    59.47260066058182     4.791853830333135     25    
54421.0685412078    58.38788341110753     4.771908024979817     25    
54421.5685412078    57.5313346663914      4.709037774327685     25    
54422.0685412078    56.910624069245934    4.597829866512294     25    
54422.5685412078    56.44657752604208     4.531430407184101     25    
54423.0685412078    56.14327143952028     4.544319463021055     25    
54423.5685412078    55.94753330776983     4.5721784554028995    25    
54424.0685412078    55.81725260900259     4.582323064292314     25    
54424.5685412078    55.760732086997386    4.585073795228978     25    
54425.0685412078    55.74763864874984     4.570562420585619     25    
54425.5685412078    55.78564494515032     4.540546816468013     25    
54426.0685412078    55.90186456091892     4.485801839149433     25    
54426.5685412078    56.09251767958677     4.392240402143115     25    
54427.0685412078    56.379622580671615    4.3242635493052575    25    
54427.5685412078    56.781601472443015    4.3291626825451335    25    
54428.0685412078    57.2758336215504      4.352988830274453     25    
54428.5685412078    57.85729242834074     4.33238951715258      25    
54429.0685412078    58.512793234068894    4.300360420665703     25    
54429.5685412078    59.15981124723054     4.350055569905385     25    
54430.0685412078    59.81374114415416     4.4835612071020154    25    
54430.5685412078    60.39119139217178     4.57911739644293      25    
54431.0685412078    60.875074812962715    4.6144083737921315    25    
54431.5685412078    61.26448491891712     4.603441421978245     25    
54432.0685412078    61.52927065465032     4.519974253424372     25    
54432.5685412078    61.70184801745487     4.397832414333028     25    
54433.0685412078    61.83764374907437     4.321271226137494     25    
54433.5685412078    61.926783728151165    4.276980287684142     25    
54434.0685412078    62.04032314369903     4.2715598854149075    25    
54434.5685412078    62.18243202667801     4.325987539558524     25    
54435.0685412078    62.355462660778485    4.352909424043981     25    
54435.5685412078    62.58520460771456     4.271235203117545     25    
54436.0685412078    62.82689270453893     4.179372703262678     25    
54436.5685412078    63.031828393630036    4.210792576554761     25    
54437.0685412078    63.20407196466879     4.317348830188729     25    
54437.5685412078    63.267471013591745    4.416455410867996     25    
54438.0685412078    63.23124991744242     4.524558134038612     25    
54438.5685412078    63.05449178174955     4.551278347483023     25    
54439.0685412078    62.72178829323423     4.4867564945862       25    
54439.5685412078    62.242863883765345    4.289841629826274     25    
54440.0685412078    61.6164482745829      3.7773718698964993    25    
54440.5685412078    60.84411854130249     3.021631464373676     25    
54441.0685412078    59.9274361178212      2.619971766032598     25    
54441.5685412078    58.865231241459355    2.6449413604142977    25    
54442.0685412078    57.681457779744115    2.6529524792603505    25    
54442.5685412078    56.36485699136876     2.56816214629141      25    
54443.0685412078    54.96728922437412     2.504176288842444     25    
54443.5685412078    53.5074626270302      2.502260237441867     25    
54444.0685412078    52.00362276055574     2.5348001880052378    25    
54444.5685412078    50.509989796658225    2.5908307697408954    25    
54445.0685412078    49.01709528470871     2.664926953834204     25    
54445.5685412078    47.57343990656271     2.6702598161675697    25    
54446.0685412078    46.17823185841616     2.5976333918631855    25    
54446.5685412078    44.833380535465366    2.5042458713220594    25    
54447.0685412078    43.54115863626575     2.421879808211346     25    
54447.5685412078    42.301702749276856    2.3051579680963323    25    
54448.0685412078    41.11708758677282     2.0694940603677385    25    
54448.5685412078    39.98669440237681     1.7466936751291249    25    
54449.0685412078    38.91141875730012     1.5766560875643787    25    
54449.5685412078    37.89155235196636     1.5926692488446097    25    
54450.0685412078    36.921793078725926    1.6046185659531245    25    
54450.5685412078    36.002574541067055    1.5737605626273734    25    
54451.0685412078    35.12980991656396     1.5399416184886423    25    
54451.5685412078    34.30116923526401     1.5081968948382052    25    
54452.0685412078    33.51557817841576     1.480551177389305     25    
54452.5685412078    32.76818618228442     1.4695907285660934    25    
54453.0685412078    32.059800169729       1.4729061394110186    25    
54453.5685412078    31.38462255742852     1.4765965925104394    25    
54454.0685412078    30.74347306580392     1.4479632646499798    25    
54454.5685412078    30.131475535996607    1.5431811533138307    25    
54455.0685412078    29.547594041940833    1.8740145646582191    25    
54455.5685412078    28.98945750370771     2.1823969713767304    25    
54456.0685412078    28.45316027344003     2.2743870755958207    25    
54456.5685412078    27.938938642979803    2.2753532546468493    25    
54457.0685412078    27.44116893560179     2.3723734716160347    25    