#Date  :
#Flux  :
#Fluxerr  :
#ZP  :
#end  :
@INSTRUMENT  PS
@BAND  PS_i
@MAGSYS  AB
55072.5  -27.847000122070312  16.742000579833984  27.5201
55075.5  -2.6589999198913574  17.054000854492188  27.5201
55087.5  -3.6010000705718994  12.411999702453613  27.5201
55090.3984375  0.847000002861023  6.421999931335449  27.5201
55093.5  4.5229997634887695  17.8700008392334  27.5201
55096.5  4.210999965667725  7.928999900817871  27.5201
55102.3984375  14.303000450134277  24.503000259399414  27.5201
55183.19921875  6.591000080108643  9.934000015258789  27.5201
55411.6015625  -18.19499969482422  12.322999954223633  27.5201
55414.6015625  0.48399999737739563  6.896999835968018  27.5201
55417.6015625  -12.090999603271484  5.239999771118164  27.5201
55423.6015625  5.394000053405762  6.757999897003174  27.5201
55426.6015625  3.427999973297119  8.842000007629395  27.5201
55438.6015625  -2.059000015258789  7.578999996185303  27.5201
55441.5  -2.7260000705718994  5.90500020980835  27.5201
55444.5  -3.509000062942505  9.35099983215332  27.5201
55447.5  3.5810000896453857  5.686999797821045  27.5201
55453.5  -1.6829999685287476  5.501999855041504  27.5201
55456.5  3.3489999771118164  5.140999794006348  27.5201
55465.5  16.01799964904785  15.258000373840332  27.5201
55468.3984375  8.710000038146973  23.891000747680664  27.5201
55477.30078125  -4.876999855041504  3.8399999141693115  27.5201
55480.3984375  5.734000205993652  8.996000289916992  27.5201
55498.30078125  -0.125  6.383999824523926  27.5201
55501.3984375  0.4519999921321869  10.133000373840332  27.5201
55504.3984375  -1.003999948501587  10.454000473022461  27.5201
55507.30078125  -4.978000164031982  8.388999938964844  27.5201
55510.30078125  1.1540000438690186  9.616999626159668  27.5201
55534.30078125  4.260000228881836  6.448999881744385  27.5201
55765.6015625  18.924999237060547  8.758999824523926  27.5201
55768.6015625  8.520999908447266  6.216000080108643  27.5201
55774.6015625  -2.381999969482422  6.6579999923706055  27.5201
55783.6015625  -3.3510000705718994  6.5289998054504395  27.5201
55792.6015625  16.73200035095215  11.303000450134277  27.5201
55801.6015625  5.119999885559082  10.152000427246094  27.5201
55804.6015625  -2.559999942779541  6.236000061035156  27.5201
55810.6015625  -1.371999979019165  6.181000232696533  27.5201
55813.5  12.347000122070312  10.043000221252441  27.5201
55825.30078125  14.704999923706055  14.201000213623047  27.5201
55829.3984375  -2.5429999828338623  5.054999828338623  27.5201
55834.5  -21.829999923706055  8.444999694824219  27.5201
55837.30078125  27.051000595092773  15.286999702453613  27.5201
55850.3984375  2.443000078201294  5.664999961853027  27.5201
55853.3984375  -8.937999725341797  6.830999851226807  27.5201
55861.30078125  -1.6820000410079956  6.379000186920166  27.5201
55888.19921875  11.281999588012695  11.819000244140625  27.5201
55893.19921875  9.159000396728516  11.734999656677246  27.5201
56136.6015625  0.45100000500679016  7.449999809265137  27.5201
56148.5  -2.7790000438690186  6.414000034332275  27.5201
56151.6015625  -0.25099998712539673  5.123000144958496  27.5201
56154.6015625  -1.496000051498413  20.573999404907227  27.5201
56156.6015625  -19.5939998626709  9.814000129699707  27.5201
56166.5  7.313000202178955  7.988999843597412  27.5201
56204.5  9.36299991607666  8.470999717712402  27.5201
56207.5  8.130000114440918  9.29800033569336  27.5201
56210.5  -2.489000082015991  5.873000144958496  27.5201
56213.30078125  -1.281000018119812  13.656000137329102  27.5201
56215.3984375  4.65500020980835  12.753999710083008  27.5201
56221.30078125  -16.42799949645996  17.95400047302246  27.5201
56233.3984375  3.0160000324249268  5.139999866485596  27.5201
56236.3984375  5.7179999351501465  6.005000114440918  27.5201
56239.30078125  4.5  8.791000366210938  27.5201
56242.30078125  -20.82699966430664  17.295000076293945  27.5201
56247.19921875  -0.9300000071525574  9.503000259399414  27.5201
56274.19921875  4.659999847412109  23.402999877929688  27.5201
56284.19921875  12.769000053405762  11.552000045776367  27.5201
56481.6015625  -3.371999979019165  4.98799991607666  27.5201
56491.6015625  -2.447000026702881  4.798999786376953  27.5201
56505.5  3.634000062942505  8.685999870300293  27.5201
56513.6015625  7.0289998054504395  5.104000091552734  27.5201
56516.6015625  -6.178999900817871  6.084000110626221  27.5201
56520.6015625  10.614999771118164  10.907999992370605  27.5201
56532.5  -3.38100004196167  7.638999938964844  27.5201
56538.5  -2.749000072479248  7.178999900817871  27.5201
56543.6015625  -7.041999816894531  9.723999977111816  27.5201
56550.5  7.757999897003174  12.8149995803833  27.5201
56558.5  51.64699935913086  13.27400016784668  27.5201
56567.30078125  91.38899993896484  16.465999603271484  27.5201
56569.30078125  98.59600067138672  6.888000011444092  27.5201
56575.30078125  116.01499938964844  9.005999565124512  27.5201
56588.3984375  108.9520034790039  5.88100004196167  27.5201
56599.30078125  56.09700012207031  13.71500015258789  27.5201
56626.30078125  7.415999889373779  14.831000328063965  27.5201
