53401.613274556075    1.007810591758728     0.16223702076432406     25    
53402.113274556075    1.1440159140849704    0.1620407508661427      25    
53402.613274556075    1.2873404508231379    0.16196494672714826     25    
53403.113274556075    1.4368326847855       0.16402422185315374     25    
53403.613274556075    1.5926757529800444    0.16978885073667052     25    
53404.113274556075    1.7545722922536935    0.17642032613098518     25    
53404.613274556075    1.9216298699416041    0.1803033677231411      25    
53405.113274556075    2.09418324634796      0.18110871664811112     25    
53405.613274556075    2.271724350500594     0.18079153918430624     25    
53406.113274556075    2.45345922393949      0.18094480781381864     25    
53406.613274556075    2.6397954709011624    0.18128334362122672     25    
53407.113274556075    2.830053702276289     0.18158006234204505     25    
53407.613274556075    3.0235778234916064    0.18181865382726642     25    
53408.113274556075    3.220769503352099     0.1820006190574497      25    
53408.613274556075    3.4208174242932277    0.1821552194759631      25    
53409.113274556075    3.6232427453104017    0.18228108076577834     25    
53409.613274556075    3.8283624204132223    0.18236985516988635     25    
53410.113274556075    4.035272593263853     0.1825351200972211      25    
53410.613274556075    4.243844820828093     0.18168744932211        25    
53411.113274556075    4.454134603496221     0.1806245241675731      25    
53411.613274556075    4.6646617628409155    0.18387664025317632     25    
53412.113274556075    4.876559103934914     0.1952355455373729      25    
53412.613274556075    5.088292189651464     0.2093213637688401      25    
53413.113274556075    5.294920710701286     0.2185484657762477      25    
53413.613274556075    5.498069246068204     0.22155574074419693     25    
53414.113274556075    5.69513698632866      0.22203595128330741     25    
53414.613274556075    5.8801061496338605    0.222893747659347       25    
53415.113274556075    6.055033150657379     0.22401614380977883     25    
53415.613274556075    6.217014748450124     0.22483233771476457     25    
53416.113274556075    6.360923159061529     0.22518943211804654     25    
53416.613274556075    6.487177369988636     0.2248540684627119      25    
53417.113274556075    6.5984573770298285    0.22468051103066153     25    
53417.613274556075    6.695843264258816     0.22552767195734705     25    
53418.113274556075    6.777870167909383     0.2271518546380631      25    
53418.613274556075    6.850094856341705     0.22908559401029205     25    
53419.113274556075    6.9155326947237405    0.2313395509532278      25    
53419.613274556075    6.972253331993257     0.23399845835468863     25    
53420.113274556075    7.025476527493662     0.23564761415827917     25    
53420.613274556075    7.0781496646110105    0.2366515371812618      25    
53421.113274556075    7.128224859689571     0.2366431056668196      25    
53421.613274556075    7.17496274832356      0.2315317727422777      25    
53422.113274556075    7.219472923281439     0.21561868865487777     25    
53422.613274556075    7.2602623726529565    0.19359283214279244     25    
53423.113274556075    7.293409136848666     0.17870086687669712     25    
53423.613274556075    7.31975626518342      0.17741873401471733     25    
53424.113274556075    7.338035358735357     0.18175939762174814     25    
53424.613274556075    7.344780998723436     0.18351797435577236     25    
53425.113274556075    7.339875534566199     0.18315605694938264     25    
53425.613274556075    7.324761921858599     0.18246347890709652     25    
53426.113274556075    7.300080233222837     0.18185696546851024     25    
53426.613274556075    7.264688755250574     0.18102981920461864     25    
53427.113274556075    7.221876733553903     0.18064746496942105     25    
53427.613274556075    7.174183947904014     0.18164840178762692     25    
53428.113274556075    7.120042294617395     0.18395561406252667     25    
53428.613274556075    7.062745177041729     0.18577188496185018     25    
53429.113274556075    7.004560018590707     0.1865073550444109      25    
53429.613274556075    6.944233498445433     0.18664736812047006     25    
53430.113274556075    6.8824316761952975    0.18354616506022098     25    
53430.613274556075    6.819860082350932     0.17335217157251875     25    
53431.113274556075    6.755950371797291     0.15809713808734252     25    
53431.613274556075    6.689445583523431     0.14659484947324525     25    
53432.113274556075    6.620420339424188     0.14449904131379157     25    
53432.613274556075    6.5486760170740235    0.14690216990734054     25    
53433.113274556075    6.4730165268512785    0.1481692008867045      25    
53433.613274556075    6.393405903458206     0.147891265041909       25    
53434.113274556075    6.310008049985124     0.14732416686863503     25    
53434.613274556075    6.222641220591095     0.14646698190505394     25    
53435.113274556075    6.131125633167769     0.14494998101522474     25    
53435.613274556075    6.03597645166693      0.14366431602133575     25    
53436.113274556075    5.937676389046567     0.1438245550641854      25    
53436.613274556075    5.835933700469598     0.1455151172710953      25    
53437.113274556075    5.731308094021594     0.14716923999711773     25    
53437.613274556075    5.624083096328025     0.14778702191755577     25    
53438.113274556075    5.513904707975032     0.14799011886788865     25    
53438.613274556075    5.402300422004206     0.14653736652230195     25    
53439.113274556075    5.289760528962753     0.14151086297781193     25    
53439.613274556075    5.17591617708794      0.13344419494662174     25    
53440.113274556075    5.06316131047453      0.12676154169077244     25    
53440.613274556075    4.9518958774644855    0.1247025855728656      25    
53441.113274556075    4.84196935661276      0.125111947011877       25    
53441.613274556075    4.735789501059039     0.12536655529248503     25    
53442.113274556075    4.633627000901329     0.12497778012408661     25    
53442.613274556075    4.535248075374633     0.12447348420945574     25    
53443.113274556075    4.4415204127305765    0.12345532834820304     25    
53443.613274556075    4.352684105858732     0.12150351723333412     25    
53444.113274556075    4.268181471268484     0.11940589997954189     25    
53444.613274556075    4.187510731084757     0.11828903157480204     25    
53445.113274556075    4.1109224482586475    0.11827321680883654     25    
53445.613274556075    4.038000684040145     0.11859768304134259     25    
53446.113274556075    3.9682713952298383    0.11862420408440434     25    
53446.613274556075    3.902007500577504     0.11854941316919895     25    
53447.113274556075    3.838706933603767     0.1183556039853589      25    
53447.613274556075    3.7780045523339383    0.11801716523752513     25    
53448.113274556075    3.7201370005675516    0.11757976562809418     25    
53448.613274556075    3.6645345259578552    0.11677075784148781     25    
53449.113274556075    3.6109657221349982    0.11512310531344125     25    
53449.613274556075    3.5595798547410835    0.11284424142088376     25    
53450.113274556075    3.509764831841094     0.11118053540362753     25    
53450.613274556075    3.461422394073564     0.11106166167024241     25    
53451.113274556075    3.4145896362987447    0.11169867166762927     25    
53451.613274556075    3.3687263210838565    0.1118422221460565      25    
53452.113274556075    3.323873111408032     0.1108016185795221      25    
53452.613274556075    3.2799464574991246    0.1095301210972841      25    
53453.113274556075    3.2365282232664976    0.10931944647430329     25    
53453.613274556075    3.1937532038157284    0.11064205747716364     25    
53454.113274556075    3.1514204042867044    0.11235011074898839     25    
53454.613274556075    3.109141163583141     0.113294852114428       25    
53455.113274556075    3.066989793041461     0.11375544609924783     25    
53455.613274556075    3.0249732123452517    0.11363428923008326     25    
53456.113274556075    2.9829893477935845    0.1126655194057926      25    
53456.613274556075    2.9409799207712988    0.11095116566327184     25    
53457.113274556075    2.8993254696561648    0.10828503541402537     25    
53457.613274556075    2.8582509601696042    0.10387410334578265     25    
53458.113274556075    2.817605268865607     0.0974419001256603      25    
53458.613274556075    2.777796425222846     0.09205254759675385     25    
53459.113274556075    2.7390957782583474    0.09078247260520629     25    
53459.613274556075    2.7013380978514983    0.09213181901317175     25    
53460.113274556075    2.6644407330683824    0.09287389551657038     25    
53460.613274556075    2.6286349385117056    0.0913156168020526      25    
53461.113274556075    2.593654566535565     0.0889655918477378      25    
53461.613274556075    2.558652389331975     0.08750231390698279     25    
53462.113274556075    2.5237934336838967    0.08748962171926546     25    
53462.613274556075    2.4888040346960643    0.08817697684355584     25    
53463.113274556075    2.452813058569653     0.08900302302882175     25    
53463.613274556075    2.415916097900624     0.09030469453198985     25    
53464.113274556075    2.378090307138685     0.09147607349924851     25    
53464.613274556075    2.3390260560276674    0.0916502168612527      25    
53465.113274556075    2.298556703193832     0.09111604655880608     25    
53465.613274556075    2.2573566477394738    0.0895860678461881      25    
53466.113274556075    2.215958672407371     0.08620164494971465     25    
53466.613274556075    2.174017903719827     0.08035154535556871     25    
53467.113274556075    2.132272959377742     0.07478483797546567     25    
53467.613274556075    2.0912453474690658    0.07269365072868586     25    
53468.113274556075    2.050638781434716     0.07320558256608545     25    
53468.613274556075    2.0109215831164984    0.07368485061917798     25    
53469.113274556075    1.9724168398797302    0.07239508031294038     25    
53469.613274556075    1.9349167511439853    0.07041258995773197     25    
53470.113274556075    1.8982487121439968    0.06906735918601109     25    
53470.613274556075    1.8624306669087731    0.06900364389568392     25    
53471.113274556075    1.827423850798066     0.06966073601744548     25    
53471.613274556075    1.7929868234077038    0.07063066312777172     25    
53472.113274556075    1.7591170447161946    0.07230522012946759     25    
53472.613274556075    1.7258194066787136    0.07400335027783923     25    
53473.113274556075    1.692993584923213     0.07446900406309065     25    
53473.613274556075    1.660571256040276     0.0735222636861711      25    
53474.113274556075    1.6287255859432048    0.07188756868727393     25    
53474.613274556075    1.597631796977866     0.07029000210891129     25    
53475.113274556075    1.5671870552713705    0.06884130185980793     25    
53475.613274556075    1.5375803248419435    0.06663020854624399     25    
53476.113274556075    1.5089987875009436    0.06227510399181237     25    
53476.613274556075    1.4813497176980432    0.05507183761277238     25    
53477.113274556075    1.454757671231407     0.0479976605600278      25    
53477.613274556075    1.4293458979261804    0.04509378517158219     25    
53478.113274556075    1.4050608921157814    0.04554708804472201     25    
53478.613274556075    1.3818083056623847    0.04635055185097005     25    
53479.113274556075    1.3595736779863714    0.04593932244533348     25    
53479.613274556075    1.3383634488091467    0.045358429376961544    25    
53480.113274556075    1.3180494696443226    0.044752140578926666    25    
53480.613274556075    1.2986326095668939    0.04410296767597978     25    
53481.113274556075    1.2800992648477507    0.043442784369864124    25    
53481.613274556075    1.2623235627739577    0.04295615600547951     25    
53482.113274556075    1.2453349784792156    0.042672018494166686    25    
53482.613274556075    1.229087591314191     0.04254933400406279     25    
53483.113274556075    1.2134644994835972    0.04251410140220239     25    
53483.613274556075    1.198513264067576     0.04203842751423924     25    
53484.113274556075    1.1841609075527       0.042347283578933255    25    
53484.613274556075    1.1703047591174758    0.045110393848415795    25    
53485.113274556075    1.156999945676209     0.050323632796709324    25    
53485.613274556075    1.1441516929075173    0.05506363731676596     25    
53486.113274556075    1.131676821019832     0.05723031447479188     25    
53486.613274556075    1.1196275026493545    0.05756242009119108     25    
53487.113274556075    1.1078924267228798    0.0583298539710372      25    
53487.613274556075    1.0964131645349002    0.06043682541177932     25    