#Date  :
#Flux  :
#Fluxerr  :
#ZP  :
#end  :
@INSTRUMENT  PS
@BAND  PS_g
@MAGSYS  AB
54980.3984375  -21.367000579833984  13.277000427246094  27.5002
54993.30078125  -46.20600128173828  19.190000534057617  27.5002
54996.30078125  -2.875999927520752  14.038000106811523  27.5002
54999.30078125  -0.23899999260902405  15.300000190734863  27.5002
55191.6015625  1.7389999628067017  13.145000457763672  27.5002
55203.6015625  -4.146999835968018  12.78600025177002  27.5002
55209.6015625  -12.600000381469727  14.218999862670898  27.5002
55212.6015625  -6.1020002365112305  13.071999549865723  27.5002
55215.6015625  -0.628000020980835  12.48799991607666  27.5002
55221.6015625  -12.413999557495117  14.196999549865723  27.5002
55230.6015625  -26.04599952697754  19.575000762939453  27.5002
55233.5  -0.531000018119812  14.119000434875488  27.5002
55236.6015625  4.4120001792907715  12.982000350952148  27.5002
55239.5  4.0279998779296875  14.001999855041504  27.5002
55242.5  -0.31299999356269836  14.076000213623047  27.5002
55248.5  -4.271999835968018  13.531000137329102  27.5002
55251.5  15.666999816894531  18.42099952697754  27.5002
55266.5  14.444000244140625  16.125  27.5002
55269.6015625  -23.857999801635742  16.18600082397461  27.5002
55272.6015625  -3.7720000743865967  14.598999977111816  27.5002
55275.5  -8.10200023651123  13.604999542236328  27.5002
55301.30078125  12.281000137329102  17.63599967956543  27.5002
55326.3984375  13.736000061035156  13.989999771118164  27.5002
55329.3984375  -0.671999990940094  13.154999732971191  27.5002
55332.30078125  -3.5269999504089355  13.67300033569336  27.5002
55350.30078125  -0.7059999704360962  13.20300006866455  27.5002
55353.30078125  -2.5350000858306885  12.970000267028809  27.5002
55359.30078125  -12.506999969482422  19.076000213623047  27.5002
55362.30078125  19.202999114990234  13.357000350952148  27.5002
55365.30078125  -1.0859999656677246  14.501999855041504  27.5002
55596.6015625  -3.069999933242798  13.322999954223633  27.5002
55605.6015625  12.347999572753906  20.0939998626709  27.5002
55632.6015625  -19.219999313354492  13.208999633789062  27.5002
55635.5  11.430999755859375  21.764999389648438  27.5002
55650.6015625  -11.723999977111816  22.1560001373291  27.5002
55653.5  -13.21399974822998  14.362000465393066  27.5002
55662.3984375  -10.147000312805176  14.770000457763672  27.5002
55665.30078125  15.427000045776367  15.763999938964844  27.5002
55674.30078125  -6.769000053405762  12.57800006866455  27.5002
55677.3984375  3.9739999771118164  12.732000350952148  27.5002
55680.30078125  1.5950000286102295  15.170999526977539  27.5002
55692.3984375  -21.583999633789062  16.707000732421875  27.5002
55701.30078125  -9.041999816894531  13.114999771118164  27.5002
55710.30078125  -16.35099983215332  14.444000244140625  27.5002
55719.30078125  -9.3100004196167  12.538999557495117  27.5002
55722.30078125  -26.204999923706055  29.667999267578125  27.5002
55731.30078125  -3.072000026702881  19.218000411987305  27.5002
55947.6015625  -15.369000434875488  14.128000259399414  27.5002
55949.6015625  3.2890000343322754  14.96399974822998  27.5002
55952.6015625  6.395999908447266  12.486000061035156  27.5002
55955.69921875  -18.996000289916992  14.416000366210938  27.5002
55970.6015625  -19.274999618530273  18.791000366210938  27.5002
55981.6015625  -12.20300006866455  15.031000137329102  27.5002
55984.6015625  -2.118000030517578  13.284000396728516  27.5002
56000.5  2013.1500244140625  51.53300094604492  27.5002
56006.5  17437.712890625  353.0799865722656  27.5002
56029.5  19080.189453125  185.1179962158203  27.5002
56032.30078125  14929.546875  122.09300231933594  27.5002
56037.3984375  9371.91015625  64.08200073242188  27.5002
56040.30078125  7320.47509765625  43.25699996948242  27.5002
56043.30078125  5655.61376953125  47.20500183105469  27.5002
56046.5  4585.94384765625  31.718000411987305  27.5002
56059.30078125  2841.10009765625  32.8650016784668  27.5002
56062.30078125  2619.175048828125  41.63600158691406  27.5002
56065.30078125  2462.333984375  40.13100051879883  27.5002
56067.30078125  2357.35693359375  30.641000747680664  27.5002
56325.6015625  59.79499816894531  21.924999237060547  27.5002
56328.6015625  60.70399856567383  14.880999565124512  27.5002
56331.6015625  63.900001525878906  13.479999542236328  27.5002
56336.6015625  66.51599884033203  13.48900032043457  27.5002
56354.6015625  33.14500045776367  16.655000686645508  27.5002
56357.6015625  54.582000732421875  13.407999992370605  27.5002
56371.5  37.51900100708008  14.050000190734863  27.5002
56384.5  47.643001556396484  18.062999725341797  27.5002
56387.5  42.09400177001953  19.30299949645996  27.5002
56390.3984375  19.613000869750977  19.659000396728516  27.5002
56398.5  23.552000045776367  14.72599983215332  27.5002
56401.30078125  13.73900032043457  19.266000747680664  27.5002
56416.3984375  15.27299976348877  16.15399932861328  27.5002
56421.30078125  27.857999801635742  13.447999954223633  27.5002
56427.30078125  12.869000434875488  14.201000213623047  27.5002
56430.3984375  6.380000114440918  19.49799919128418  27.5002
56443.30078125  14.880000114440918  12.741000175476074  27.5002
56460.30078125  2.931999921798706  13.67300033569336  27.5002
56478.30078125  -5.513999938964844  14.901000022888184  27.5002
