56286.5065029699    187.82366881193587    50.931413585231965    25    
56287.0065029699    228.11292802400845    47.695265837713855    25    
56287.5065029699    272.5303221077416     50.94149645573678     25    
56288.0065029699    321.1410849058484     73.13637580688902     25    
56288.5065029699    373.98507004128703    91.94340114359692     25    
56289.0065029699    431.13923959214145    95.39590405556217     25    
56289.5065029699    492.632488445605      93.53160850604742     25    
56290.0065029699    558.5519679159218     93.60966750491883     25    
56290.5065029699    628.917153153729      93.75920120981773     25    
56291.0065029699    703.8238457102192     93.86263530979019     25    
56291.5065029699    783.2836399986902     93.9265172187517      25    
56292.0065029699    867.3994488080687     93.95009698861499     25    
56292.5065029699    956.1765248135223     93.9436216260384      25    
56293.0065029699    1049.820466942556     94.24626144819841     25    
56293.5065029699    1148.2204143106806    94.51169982499513     25    
56294.0065029699    1251.3681647920178    91.78571309168474     25    
56294.5065029699    1358.8676802074008    86.46843004195233     25    
56295.0065029699    1465.487628219595     84.35156384382903     25    
56295.5065029699    1571.3935826614263    85.34323497735305     25    
56296.0065029699    1669.2523128909093    86.0680560792403      25    
56296.5065029699    1759.3118437755147    86.52460587958019     25    
56297.0065029699    1835.0248982314004    86.80586424249101     25    
56297.5065029699    1895.8345737928826    86.874930814254       25    
56298.0065029699    1943.5586855941006    87.00191164313817     25    
56298.5065029699    1977.67714655194      87.21611928135033     25    
56299.0065029699    2003.0305349897192    87.48775649723235     25    
56299.5065029699    2019.8521431965676    87.86836828798802     25    
56300.0065029699    2031.9589583667146    88.17522841277923     25    
56300.5065029699    2040.5590940385378    89.40761852556213     25    
56301.0065029699    2045.3437068713627    86.37742426309615     25    
56301.5065029699    2046.8700931272117    73.34792604779527     25    
56302.0065029699    2043.4914307120894    61.01060888655062     25    
56302.5065029699    2034.7858810021355    60.29259097837732     25    
56303.0065029699    2019.8167303414414    62.13291529915084     25    
56303.5065029699    1997.5259796987527    61.95528409850777     25    
56304.0065029699    1968.9573216836604    61.66473010278827     25    
56304.5065029699    1934.1280612230503    61.275057883878006    25    
56305.0065029699    1894.4486202419416    60.93292786616069     25    
56305.5065029699    1851.13808097509      60.911048038698226    25    
56306.0065029699    1804.963596090451     60.92942631766238     25    
56306.5065029699    1757.5918982205426    61.35924840943446     25    
56307.0065029699    1708.905051682526     60.690987392345015    25    
56307.5065029699    1659.6897361782862    54.41371825049918     25    
56308.0065029699    1609.7153159131008    45.14212064292743     25    
56308.5065029699    1558.9388340643825    42.28953819878221     25    
56309.0065029699    1507.3570509303117    43.39403161994468     25    
56309.5065029699    1454.890412834195     43.236470589543124    25    
56310.0065029699    1401.6132307124024    42.81108930887151     25    
56310.5065029699    1347.736432284321     42.226281753933144    25    
56311.0065029699    1293.302951696663     41.53743421401714     25    
56311.5065029699    1238.7733434154227    41.17354162630982     25    
56312.0065029699    1184.140209733521     41.067535259435815    25    
56312.5065029699    1129.8665647193768    41.09424698151791     25    
56313.0065029699    1075.9393319355977    41.19594592901703     25    
56313.5065029699    1022.9720653878231    38.26774237768996     25    
56314.0065029699    970.9359915536048     31.33230686519843     25    
56314.5065029699    920.5662207745704     26.991295849089       25    
56315.0065029699    871.8408490518937     27.249848075794183    25    
56315.5065029699    825.4779120935707     27.49302143102847     25    
56316.0065029699    781.547946672441      27.284139635415777    25    
56316.5065029699    740.1254720396561     26.966191779432876    25    
56317.0065029699    701.310892958369      26.456248013752543    25    
56317.5065029699    664.6559683345489     26.105557571230726    25    
56318.0065029699    630.1344888237784     26.056214956821655    25    
56318.5065029699    597.3853016481133     26.02693865348521     25    
56319.0065029699    566.3001649349022     25.960576667700266    25    
56319.5065029699    536.7649885686022     25.80292032269955     25    
56320.0065029699    508.67931578843843    25.901702885842955    25    
56320.5065029699    482.11795725264324    24.815979332698248    25    
56321.0065029699    457.08983855808776    20.180539291054796    25    
56321.5065029699    433.62362046584104    14.761529557491563    25    
56322.0065029699    411.76848357028797    13.912845272283247    25    
56322.5065029699    391.45488788868875    14.675649461599034    25    
56323.0065029699    372.6785139991872     14.401803460678153    25    
56323.5065029699    355.3139015378879     14.142262577946319    25    
56324.0065029699    339.22535299817577    14.171842204592895    25    
56324.5065029699    324.34321460997984    14.300768381164293    25    
56325.0065029699    310.4979710639894     14.348055241799512    25    
56325.5065029699    297.65446967986975    14.323916383064331    25    
56326.0065029699    285.6445556043748     14.08950634656929     25    
56326.5065029699    274.4545288775917     13.742299913458623    25    
56327.0065029699    263.9391167735572     13.512222120394188    25    
56327.5065029699    254.0874702975125     13.363481028547271    25    
56328.0065029699    244.73963572980563    13.363310713590414    25    
56328.5065029699    235.9034793043439     13.453846267976687    25    
56329.0065029699    227.46642366996554    13.302296779018096    25    
56329.5065029699    219.44039911521097    12.97148561478508     25    
56330.0065029699    211.80640236809455    12.79749101832891     25    
56330.5065029699    204.56558923921818    12.75967201965861     25    
56331.0065029699    197.70140714876283    12.78679624828425     25    
56331.5065029699    191.2144440036861     12.882176269987703    25    
56332.0065029699    185.0947731455016     12.913543245526002    25    
56332.5065029699    179.34190282299238    12.924041623940365    25    
56333.0065029699    173.95870789376124    12.03993379203462     25    
56333.5065029699    168.94505533841757    9.66624379043053      25    
56334.0065029699    164.30482398361997    7.934467636254291     25    
56334.5065029699    160.04319120964698    8.074217455329382     25    
56335.0065029699    156.13220474842447    8.263759530300533     25    
56335.5065029699    152.58201207429528    8.089897890523362     25    
56336.0065029699    149.3101824817595     7.976199966440548     25    
56336.5065029699    146.3083181204322     8.001073610628435     25    
56337.0065029699    143.50243572052077    8.082010897982506     25    
56337.5065029699    140.8688000055211     8.236895568631763     25    
56338.0065029699    138.36635938550017    8.321553014588279     25    
56338.5065029699    135.96291638174986    8.216560296381061     25    
56339.0065029699    133.6664374139426     8.069718039903693     25    
56339.5065029699    131.4723272043719     7.954731760972694     25    
56340.0065029699    129.3822537412468     7.8732988371468196    25    
56340.5065029699    127.39690346515414    7.872305090046812     25    
56341.0065029699    125.5141889241884     7.903414824190701     25    
56341.5065029699    123.73393481116271    7.932299930369207     25    
56342.0065029699    122.0509685817529     7.945726671520236     25    
56342.5065029699    120.45837579282058    7.890711235665039     25    
56343.0065029699    118.95331194553444    7.80096367403123      25    
56343.5065029699    117.52695541359377    7.715772821913095     25    
56344.0065029699    116.17762128248528    7.635116891564753     25    
56344.5065029699    114.89568818700513    7.590987706214025     25    
56345.0065029699    113.68020386064917    7.573685553894781     25    
56345.5065029699    112.52088990156508    7.573080559910736     25    
56346.0065029699    111.417375468537      7.585820188190184     25    
56346.5065029699    110.35887634578476    7.566903355877336     25    
56347.0065029699    109.34545189465963    7.537103565879719     25    
56347.5065029699    108.36596330817466    7.592965873440572     25    
56348.0065029699    107.42074892752785    7.74532019211976      25    
56348.5065029699    106.49846657724564    8.287441324769302     25    