#mB  c  mBmB x1x1 cc mBx1 mBc x1c
15.519483742056064  -0.3  0.00021976310249807883  0.003551096026544544  0.00018142064152517986  0.00013314067165957292  0.00016127195965905098  4.275259973703469e-05
15.519816921508186  0.3  0.00023775402183884322  0.0033563074060645784  0.00019015028485211243  0.00011650747057144653  0.0001759057080725967  3.3379211854251203e-05
16.024741782220577  0.0  0.0002322997849130517  0.0037242781781891103  0.00018812883362847107  0.00013677750463674237  0.0001710818178628719  4.404997406034486e-05
16.524741782220577  0.0  0.00024106958713242645  0.004395313892733009  0.00019362884353374903  0.0001688386612032727  0.0001770063275499955  6.11360531011307e-05
17.024741782220577  0.0  0.00025981808720332625  0.005821958558208501  0.0002052314817618554  0.00024087627454673778  0.00018957715118689698  0.0001002210271571921
16.52336705263793  -0.15  0.00023826282013529064  0.004686384295281954  0.00019288473488188258  0.00018442376932050207  0.00017443855290902375  6.986308273154387e-05
16.523570209993824  0.15  0.00024440640785429945  0.004162218450559376  0.00019483184179935016  0.0001563784962806523  0.0001799203283596539  5.434274039902403e-05
17.519483742056067  -0.3  0.0003059977634752477  0.011193041524497013  0.0002421531634869931  0.0005077918306921958  0.00021881235726932822  0.0002436156480132926
17.519816921508188  0.3  0.0002972037455504442  0.0069643872073295865  0.00022444796709247664  0.0003029569449325259  0.00021619748344518528  0.00013326817813908478
