@INSTRUMENT MEGACAMPSF
@BAND g
@MAGSYS AB
@WEIGHTMAT weightmat_SNLS_g.dat
@X_FOCAL_PLANE -10.972665
@Y_FOCAL_PLANE -3.95685
#Date : MJD
#Flux : 
#Fluxerr : errors (but look at the weight matrix)
#ZP : 
#end
53536.54  0.19241648  0.794712472351  27.034442000000002
53551.6  0.9563688  1.08546953284  27.034442000000002
53554.59  -0.10295227  0.603572159509  27.034442000000002
53582.55  4.8568281  0.85071800167  27.034442000000002
53583.4  5.0298969  0.693815080449  27.034442000000002
53586.53  3.5595818  0.726828152207  27.034442000000002
53587.39  4.4389748  0.564789760979  27.034442000000002
53592.43  3.8654626  0.594366171241  27.034442000000002
53594.46  2.689532  0.731024869527  27.034442000000002
53609.42  2.4402027  0.680211174182  27.034442000000002
53613.43  0.52337405  0.765563982539  27.034442000000002
53617.42  -0.036957621  0.57140514988  27.034442000000002
53622.34  -0.75914614  0.703458490602  27.034442000000002
53624.39  0.47262845  0.757534945939  27.034442000000002
53639.31  0.04200219  0.761437758961  27.034442000000002
53642.29  0.40805643  0.611280614952  27.034442000000002
53648.31  -0.71551369  0.573354131619  27.034442000000002
53651.3  0.13858723  0.673581066424  27.034442000000002
53654.29  1.9338771  1.34175954165  27.034442000000002
53666.34  -0.3982672  0.806672127891  27.034442000000002
53670.23  -0.01640254  0.560262466003  27.034442000000002
53674.29  0.12030067  0.637599993725  27.034442000000002
53678.27  -0.31646982  0.686440033781  27.034442000000002
53700.2  0.36253996  0.582558280223  27.034442000000002
53705.24  0.030882606  0.584985490379  27.034442000000002
53915.56  -0.98060734  1.41571759034  27.034442000000002
53916.51  0.053775415  0.957691497744  27.034442000000002
53921.51  -1.2892258  0.997692034569  27.034442000000002
53935.56  0.30391991  0.88337765702  27.034442000000002
53939.52  -0.30168215  0.679880403313  27.034442000000002
53943.52  -0.52632697  0.633683324505  27.034442000000002
53946.45  -0.0038141864  0.903739180201  27.034442000000002
