55788.44148805649    0.7781723486248615    0.35139645169604045    25    
55788.94148805649    0.9261945441053102    0.337448277781319      25    
55789.44148805649    1.0891402253593951    0.33121714752415976    25    
55789.94148805649    1.2684656387523785    0.3994302857476786     25    
55790.44148805649    1.463708829855006     0.5356339250071265     25    
55790.94148805649    1.6758667761588817    0.6427832456233047     25    
55791.44148805649    1.9058955691757795    0.6790261147522417     25    
55791.94148805649    2.1533540207962485    0.6752869580290868     25    
55792.44148805649    2.4197178503858012    0.6678672230183398     25    
55792.94148805649    2.705111498013067     0.6694345742760002     25    
55793.44148805649    3.009779475047049     0.6705326049416681     25    
55793.94148805649    3.3351566148734184    0.6708909029962492     25    
55794.44148805649    3.680762783382246     0.6705422307197669     25    
55794.94148805649    4.047634550725405     0.6695050828175626     25    
55795.44148805649    4.436685829115264     0.6676697642748505     25    
55795.94148805649    4.8474987834013215    0.6650618478152313     25    
55796.44148805649    5.281568946129582     0.6622103158217661     25    
55796.94148805649    5.740047951083703     0.6589275503721229     25    
55797.44148805649    6.221570385233314     0.6556647503600709     25    
55797.94148805649    6.725712499715511     0.6535938302325026     25    
55798.44148805649    7.259213324662652     0.6523723047775272     25    
55798.94148805649    7.800571499897827     0.6527756256412741     25    
55799.44148805649    8.33682509149665      0.6560990752842498     25    
55799.94148805649    8.874159156777363     0.6618505856639619     25    
55800.44148805649    9.376898031602142     0.667245006027975      25    
55800.94148805649    9.84305675651248      0.6718821633742175     25    
55801.44148805649    10.266864590290064    0.6757217227274409     25    
55801.94148805649    10.617887801607273    0.6770440692581382     25    
55802.44148805649    10.896030019723764    0.6748895274970429     25    
55802.94148805649    11.115310871209521    0.6732229869746471     25    
55803.44148805649    11.278342425064869    0.6754749996254609     25    
55803.94148805649    11.383735614220337    0.6801630467136875     25    
55804.44148805649    11.463457853093963    0.6860573373339792     25    
55804.94148805649    11.517602272023426    0.6947508139277226     25    
55805.44148805649    11.553299388144687    0.7032268077695419     25    
55805.94148805649    11.598108722340548    0.707265295807951      25    
55806.44148805649    11.6483737495056      0.7123529452532873     25    
55806.94148805649    11.702415001656838    0.7010877080345937     25    
55807.44148805649    11.764080729594195    0.6452500147102279     25    
55807.94148805649    11.831554497144378    0.5464847904772345     25    
55808.44148805649    11.892450392859663    0.46844721254926275    25    
55808.94148805649    11.947376506441206    0.46267949701788585    25    
55809.44148805649    11.99275904276697     0.48707622371761494    25    
55809.94148805649    12.017967214234508    0.4946748109402395     25    
55810.44148805649    12.026133929791309    0.4916783904191947     25    
55810.94148805649    12.0119792912754      0.4863535963189336     25    
55811.44148805649    11.971399363507865    0.4797134217248541     25    
55811.94148805649    11.906167058772668    0.4713551822444943     25    
55812.44148805649    11.811415002607006    0.4675667491058251     25    
55812.94148805649    11.68720366735333     0.4726613138772531     25    
55813.44148805649    11.532522814043476    0.48004571507815597    25    
55813.94148805649    11.343009481355466    0.4816115551123655     25    
55814.44148805649    11.117221365766518    0.4781930499514761     25    
55814.94148805649    10.864563394314544    0.47282695617226556    25    
55815.44148805649    10.587533807573713    0.46594313892933664    25    
55815.94148805649    10.28579143205385     0.4574955147185495     25    
55816.44148805649    9.978804024362288     0.45321813922152243    25    
55816.94148805649    9.664497560514715     0.45665444113714576    25    
55817.44148805649    9.349808156017554     0.4621587813086674     25    
55817.94148805649    9.051295732410745     0.4631485197749213     25    
55818.44148805649    8.764370533215958     0.4605785682807337     25    
55818.94148805649    8.494622553085442     0.45621981867721284    25    
55819.44148805649    8.247182959716225     0.44947951194512126    25    
55819.94148805649    8.019468812424927     0.440902689194292      25    
55820.44148805649    7.811613209667556     0.4368532888407119     25    
55820.94148805649    7.623700116923569     0.44084027326042047    25    
55821.44148805649    7.455593204137212     0.4468838328627865     25    
55821.94148805649    7.307472075827754     0.4488940025180282     25    
55822.44148805649    7.179872015275403     0.4487820226378475     25    
55822.94148805649    7.0699679912746864    0.4439299579352975     25    
55823.44148805649    6.977165746632193     0.42834817468790826    25    
55823.94148805649    6.9013255258040225    0.4054422691473116     25    
55824.44148805649    6.836864205414811     0.3922099856511654     25    
55824.94148805649    6.784727120965129     0.396209461924396      25    
55825.44148805649    6.742443179708221     0.4055876674371535     25    
55825.94148805649    6.7054676920570335    0.4093466597319504     25    
55826.44148805649    6.675542167025396     0.4100487227977032     25    
55826.94148805649    6.649115737932181     0.40857856036703344    25    
55827.44148805649    6.62441854802738      0.40317556649836567    25    
55827.94148805649    6.602113768883485     0.3953585883146986     25    
55828.44148805649    6.579107357694572     0.39241876156454186    25    
55828.94148805649    6.5559547063871575    0.3973113900678266     25    
55829.44148805649    6.531275964256367     0.4042164435254408     25    
55829.94148805649    6.502521768941989     0.40767488536650953    25    
55830.44148805649    6.470406261576971     0.409058376561956      25    
55830.94148805649    6.434562637505743     0.4089494962909964     25    
55831.44148805649    6.394182716918459     0.4055285754448198     25    
55831.94148805649    6.349946593990358     0.4006766756927408     25    
55832.44148805649    6.303694180297002     0.4024643654906873     25    
55832.94148805649    6.255015754594172     0.41477524954711376    25    
55833.44148805649    6.20487326191401      0.42836259434726925    25    
55833.94148805649    6.15495620098445      0.4344263549718867     25    
55834.44148805649    6.104884008212        0.43536917077335285    25    
55834.94148805649    6.054110230758765     0.4333391511283718     25    
55835.44148805649    6.003221548918798     0.42691411578448846    25    
55835.94148805649    5.951435796497067     0.4179139331239442     25    
55836.44148805649    5.895608190531131     0.41533716194709785    25    
55836.94148805649    5.836519015650272     0.42229075352414797    25    
55837.44148805649    5.772389895637314     0.4313566796496007     25    
55837.94148805649    5.700570528619663     0.43634753149957023    25    
55838.44148805649    5.62195740121546      0.4393753055408234     25    
55838.94148805649    5.535626708913453     0.43899120168290484    25    
55839.44148805649    5.440556170906344     0.4313194378444213     25    
55839.94148805649    5.337631190921083     0.42014968462945       25    
55840.44148805649    5.228444611894043     0.4168990955633124     25    
55840.94148805649    5.112527102004478     0.42505809745320006    25    
55841.44148805649    4.990936327499698     0.4354654204981778     25    
55841.94148805649    4.864979500610267     0.4408270137049373     25    
55842.44148805649    4.734089696786063     0.4437227245141469     25    
55842.94148805649    4.5996689821074845    0.44271810177205484    25    
55843.44148805649    4.462135564936991     0.4340639139685961     25    
55843.94148805649    4.321414248028345     0.42156660303094645    25    
55844.44148805649    4.178617068103183     0.41574693404759683    25    
55844.94148805649    4.033437379875233     0.41860092869579224    25    
55845.44148805649    3.8865449562972385    0.42445610648478965    25    
55845.94148805649    3.7384781066535084    0.4302086653585045     25    
55846.44148805649    3.5888056087939835    0.4374821281091894     25    
55846.94148805649    3.4401343824498047    0.4396319617379512     25    
55847.44148805649    3.292155441129609     0.436420770772156      25    
55847.94148805649    3.1460812538709892    0.42603695303123756    25    
55848.44148805649    3.007033845085962     0.3954276878684038     25    
55848.94148805649    2.873423053593038     0.3251657446666698     25    
55849.44148805649    2.7487317802903477    0.23778971835350945    25    
55849.94148805649    2.637149921053161     0.19476472247547838    25    
55850.44148805649    2.5371040880662115    0.20359622924849202    25    
55850.94148805649    2.450093250496171     0.2153561014819177     25    
55851.44148805649    2.378413178308318     0.21027701979705485    25    
55851.94148805649    2.319347733474739     0.20331499164410027    25    
55852.44148805649    2.2678533082158316    0.19879478376919113    25    
55852.94148805649    2.2257506243315643    0.1967870462385376     25    
55853.44148805649    2.188950128346828     0.19663256855809755    25    
55853.94148805649    2.153272007798494     0.19914298008251388    25    
55854.44148805649    2.1204739442212728    0.204251679852993      25    
55854.94148805649    2.086874662238229     0.20678322264594082    25    
55855.44148805649    2.0507450348825453    0.20388740998492436    25    
55855.94148805649    2.013530659438607     0.19836424751964993    25    
55856.44148805649    1.9758977859299949    0.19363017270089783    25    
55856.94148805649    1.9374550827166994    0.19013797007747013    25    
55857.44148805649    1.899193814496496     0.18566364324276496    25    
55857.94148805649    1.861984706209557     0.17731702057423762    25    
55858.44148805649    1.8254530739154282    0.16536038511511453    25    
55858.94148805649    1.790490218594824     0.1566770090006595     25    
55859.44148805649    1.7574410781161804    0.1565596343690806     25    
55859.94148805649    1.726024033642411     0.16003084483928598    25    
55860.44148805649    1.6961990607659654    0.16052901708237335    25    
55860.94148805649    1.6680199858826765    0.15818885333534685    25    
55861.44148805649    1.6413289139760316    0.15497117654720183    25    
55861.94148805649    1.6160135645159297    0.15165258767763565    25    
55862.44148805649    1.5921245424868167    0.14784938599277156    25    
55862.94148805649    1.5694681186347947    0.1447767037829608     25    
55863.44148805649    1.5480422615469505    0.14292798048981306    25    
55863.94148805649    1.527800909132434     0.1419582674580499     25    
55864.44148805649    1.5085653354568964    0.14168978139562016    25    
55864.94148805649    1.4904008901464079    0.1417346835427665     25    
55865.44148805649    1.4731648241069095    0.14350334433062353    25    
55865.94148805649    1.4567506053743915    0.14879192528195176    25    
55866.44148805649    1.4412051886016803    0.1565413599864877     25    
55866.94148805649    1.42633331911685      0.16286540835021196    25    
55867.44148805649    1.4121396666746604    0.1643248221820177     25    
55867.94148805649    1.3985708952001494    0.1663557017351348     25    
55868.44148805649    1.3854515226263129    0.1754262952153384     25    