#mB  c  mBmB x1x1 cc mBx1 mBc x1c
21.34673136522716  -0.3  0.000792345148103059  0.0612973037233785  0.0006300072148375745  0.0038806168747135853  0.00020816272485385678  0.0012832099543895743
21.346109812422  0.3  0.0009121927882281641  0.04833801176938999  0.0006465555197320287  0.0035571679181697798  0.0005455680819379145  0.0016066151112460116
21.851453142517535  0.0  0.0013601657038439729  0.1029818588467925  0.0010569371747749534  0.006770351508455955  0.0005603744620163354  0.0027722113821677863
22.35145314251753  0.0  0.0026375859890602846  0.21688433190888212  0.0020346670899348716  0.014038085075919604  0.0009195835142055762  0.005996453802124692
22.851453142517535  0.0  0.0057965243761251605  0.4964907098276455  0.004428857231523231  0.03192623634076341  0.0017863885497399676  0.014113589186163842
22.35033200946632  -0.15  0.002535013876407675  0.21707562492847038  0.0019893423311487467  0.013553002848488732  0.0004529122187736788  0.005478435125687132
22.350057451490542  0.15  0.0028230906514324122  0.21261810815112936  0.0020717395334475482  0.01427392686670542  0.001342895955939117  0.006400293725668492
23.346731365227164  -0.3  0.013267816076791969  1.0996517081161823  0.009573022644270863  0.06496765499710112  -0.0018044779688333229  0.026769398396970977
23.346109812422  0.3  0.016203589324151713  1.1515007289923413  0.011002931782050994  0.07972144433079795  0.008811717495744678  0.03824447670915038
