@INSTRUMENT MOSAICII
@BAND MOSAICII_R
@MAGSYS Linear_AB11_off
#Date : MJD
#Flux : 
#Fluxerr : 
#ZP : 
#end
53641.0888  0.4166  1.0292  25.0
53654.0591  -1.134  0.7074  25.0
53682.0922  1.0059  1.2427  25.0
53698.0695  -0.0016  0.6886  25.0
53700.1607  0.5702  0.5141  25.0
53704.0898  0.3753  0.4181  25.0
53708.0745  0.0686  0.4184  25.0
53712.0835  0.4481  0.5627  25.0
53992.2895  -0.7569  0.9998  25.0
53994.209  -0.4911  0.5127  25.0
54023.2342  24.4394  0.6469  25.0
54027.2545  17.9434  0.6689  25.0
54031.2446  13.2645  0.6606  25.0
54037.2298  9.1258  0.5559  25.0
54039.2213  7.7386  0.9641  25.0
54053.0464  5.422  0.4391  25.0
54059.1957  4.0133  0.6264  25.0
54069.1909  1.0026  1.7008  25.0
54082.0806  2.7888  0.5919  25.0
54086.0638  3.0134  0.5039  25.0
54096.0561  3.448  1.1064  25.0
54112.0616  2.1716  0.7972  25.0
54351.2842  0.1563  0.4537  25.0
54354.2966  0.9682  0.6192  25.0
54377.2191  0.7005  0.5702  25.0
54381.2134  0.1972  0.4589  25.0
54389.2088  -0.0071  0.8374  25.0
54393.2198  2.69  0.7188  25.0
54407.2084  0.2843  0.9039  25.0
54421.0517  0.3743  0.5372  25.0
54423.1992  1.738  0.9732  25.0
54437.1451  -0.3664  0.6436  25.0
54441.0345  -0.4769  0.5323  25.0
54443.0405  -0.7708  0.6322  25.0
54445.0366  -1.4693  0.6247  25.0
54447.0397  -0.3129  0.4705  25.0
54449.0417  -0.6623  0.5299  25.0
54451.0765  -0.1542  1.0555  25.0
54464.0493  0.0819  0.4936  25.0
54467.0746  -0.7032  0.4834  25.0
54469.0621  -0.1477  0.4305  25.0
54472.0657  0.7141  0.5808  25.0
54474.057  -0.8568  0.7355  25.0
