53999.28061654492    0.560510542356935     0.4792520546708651     25    
53999.78061654492    0.7332487207420123    0.4233166898364378     25    
54000.28061654492    0.9352965873914364    0.4077001606264014     25    
54000.78061654492    1.1725144111580625    0.6492799986487339     25    
54001.28061654492    1.4430121999464811    0.990471519085704      25    
54001.78061654492    1.7523578224580703    1.1998169908150798     25    
54002.28061654492    2.1022708690006566    1.240637063971694      25    
54002.78061654492    2.493343434897975     1.2158067094759315     25    
54003.28061654492    2.931686083532551     1.206362977086096      25    
54003.78061654492    3.415464963638049     1.2060959701222922     25    
54004.28061654492    3.9499274733498364    1.2050276452740913     25    
54004.78061654492    4.53733589765688      1.2029132197507828     25    
54005.28061654492    5.177781742823574     1.199875034475977      25    
54005.78061654492    5.877569725933036     1.1958197575951979     25    
54006.28061654492    6.634978277377101     1.1905785062733552     25    
54006.78061654492    7.4549062543105675    1.18483211765433       25    
54007.28061654492    8.341795542871559     1.1766099361718565     25    
54007.78061654492    9.293432978058549     1.1684379069688202     25    
54008.28061654492    10.311159666700227    1.1725792196709652     25    
54008.78061654492    11.408055367047833    1.1933023517345278     25    
54009.28061654492    12.541141029971802    1.2145444822122577     25    
54009.78061654492    13.689261318926595    1.223928661408696      25    
54010.28061654492    14.854265920020282    1.2275809116637026     25    
54010.78061654492    15.963719639755663    1.231346527417565      25    
54011.28061654492    17.029713823976987    1.2361239544804101     25    
54011.78061654492    18.01424114707821     1.2393953273541165     25    
54012.28061654492    18.868025975119007    1.2385017451976497     25    
54012.78061654492    19.61053340739444     1.2347493573810593     25    
54013.28061654492    20.251740169112193    1.2344671136227627     25    
54013.78061654492    20.78031153220775     1.238832214269675      25    
54014.28061654492    21.226784432790595    1.245594867961506      25    
54014.78061654492    21.619033256964666    1.2550645752673781     25    
54015.28061654492    21.94794169465993     1.2669526985697335     25    
54015.78061654492    22.25261759955993     1.2733393462272697     25    
54016.28061654492    22.540406324241477    1.2938115214646804     25    
54016.78061654492    22.80359870999815     1.2811445535126764     25    
54017.28061654492    23.04563160934718     1.144410974393486      25    
54017.78061654492    23.266083269238333    0.8547094937930527     25    
54018.28061654492    23.444567031581737    0.579016097685524      25    
54018.78061654492    23.58148521451645     0.5425016294921104     25    
54019.28061654492    23.66974937423642     0.613813500623688      25    
54019.78061654492    23.693018606812746    0.6254164310309578     25    
54020.28061654492    23.655271691270805    0.6215858159777731     25    
54020.78061654492    23.560729732926003    0.6160380715258285     25    
54021.28061654492    23.405630819136988    0.6073260991743598     25    
54021.78061654492    23.198415631894598    0.5994759289800945     25    
54022.28061654492    22.951838759947904    0.602125815432836      25    
54022.78061654492    22.661498274176672    0.6145996024911689     25    
54023.28061654492    22.34168747936746     0.6228778460375929     25    
54023.78061654492    21.995915611253036    0.6172906941286536     25    
54024.28061654492    21.62456254751997     0.6096121931420901     25    
54024.78061654492    21.23539098854125     0.6168111364848662     25    
54025.28061654492    20.82651600630845     0.6374481397410335     25    
54025.78061654492    20.40107709984752     0.6573634798234045     25    
54026.28061654492    19.959765593484835    0.6724409219432068     25    
54026.78061654492    19.503303675359952    0.6843025584304818     25    
54027.28061654492    19.035114339212647    0.6886121566906365     25    
54027.78061654492    18.553516019665633    0.6854700541149611     25    
54028.28061654492    18.064819876700803    0.6784466359887565     25    
54028.78061654492    17.570349240782424    0.6663207090341762     25    
54029.28061654492    17.07155669981535     0.6521365171942785     25    
54029.78061654492    16.57721720374991     0.648359681547745      25    
54030.28061654492    16.08477911150784     0.6567846674228256     25    
54030.78061654492    15.601438315782326    0.6646092273048965     25    
54031.28061654492    15.13179582322986     0.6620021389434043     25    
54031.78061654492    14.67411301440795     0.6561001120263887     25    
54032.28061654492    14.231790564496805    0.6588767271175273     25    
54032.78061654492    13.805114020520985    0.6719257053459643     25    
54033.28061654492    13.392207058338984    0.6859964140381134     25    
54033.78061654492    12.99240287142323     0.6960557335082028     25    
54034.28061654492    12.605761144648636    0.7043539339564288     25    
54034.78061654492    12.230527556918496    0.7093525590650145     25    
54035.28061654492    11.867092499597199    0.7111537730948361     25    
54035.78061654492    11.51432396504071     0.7097120096741072     25    
54036.28061654492    11.171358221716014    0.7025514084271283     25    
54036.78061654492    10.838409795668152    0.6915351153399132     25    
54037.28061654492    10.513904144058015    0.6882581302954566     25    
54037.78061654492    10.198136091481118    0.696401911173828      25    
54038.28061654492    9.890179600224755     0.7063957255710268     25    
54038.78061654492    9.58884149905849      0.7114098688259476     25    
54039.28061654492    9.294590295572322     0.7140073433388022     25    
54039.78061654492    9.007688924224334     0.7128145540422941     25    
54040.28061654492    8.727548434948982     0.7108470792250852     25    
54040.78061654492    8.455712679119886     0.6998870805255362     25    
54041.28061654492    8.193547156911492     0.6634391253488915     25    
54041.78061654492    7.940604925768506     0.6030500766322622     25    
54042.28061654492    7.699037960046902     0.5604750164820516     25    
54042.78061654492    7.469665422677943     0.5586643759644859     25    
54043.28061654492    7.251124454215985     0.568747282153613      25    
54043.78061654492    7.043098474379619     0.5630798277458547     25    
54044.28061654492    6.845866190335838     0.5491305992645966     25    
54044.78061654492    6.653946605573209     0.5416923057597339     25    
54045.28061654492    6.467612891621784     0.5473352876218368     25    
54045.78061654492    6.284562050664295     0.5571224944676251     25    
54046.28061654492    6.100042301133261     0.5638690807577152     25    
54046.78061654492    5.915350534308478     0.5699017517807351     25    
54047.28061654492    5.729538146479466     0.5693783108489099     25    
54047.78061654492    5.540845240439636     0.5642026784557957     25    
54048.28061654492    5.352165533168695     0.5479195431114463     25    
54048.78061654492    5.1670799836471435    0.4996445105133871     25    
54049.28061654492    4.984297376898302     0.40585769728053495    25    
54049.78061654492    4.808308404592886     0.3177560093992994     25    
54050.28061654492    4.640442464838729     0.29986229085330823    25    
54050.78061654492    4.480443919894808     0.31599485889180723    25    
54051.28061654492    4.33043500461456      0.3127679733729249     25    
54051.78061654492    4.19039313378075      0.2968921640143711     25    
54052.28061654492    4.057976625231581     0.28502517972145947    25    
54052.78061654492    3.9328524740565713    0.28581052531655204    25    
54053.28061654492    3.81452098052457      0.2927297521736365     25    
54053.78061654492    3.700555172429385     0.3001618167568562     25    
54054.28061654492    3.591410262874903     0.3102262139166304     25    
54054.78061654492    3.486479183766446     0.31534220889652137    25    
54055.28061654492    3.384802466445516     0.31063008752684584    25    
54055.78061654492    3.2873262588336076    0.29918954209163656    25    
54056.28061654492    3.1957231705797042    0.28158276431438767    25    
54056.78061654492    3.1094445091135783    0.25262033846795007    25    
54057.28061654492    3.030136059948675     0.22686486288612231    25    
54057.78061654492    2.9589386106451454    0.22337418151674562    25    
54058.28061654492    2.895335773939829     0.23144811905728543    25    
54058.78061654492    2.8398244650692686    0.23090248389562695    25    
54059.28061654492    2.7930686822544217    0.22004477719330856    25    
54059.78061654492    2.752513563997347     0.20887195674390766    25    
54060.28061654492    2.7169869865050837    0.20409206247558534    25    
54060.78061654492    2.686589228910977     0.2029518536749416     25    
54061.28061654492    2.658104171977732     0.20503966319256672    25    
54061.78061654492    2.6319921958089023    0.21230654488155687    25    
54062.28061654492    2.6069837768224713    0.21796551598262334    25    
54062.78061654492    2.581526668026653     0.2156126345951233     25    
54063.28061654492    2.556292584379635     0.20839296989483477    25    
54063.78061654492    2.5315207315383503    0.20174480790277075    25    
54064.28061654492    2.5070870420351308    0.19545646245232975    25    
54064.78061654492    2.483355739110089     0.19070700690833936    25    
54065.28061654492    2.460662251526713     0.1902818529561625     25    
54065.78061654492    2.4388929822162613    0.1930895232386808     25    
54066.28061654492    2.4183313311894175    0.19597013555727846    25    
54066.78061654492    2.3990966810672365    0.19934018991534766    25    
54067.28061654492    2.380933473829319     0.20165978897637687    25    
54067.78061654492    2.363679841720037     0.20044150734856223    25    
54068.28061654492    2.3473886658077374    0.19649625680980548    25    
54068.78061654492    2.3317064955021696    0.1915415941970808     25    
54069.28061654492    2.316668304449246     0.18527348204579008    25    
54069.78061654492    2.302104756260411     0.17855689578022152    25    
54070.28061654492    2.287767105259724     0.17305148136034476    25    
54070.78061654492    2.2737415430074517    0.1683459072269118     25    
54071.28061654492    2.2596826879369827    0.1649618745809315     25    
54071.78061654492    2.2456038465953867    0.16554318602286264    25    
54072.28061654492    2.2313622625816376    0.16498329628008784    25    
54072.78061654492    2.216689286722023     0.153979334862917      25    
54073.28061654492    2.20167942469614      0.13134128483648022    25    
54073.78061654492    2.1859954830851804    0.11319216977201182    25    
54074.28061654492    2.1696260780212686    0.10982773865833108    25    
54074.78061654492    2.1524565447489605    0.11682050104611312    25    
54075.28061654492    2.134199842254839     0.12874400647306597    25    