54338.974811933535    7.419737162648505     1.8397854755330119     25    
54339.474811933535    8.693240357447342     1.8156441628264066     25    
54339.974811933535    10.057976056279195    1.8225079703460823     25    
54340.474811933535    11.509308590057284    1.9997933265342305     25    
54340.974811933535    13.048308777730137    2.2847694466768425     25    
54341.474811933535    14.669316801964845    2.4482675008439383     25    
54341.974811933535    16.37296435333893     2.463528841834238      25    
54342.474811933535    18.155428128436906    2.4443072738196565     25    
54342.974811933535    20.014171809443198    2.4513310789523794     25    
54343.474811933535    21.94883261127298     2.4584842287821944     25    
54343.974811933535    23.954160172380544    2.464979765466912      25    
54344.474811933535    26.031400875802387    2.470897990151507      25    
54344.974811933535    28.17515846848852     2.47656810200595       25    
54345.474811933535    30.385361948362632    2.481775573452148      25    
54345.974811933535    32.65913215982181     2.487389782723097      25    
54346.474811933535    34.99543744699144     2.5053447366355046     25    
54346.974811933535    37.39207415815931     2.5237225503102683     25    
54347.474811933535    39.83601373726773     2.473711988706747      25    
54347.974811933535    42.347453115627715    2.328752774368274      25    
54348.474811933535    44.82318025137029     2.213683100069138      25    
54348.974811933535    47.2539825060707      2.2180940586554088     25    
54349.474811933535    49.58438385347569     2.266925780321606      25    
54349.974811933535    51.69980056810611     2.292650220203489      25    
54350.474811933535    53.62580338029705     2.312125539504454      25    
54350.974811933535    55.23312685158728     2.325405772865698      25    
54351.474811933535    56.49938581840847     2.329357517894451      25    
54351.974811933535    57.4771042236445      2.3340317236517576     25    
54352.474811933535    58.16169744025658     2.346983894946484      25    
54352.974811933535    58.58843701427108     2.3635419095222043     25    
54353.474811933535    58.858543657682574    2.3819990286954114     25    
54353.974811933535    58.94860592237536     2.403629515298076      25    
54354.474811933535    58.95839643819885     2.4138957249160873     25    
54354.974811933535    58.910607637130376    2.4240144275085305     25    
54355.474811933535    58.79242098182817     2.3972036275538975     25    
54355.974811933535    58.619715954946365    2.260662124540718      25    
54356.474811933535    58.379932207255415    2.0510318971741195     25    
54356.974811933535    58.03498647771513     1.9430766390302778     25    
54357.474811933535    57.592277991925855    1.959364744481113      25    
54357.974811933535    57.02252883082077     1.9835055299390425     25    
54358.474811933535    56.30561090744459     1.9734290492708724     25    
54358.974811933535    55.463860702201465    1.9578604561583062     25    
54359.474811933535    54.508172546691036    1.9418273705815197     25    
54359.974811933535    53.43889256310285     1.924570616918082      25    
54360.474811933535    52.31331286199543     1.9181687845590616     25    
54360.974811933535    51.12265833932297     1.9281268277328207     25    
54361.474811933535    49.90760773230149     1.934045269027463      25    
54361.974811933535    48.69475244458291     1.936906056362132      25    
54362.474811933535    47.47647392153234     1.9196903829288627     25    
54362.974811933535    46.26954302319929     1.8153960192523142     25    
54363.474811933535    45.071200870320176    1.6149941951234763     25    
54363.974811933535    43.870917321737956    1.469696006447371      25    
54364.474811933535    42.66933427894759     1.4569853924059024     25    
54364.974811933535    41.46095111604683     1.4788618080001785     25    
54365.474811933535    40.239392856232676    1.4692091571687196     25    
54365.974811933535    39.00711812111147     1.4543314547008896     25    
54366.474811933535    37.763257124531556    1.433569593491235      25    
54366.974811933535    36.507093749291435    1.4046036589446014     25    
54367.474811933535    35.24477301374555     1.3842413767390724     25    
54367.974811933535    33.976557936940615    1.3837444391168594     25    
54368.474811933535    32.70539326555496     1.387979497862828      25    
54368.974811933535    31.434785287253142    1.3908865368049703     25    
54369.474811933535    30.164709729761558    1.38979441401013       25    
54369.974811933535    28.905934713384664    1.3278964991448516     25    
54370.474811933535    27.65561664369274     1.1689534122501268     25    
54370.974811933535    26.426247965268946    1.017514494596348      25    
54371.474811933535    25.221567064276012    0.9802929811050709     25    
54371.974811933535    24.045095548549494    0.9941713114899173     25    
54372.474811933535    22.909659931568527    0.9899173673611092     25    
54372.974811933535    21.81238446624927     0.9827528165671209     25    
54373.474811933535    20.759822769344606    0.9690344473307392     25    
54373.974811933535    19.75313294223516     0.9435376264856479     25    
54374.474811933535    18.7907495054796      0.91923443509194       25    
54374.974811933535    17.872558678404733    0.9081309862024999     25    
54375.474811933535    16.99841640148179     0.903737068714726      25    
54375.974811933535    16.167741415928194    0.8990782590234732     25    
54376.474811933535    15.380813015532823    0.8954316124246816     25    
54376.974811933535    14.635669310672146    0.8890888230148807     25    
54377.474811933535    13.932656946601242    0.8878165024308287     25    
54377.974811933535    13.26985008979471     0.8694961448285019     25    
54378.474811933535    12.645254030070506    0.7889615152662243     25    
54378.974811933535    12.059089567257601    0.655908009667154      25    
54379.474811933535    11.508155000243944    0.5751570587016708     25    
54379.974811933535    10.99351033333652     0.5797045702633885     25    
54380.474811933535    10.51028744512844     0.5934780627908595     25    
54380.974811933535    10.05817252900415     0.5819746680787239     25    
54381.474811933535    9.63408151122101      0.5692721547743573     25    
54381.974811933535    9.23200882285726      0.5687201206890016     25    
54382.474811933535    8.853263628007724     0.5768132060987247     25    
54382.974811933535    8.489846917262142     0.5818431101870811     25    
54383.474811933535    8.141449346900746     0.5838757451110647     25    
54383.974811933535    7.807464390284651     0.5807100873761473     25    
54384.474811933535    7.485232538231233     0.5685634180525916     25    
54384.974811933535    7.177574169482646     0.5496923133317879     25    
54385.474811933535    6.889296309656604     0.5253135706022921     25    
54385.974811933535    6.619217951435376     0.49287048266106864    25    
54386.474811933535    6.3730944638123885    0.4719270036660257     25    
54386.974811933535    6.152823069486455     0.4751764891418596     25    
54387.474811933535    5.95603700608755      0.48239182856203017    25    
54387.974811933535    5.784099310524725     0.47467477779634853    25    
54388.474811933535    5.634326709928273     0.4609023992379043     25    
54388.974811933535    5.494515383256055     0.4554274068692281     25    
54389.474811933535    5.367456554472174     0.4585683701368474     25    
54389.974811933535    5.241219849774102     0.4639050241951903     25    
54390.474811933535    5.111807588218415     0.47170869264774473    25    
54390.974811933535    4.979351913682442     0.47809412892964714    25    
54391.474811933535    4.837992722200605     0.47797505238528093    25    
54391.974811933535    4.689913289597335     0.47213854871640054    25    
54392.474811933535    4.544468658987865     0.4462326806904553     25    
54392.974811933535    4.39987587748264      0.38458585218593905    25    
54393.474811933535    4.264153352656785     0.3237302694818531     25    
54393.974811933535    4.142088845477696     0.31126845030346867    25    
54394.474811933535    4.032746737438738     0.3214073465049379     25    
54394.974811933535    3.941094837493553     0.3178120428717615     25    
54395.474811933535    3.8665128911014848    0.3065671451400016     25    
54395.974811933535    3.801266502096821     0.30247333324686415    25    
54396.474811933535    3.7462276363895493    0.30986345156529593    25    
54396.974811933535    3.6959825115409912    0.32118014489502866    25    
54397.474811933535    3.6455221472343995    0.3345218450959321     25    
54397.974811933535    3.5958032425686977    0.3478336076487344     25    
54398.474811933535    3.5415897225842685    0.34888193564482767    25    
54398.974811933535    3.483008808090413     0.33765876492717717    25    
54399.474811933535    3.4231460990157547    0.3242816251861036     25    
54399.974811933535    3.3618919309411774    0.31107693709079       25    
54400.474811933535    3.3010229707580847    0.2981204756014967     25    
54400.974811933535    3.243107712774719     0.2886889095000499     25    
54401.474811933535    3.187572954420397     0.28213701364097576    25    
54401.974811933535    3.136836309240905     0.2791833867720555     25    
54402.474811933535    3.0910641206148086    0.28121764679674643    25    
54402.974811933535    3.0494067360698542    0.28241104243460957    25    
54403.474811933535    3.0118376963922597    0.27902721351411547    25    
54403.974811933535    2.977998965397087     0.27374298730449936    25    
54404.474811933535    2.9470880915540807    0.26834680694424073    25    
54404.974811933535    2.919290591282016     0.2623889876402729     25    
54405.474811933535    2.8936279235282036    0.25774322666362504    25    
54405.974811933535    2.8702086652388923    0.2549057256071676     25    
54406.474811933535    2.848372698693305     0.2531747613788669     25    
54406.974811933535    2.827680238889056     0.251093613560905      25    
54407.474811933535    2.8080696079334317    0.2505567305482001     25    
54407.974811933535    2.7886323638538397    0.2571764592666673     25    
54408.474811933535    2.769584079747821     0.2703886114515511     25    
54408.974811933535    2.7499920917545855    0.2830585096160639     25    
54409.474811933535    2.729843165757824     0.28679621050535437    25    
54409.974811933535    2.7086405965211724    0.3002124578700679     25    
54410.474811933535    2.6857739175847684    0.33147530646118956    25    