54376.915058502804    2.211821011733657     0.27266060457463215    25    
54377.415058502804    2.5440221317550247    0.2723710818435952     25    
54377.915058502804    2.895218070171883     0.27291424886385385    25    
54378.415058502804    3.262972277761256     0.2799158603208064     25    
54378.915058502804    3.6480855043985536    0.294723985773979      25    
54379.415058502804    4.048573623323792     0.30773463062379636    25    
54379.915058502804    4.463227999219515     0.3122488161414201     25    
54380.415058502804    4.892399949420578     0.3122627817330604     25    
54380.915058502804    5.333450239440609     0.3124985571083782     25    
54381.415058502804    5.786846636222279     0.3135312336706589     25    
54381.915058502804    6.251223926934925     0.3144700782007661     25    
54382.415058502804    6.724718368534751     0.3152686933950022     25    
54382.915058502804    7.208086648883378     0.3159414025913456     25    
54383.415058502804    7.6988198311638065    0.31658551153389136    25    
54383.915058502804    8.196719716453234     0.3171354337849616     25    
54384.415058502804    8.701206497316653     0.31773932216686307    25    
54384.915058502804    9.210069023171846     0.31798333351454133    25    
54385.415058502804    9.724499868588891     0.3159012778846062     25    
54385.915058502804    10.24074782388792     0.3202262371043675     25    
54386.415058502804    10.759885408607278    0.3403647560880792     25    
54386.915058502804    11.27942472514827     0.3675726026582115     25    
54387.415058502804    11.782619157998296    0.38494144689758053    25    
54387.915058502804    12.274625256167752    0.3909033852329984     25    
54388.415058502804    12.741856416559724    0.3930957763995003     25    
54388.915058502804    13.169274658191966    0.3963007520264082     25    
54389.415058502804    13.562722003871286    0.39894190062362445    25    
54389.915058502804    13.904161835787848    0.4006619060703472     25    
54390.415058502804    14.185114570834813    0.40050686458309775    25    
54390.915058502804    14.41483553005335     0.40011561106427695    25    
54391.415058502804    14.599294630367337    0.4024370931638693     25    
54391.915058502804    14.733700476397829    0.40722923491520624    25    
54392.415058502804    14.836789091082627    0.4127634113048454     25    
54392.915058502804    14.915956312557938    0.4192528581969882     25    
54393.415058502804    14.970093623824054    0.42587008990090175    25    
54393.915058502804    15.018597589143614    0.4285099194135446     25    
54394.415058502804    15.061748135320684    0.4290117152307212     25    
54394.915058502804    15.097333783819323    0.42265765701711056    25    
54395.415058502804    15.127695515309057    0.3991663854114709     25    
54395.915058502804    15.152077876933108    0.35892827674785477    25    
54396.415058502804    15.161946691515563    0.329412940013137      25    
54396.915058502804    15.157473002497445    0.32833869571353314    25    
54397.415058502804    15.136159670766839    0.3378649672034117     25    
54397.915058502804    15.090904862421365    0.33988698383022475    25    
54398.415058502804    15.022854018643283    0.33773685465444686    25    
54398.915058502804    14.934187095980512    0.3349872636940635     25    
54399.415058502804    14.823905150844926    0.33194600569017413    25    
54399.915058502804    14.693920387578524    0.3289885425505792     25    
54400.415058502804    14.55107123653192     0.3294891678599672     25    
54400.915058502804    14.39350625432628     0.33495298155576886    25    
54401.415058502804    14.225748102126996    0.3399185207559851     25    
54401.915058502804    14.05241509902982     0.34110250874585024    25    
54402.415058502804    13.871683487321555    0.3397800099257108     25    
54402.915058502804    13.685406415526023    0.3303445522728688     25    
54403.415058502804    13.494388440266073    0.30463012844577014    25    
54403.915058502804    13.297379117489468    0.2741233855585769     25    
54404.415058502804    13.093376556250439    0.26074125759616373    25    
54404.915058502804    12.882764772975875    0.26357751882381947    25    
54405.415058502804    12.664500051136923    0.26780414061771435    25    
54405.915058502804    12.43768669365331     0.26713483343567096    25    
54406.415058502804    12.203173553298587    0.26557509621383096    25    
54406.915058502804    11.962051048161454    0.26298053471702804    25    
54407.415058502804    11.71350446549062     0.2583952696111528     25    
54407.915058502804    11.46003144801792     0.2550672163976417     25    
54408.415058502804    11.203169504451994    0.2567981326288383     25    
54408.915058502804    10.942418121559372    0.26160077569906803    25    
54409.415058502804    10.680884873936204    0.26422002990298654    25    
54409.915058502804    10.41843823813361     0.2645607406231912     25    
54410.415058502804    10.155816935382823    0.2622722360044338     25    
54410.915058502804    9.894608393837954     0.2543187624966042     25    
54411.415058502804    9.634275084895242     0.2400606903637194     25    
54411.915058502804    9.375770653991106     0.22861442775595686    25    
54412.415058502804    9.119223393988435     0.2263781159527317     25    
54412.915058502804    8.864821037658334     0.22818694331551184    25    
54413.415058502804    8.613508143208549     0.2283070039962849     25    
54413.915058502804    8.364849439083223     0.22751213202117604    25    
54414.415058502804    8.120100310669663     0.22558210951374072    25    
54414.915058502804    7.879835578165718     0.22094259565126628    25    
54415.415058502804    7.643968570472934     0.21455629427299838    25    
54415.915058502804    7.41451593287369      0.2106183970613651     25    
54416.415058502804    7.191111203991038     0.21052486775590046    25    
54416.915058502804    6.974787092754441     0.21154984954423287    25    
54417.415058502804    6.767221229638328     0.21150602368420984    25    
54417.915058502804    6.567922857205603     0.21109908618091167    25    
54418.415058502804    6.376374128920089     0.20995317390660642    25    
54418.915058502804    6.193312517017442     0.20757500659210623    25    
54419.415058502804    6.017355570843808     0.20457002371524044    25    
54419.915058502804    5.845946062301582     0.20179809033744592    25    
54420.415058502804    5.680014780820973     0.19892264770446577    25    
54420.915058502804    5.517163792258435     0.19687413396214412    25    
54421.415058502804    5.355673567310341     0.1970104355374409     25    
54421.915058502804    5.196396743564096     0.198297515684796      25    
54422.415058502804    5.03896733667397      0.19781437077487027    25    
54422.915058502804    4.8825376400849105    0.194236217962768      25    
54423.415058502804    4.729373100575098     0.1910260112034454     25    
54423.915058502804    4.5812896951372455    0.19207419641450652    25    
54424.415058502804    4.4375608636100035    0.19614100741521726    25    
54424.915058502804    4.301133085047246     0.19920428194676876    25    
54425.415058502804    4.172839827763212     0.20059796991110074    25    
54425.915058502804    4.052031765404466     0.20060018498089       25    
54426.415058502804    3.939205386238749     0.19802884335068735    25    
54426.915058502804    3.8348961613680146    0.19282479975837274    25    
54427.415058502804    3.7357023467969723    0.185813933934492      25    
54427.915058502804    3.640586430988471     0.17578731977976386    25    
54428.415058502804    3.5494934799592923    0.1639084113444205     25    
54428.915058502804    3.458599984657536     0.15739336663873785    25    
54429.415058502804    3.3681975493597927    0.15909346154855142    25    
54429.915058502804    3.277871259824532     0.1618302538481002     25    
54430.415058502804    3.1862081074692474    0.15906014445312203    25    
54430.915058502804    3.0937509904917895    0.15313333579096175    25    
54431.415058502804    3.003123413385581     0.14930893678914137    25    
54431.915058502804    2.9140535165103016    0.14956690990227423    25    
54432.415058502804    2.827684097525738     0.15163288874508732    25    
54432.915058502804    2.7464776249627296    0.154165147678047      25    
54433.415058502804    2.669776216724541     0.15784463160822731    25    
54433.915058502804    2.598254978991525     0.15987192816102846    25    
54434.415058502804    2.5329735241104885    0.1587368978984628     25    
54434.915058502804    2.4728455152805404    0.15539735749270997    25    
54435.415058502804    2.4157645200915874    0.14970216711137213    25    
54435.915058502804    2.3624303415626136    0.139840507098969      25    
54436.415058502804    2.31105594080844      0.1303330812051226     25    
54436.915058502804    2.2600648096004297    0.12722723614952694    25    
54437.415058502804    2.2100737903016596    0.12838901562070987    25    
54437.915058502804    2.1598763309572115    0.12806254928398766    25    
54438.415058502804    2.108856801198235     0.12408628254653385    25    
54438.915058502804    2.058101285015319     0.1198563777625682     25    
54439.415058502804    2.0085269585276646    0.11889032336205008    25    
54439.915058502804    1.959728716030973     0.12056032870249163    25    
54440.415058502804    1.9131155320778166    0.1232796741027224     25    
54440.915058502804    1.8691434433304308    0.1274781565404432     25    
54441.415058502804    1.8276983391509674    0.13186530216533512    25    
54441.915058502804    1.7895961624229022    0.13283120799691253    25    
54442.415058502804    1.7549712491603473    0.13019827750764265    25    
54442.915058502804    1.7230137723604273    0.12620563539439086    25    
54443.415058502804    1.693382891753253     0.12259446916173466    25    
54443.915058502804    1.6661608839329185    0.11842461294552266    25    
54444.415058502804    1.6403215804338283    0.11193914602831347    25    
54444.915058502804    1.6159515867707892    0.10040158277027579    25    
54445.415058502804    1.5927330288386898    0.0878355556112314     25    
54445.915058502804    1.5700453784977872    0.08213378237883696    25    
54446.415058502804    1.5480726873988253    0.08294153849450288    25    
54446.915058502804    1.5267861914401781    0.08391317895644038    25    
54447.415058502804    1.5061504465266369    0.08260545254319694    25    
54447.915058502804    1.4861980990711712    0.08086178252401033    25    
54448.415058502804    1.4669543868063406    0.07913984070801278    25    
54448.915058502804    1.4484105273255263    0.07726528204065433    25    
54449.415058502804    1.430588616107058     0.07568392550585176    25    
54449.915058502804    1.4135001303237493    0.07480860775005795    25    
54450.415058502804    1.3971424413596738    0.07445854487788482    25    
54450.915058502804    1.3815435353724337    0.07444712527038815    25    
54451.415058502804    1.3666975593742872    0.07384385460300456    25    
54451.915058502804    1.3526203260109617    0.07499118671470156    25    
54452.415058502804    1.339330597457493     0.08107964858293476    25    
54452.915058502804    1.3268208113398368    0.09046595797754274    25    
54453.415058502804    1.3151181829158891    0.09747154166429803    25    
54453.915058502804    1.3042233347554364    0.09924370421369855    25    
54454.415058502804    1.2941440236022832    0.10057008426784482    25    
54454.915058502804    1.2849045235643595    0.10626915431935274    25    