#mB  c  mBmB x1x1 cc mBx1 mBc x1c
21.7823321856244  -0.3  0.0007888899248439783  0.05551772733916347  0.001465297991727857  0.0034869804777371543  0.000683658492206788  0.0006592337675967748
21.78298398649308  0.3  0.0008627061902140361  0.04361352253198438  0.0012687507877296887  0.0027341160430692265  0.0008118377323078615  0.0005604635975653215
22.28776914602262  0.0  0.0011793306153137395  0.0899052828403227  0.00205276133072371  0.005538148177933291  0.001034361293091518  0.001102247204575548
22.78776914602262  0.0  0.0020156990850863123  0.17904884161147416  0.0038049231785266466  0.01111846674669466  0.0017085037010282078  0.0023285527187267437
23.28776914602262  0.0  0.004042644067283681  0.39043436119340824  0.008147158664076785  0.024519557590900413  0.0033534216072689193  0.00537992640994502
22.786309791100535  -0.15  0.001993406145289806  0.1876886462797503  0.004274816284475285  0.01166709443603667  0.001639808185122982  0.002305670786060571
22.786672384343426  0.15  0.002031241036400449  0.16863084461784916  0.0034378435619790413  0.010461136655601907  0.001761420820519318  0.0022949083150044522
23.782332185624405  -0.3  0.00890979205967285  0.9779429769569126  0.02603738703748307  0.06191225930097662  0.006742000702241962  0.012085081928398035
23.782983986493083  0.3  0.009008414178848094  0.8039737059272876  0.014566596524338357  0.05077401947254942  0.007688448250866199  0.012499913377082492
