57884.72356166663    454.9889276386807     66.22479817048546     25    
57885.22356166663    542.0811361304517     65.62621383424784     25    
57885.72356166663    635.2688079376017     66.79338536940179     25    
57886.22356166663    734.1298677167027     74.05933751547623     25    
57886.72356166663    838.3785817858835     81.30820184437974     25    
57887.22356166663    947.528818732747      82.85139327958113     25    
57887.72356166663    1061.3556091349367    82.36419048649296     25    
57888.22356166663    1179.3153491299956    82.65404453165748     25    
57888.72356166663    1301.2372499361686    82.94212700567009     25    
57889.22356166663    1426.5268188598573    83.17771305182154     25    
57889.72356166663    1555.0608641409938    83.37872081716779     25    
57890.22356166663    1686.2005878737418    83.55084737234291     25    
57890.72356166663    1819.8638117008204    83.72941859802287     25    
57891.22356166663    1955.452704523676     83.98159706112719     25    
57891.72356166663    2092.793834275274     84.3746313048545      25    
57892.22356166663    2231.2114802394776    85.31152060332847     25    
57892.72356166663    2370.0316553275984    86.66835134827218     25    
57893.22356166663    2505.033620638247     88.19750224828009     25    
57893.72356166663    2636.0424574234153    89.8538026460618      25    
57894.22356166663    2757.2002761824538    91.0850548213678      25    
57894.72356166663    2868.6973156525787    91.94552904516657     25    
57895.22356166663    2964.9904746475086    92.28216533926198     25    
57895.72356166663    3046.3833349788365    92.12191333160912     25    
57896.22356166663    3115.2973469113986    92.91853540649898     25    
57896.72356166663    3171.5603406292835    94.65634753431621     25    
57897.22356166663    3220.97427518216      96.66500142563052     25    
57897.72356166663    3263.441582234605     99.02930789304891     25    
57898.22356166663    3304.008678691141     99.81965059613798     25    
57898.72356166663    3343.319744138396     98.78592852702457     25    
57899.22356166663    3379.8143972122057    97.0112110406101      25    
57899.72356166663    3413.9681206324694    94.23975047327384     25    
57900.22356166663    3441.4812414555017    93.04887037350042     25    
57900.72356166663    3462.097552839468     94.52813937683564     25    
57901.22356166663    3472.415162690189     95.52640457837316     25    
57901.72356166663    3471.168438792558     95.14635293385079     25    
57902.22356166663    3459.6442809277137    94.60885684822316     25    
57902.72356166663    3437.311831119407     93.98545550054664     25    
57903.22356166663    3407.30250337936      94.06958459552384     25    
57903.72356166663    3370.295344984342     95.79629222811585     25    
57904.22356166663    3328.564262722875     96.9563940833154      25    
57904.72356166663    3283.604082404282     97.21858868341633     25    
57905.22356166663    3235.146239163497     94.49987798599355     25    
57905.72356166663    3183.810143137827     84.13725093384522     25    
57906.22356166663    3128.4090904707923    73.35278233735855     25    
57906.72356166663    3068.353808798288     71.99473969732037     25    
57907.22356166663    3003.103068967623     73.47395047815495     25    
57907.72356166663    2931.3975362409196    73.07362263479246     25    
57908.22356166663    2854.590578438085     72.3779783341876      25    
57908.72356166663    2773.1447971843595    71.02902496583779     25    
57909.22356166663    2688.7926022988336    69.826413006732       25    
57909.72356166663    2604.0019800692316    70.39998329632425     25    
57910.22356166663    2519.6656841791632    71.49995506584831     25    
57910.72356166663    2438.8214460104186    71.4568644339594      25    
57911.22356166663    2361.3333565259127    70.79587052277842     25    
57911.72356166663    2288.87253322897      69.51452251527988     25    
57912.22356166663    2221.097280952173     67.98684846482287     25    
57912.72356166663    2158.1476335940274    67.74222875499596     25    
57913.22356166663    2100.02216158349      68.19715559420395     25    
57913.72356166663    2046.863421155404     68.13818053423796     25    
57914.22356166663    1998.6391906691813    67.72400961517847     25    
57914.72356166663    1955.333515048511     66.56774554002784     25    
57915.22356166663    1916.9204879490017    64.89265678709162     25    
57915.72356166663    1883.2140496267875    64.45083054093533     25    
57916.22356166663    1854.2129542805833    64.9944330736654      25    
57916.72356166663    1829.7779357266136    65.23460232982914     25    
57917.22356166663    1809.8798598767946    65.24227362139384     25    
57917.72356166663    1793.5516173146373    64.95260675008296     25    
57918.22356166663    1780.83229199908      64.37107537902828     25    
57918.72356166663    1769.85341526466      62.4050414980956      25    
57919.22356166663    1760.671209184397     58.73197541637333     25    
57919.72356166663    1751.429471756215     56.81611834835178     25    
57920.22356166663    1742.0735623589796    57.28670895354174     25    
57920.72356166663    1731.7565998468965    57.36458518537531     25    
57921.22356166663    1720.3292759387991    56.56510044489807     25    
57921.72356166663    1708.0653489801596    56.79947541647349     25    
57922.22356166663    1694.958612576741     58.64035380535814     25    
57922.72356166663    1681.2035648797082    59.88177971544147     25    
57923.22356166663    1666.8419944536531    60.115532051237885    25    
57923.72356166663    1651.9041858664805    59.489069057957146    25    
57924.22356166663    1636.43920304319      57.34277067071664     25    
57924.72356166663    1620.3049354822458    56.37002487186143     25    
57925.22356166663    1603.4829777432542    58.29136242079824     25    
57925.72356166663    1585.8603718435331    60.23058511482968     25    
57926.22356166663    1567.4034848877484    61.283157633910704    25    
57926.72356166663    1548.0148438410301    61.39816124714575     25    
57927.22356166663    1527.65118801866      59.64605106744932     25    
57927.72356166663    1506.2294708330512    58.02424371645766     25    
57928.22356166663    1483.6981044350366    58.28738201264881     25    
57928.72356166663    1459.9860060595474    59.16955244554623     25    
57929.22356166663    1434.9947011892464    60.39757294558644     25    
57929.72356166663    1408.7676021193183    61.10331197198387     25    
57930.22356166663    1381.2541361873257    60.52049222604026     25    
57930.72356166663    1352.6129398129624    57.84633058307625     25    
57931.22356166663    1323.0044715188678    49.025568335462864    25    
57931.72356166663    1292.5164064839948    36.844543791289524    25    
57932.22356166663    1261.3286670100179    33.12777735728249     25    
57932.72356166663    1229.553113366561     34.32784054761839     25    
57933.22356166663    1197.4552105539287    33.23668455648695     25    
57933.72356166663    1165.1758189349398    31.98004632247959     25    
57934.22356166663    1133.2079912864501    31.969324805452047    25    
57934.72356166663    1101.6194472910697    32.773204221895085    25    
57935.22356166663    1070.9856304910556    33.968657234191745    25    
57935.72356166663    1041.2886891397054    35.25446214986981     25    
57936.22356166663    1012.9605600313965    34.95759461115089     25    
57936.72356166663    985.925222989257      33.484040885997764    25    
57937.22356166663    960.1348206254796     31.916918365519894    25    
57937.72356166663    935.5820881383572     30.113944679392613    25    
57938.22356166663    912.1727134599411     28.040460235666853    25    
57938.72356166663    889.9084798567549     25.692786819960784    25    
57939.22356166663    868.6933287906579     24.507048156720217    25    
57939.72356166663    848.5302130597898     24.573804507431994    25    
57940.22356166663    829.3118161025667     24.337636801645814    25    
57940.72356166663    811.041730604747      23.779778882621216    25    
57941.22356166663    793.6121201078776     23.26771683655612     25    
57941.72356166663    777.0257851318338     22.802385495734345    25    
57942.22356166663    761.1762793470866     22.582353569063695    25    
57942.72356166663    746.0646848685989     22.648688274958264    25    
57943.22356166663    731.5867377211684     22.776366374046813    25    
57943.72356166663    717.7408737160157     22.685716238058927    25    
57944.22356166663    704.4259391310942     24.271999963441562    25    
57944.72356166663    691.6367955750579     28.056112345730277    25    
57945.22356166663    679.2763274778396     30.63116578111628     25    
57945.72356166663    667.3348943466982     30.959594534811696    25    
57946.22356166663    655.7203466623772     32.580391039204606    25    