#Date  :
#Flux  :
#Fluxerr  :
#ZP  :
#end  :
@INSTRUMENT  SDSS
@BAND  SDSS_z
@MAGSYS  AB
53616.299522  3.676  4.864  23.909419999999997
53623.28988  -0.1371  3.832  23.909419999999997
53626.27586  4.689  3.716  23.909419999999997
53628.260855  1.386  5.308  23.909419999999997
53635.269212  4.605  4.76  23.909419999999997
53637.262549  6.275  5.769  23.909419999999997
53639.307857  3.25  3.517  23.909419999999997
53644.254661  11.93  3.335  23.909419999999997
53654.289077  10.35  3.74  23.909419999999997
53656.236721  7.149  5.349  23.909419999999997
53663.249561  4.38  3.357  23.909419999999997
53668.238752  6.252  6.354  23.909419999999997
53670.243683  9.8  3.703  23.909419999999997
53673.211178  3.534  3.773  23.909419999999997
53675.208238  9.475  4.504  23.909419999999997
53677.228842  7.677  2.905  23.909419999999997
53680.215546  3.006  3.218  23.909419999999997
53693.216292  7.099  3.777  23.909419999999997
53704.198546  5.838  3.582  23.909419999999997
