52935.77624733556    2.3365180969606363    0.3735969841061368     25    
52936.27624733556    2.697925086061014     0.3740981888957804     25    
52936.77624733556    3.0841551505119345    0.37523962903849345    25    
52937.27624733556    3.4944975944919916    0.38148746849498016    25    
52937.77624733556    3.9291736152779078    0.39494291789313357    25    
52938.27624733556    4.387721404433925     0.40810856129700573    25    
52938.77624733556    4.869647729394479     0.4141421101911323     25    
52939.27624733556    5.375189095408767     0.4153283270203478     25    
52939.77624733556    5.90365092281271      0.4158008576886397     25    
52940.27624733556    6.454902417800496     0.4172813566422664     25    
52940.77624733556    7.028905442585986     0.41861347601686855    25    
52941.27624733556    7.624935609745049     0.41973326337176264    25    
52941.77624733556    8.243195575842433     0.42062755896141907    25    
52942.27624733556    8.883256572941939     0.42137537126591607    25    
52942.77624733556    9.544595560717974     0.42200681306257026    25    
52943.27624733556    10.227461119652675    0.4224884128525007     25    
52943.77624733556    10.931176402609047    0.42313104480068586    25    
52944.27624733556    11.656492291046908    0.42278228222120057    25    
52944.77624733556    12.40233457060407     0.4228916046162288     25    
52945.27624733556    13.165170773402547    0.4287172956226812     25    
52945.77624733556    13.953385820897031    0.4429638767723545     25    
52946.27624733556    14.74772228385461     0.4582515116781873     25    
52946.77624733556    15.528702924675757    0.4673773368014062     25    
52947.27624733556    16.307103500633755    0.4722330726923213     25    
52947.77624733556    17.048832518681245    0.47593663687277477    25    
52948.27624733556    17.741418166261344    0.47999962130096335    25    
52948.77624733556    18.388481383391515    0.4834604688895058     25    
52949.27624733556    18.956760532874554    0.48574040629558063    25    
52949.77624733556    19.439856200448496    0.4860483157650339     25    
52950.27624733556    19.850519299221006    0.4860285458412966     25    
52950.77624733556    20.193604266149183    0.4877498679153252     25    
52951.27624733556    20.46311580693538     0.4907898772324228     25    
52951.77624733556    20.685082894206747    0.4943828517420696     25    
52952.27624733556    20.870152564112335    0.49888597467669193    25    
52952.77624733556    21.01468209650351     0.5038110180379555     25    
52953.27624733556    21.145050863010617    0.5062471230356517     25    
52953.77624733556    21.264712151408947    0.5086242565160206     25    
52954.27624733556    21.368989118427642    0.5058984025176191     25    
52954.77624733556    21.460345818758235    0.4872762154780593     25    
52955.27624733556    21.540494685236272    0.44788603923945536    25    
52955.77624733556    21.598717834424566    0.41107912683718706    25    
52956.27624733556    21.630092746092497    0.4017501880481198     25    
52956.77624733556    21.636566436361672    0.4090642047480124     25    
52957.27624733556    21.607575838559875    0.41416523001697325    25    
52957.77624733556    21.540242743559872    0.4132829907785895     25    
52958.27624733556    21.438553327469346    0.4113089023036619     25    
52958.77624733556    21.30402597785723     0.40932140329351085    25    
52959.27624733556    21.13419392549064     0.4067182578647411     25    
52959.77624733556    20.93809016635685     0.4051268351385391     25    
52960.27624733556    20.720529893235963    0.40668679608668407    25    
52960.77624733556    20.479475240093983    0.4102509057257261     25    
52961.27624733556    20.224985513150664    0.4118416735748486     25    
52961.77624733556    19.95801499839146     0.40965125300447647    25    
52962.27624733556    19.678664083063172    0.406194679391429      25    
52962.77624733556    19.39114367326795     0.40419394739632447    25    
52963.27624733556    19.094695700422076    0.4033695544820943     25    
52963.77624733556    18.789508125797628    0.40314074725037596    25    
52964.27624733556    18.47599623862994     0.4036166002091439     25    
52964.77624733556    18.1539734317534      0.4047505431030288     25    
52965.27624733556    17.824240184854684    0.4049305548770935     25    
52965.77624733556    17.486488606863624    0.4035701960003785     25    
52966.27624733556    17.14139592907483     0.40129036930105155    25    
52966.77624733556    16.79043951823437     0.39831618081614045    25    
52967.27624733556    16.43288038464035     0.3939651563724233     25    
52967.77624733556    16.070506387385993    0.3903505044335823     25    
52968.27624733556    15.70461558504585     0.3899712244324802     25    
52968.77624733556    15.334599131057066    0.3919078769196        25    
52969.27624733556    14.96283249996437     0.39298396478129194    25    
52969.77624733556    14.589134173740717    0.39506990678578724    25    
52970.27624733556    14.21436637205609     0.3945779208494038     25    
52970.77624733556    13.841434344430963    0.381039512358787      25    
52971.27624733556    13.469128161319352    0.3472731964015684     25    
52971.77624733556    13.100155461744741    0.31116729560733636    25    
52972.27624733556    12.736830498979078    0.29717252568802893    25    
52972.77624733556    12.378055367743263    0.30007311345444515    25    
52973.27624733556    12.027452282416856    0.30384919313807573    25    
52973.77624733556    11.685940425766544    0.3029501557363944     25    
52974.27624733556    11.353189042389966    0.3014501911565546     25    
52974.77624733556    11.030935868149545    0.2987148413167276     25    
52975.27624733556    10.719177994535036    0.2938895970829601     25    
52975.77624733556    10.417517862240318    0.2893528442463308     25    
52976.27624733556    10.125868783270592    0.28790292424715475    25    
52976.77624733556    9.844283220375326     0.2888097639512578     25    
52977.27624733556    9.572506181593347     0.2896251466971741     25    
52977.77624733556    9.310721312694659     0.2894737414167811     25    
52978.27624733556    9.058612020184851     0.2888801483717738     25    
52978.77624733556    8.815205549857215     0.28751573296317084    25    
52979.27624733556    8.581039541217352     0.2863274949450563     25    
52979.77624733556    8.35486415377439      0.2828662135435962     25    
52980.27624733556    8.135406028609278     0.2728411920122168     25    
52980.77624733556    7.923273632459767     0.2557527421473714     25    
52981.27624733556    7.716752510963566     0.2414948606337785     25    
52981.77624733556    7.515115813855566     0.2382370073881628     25    
52982.27624733556    7.318739216621886     0.24049916254899112    25    
52982.77624733556    7.126973523988315     0.24059321099717182    25    
52983.27624733556    6.939525931988007     0.23716676799818687    25    
52983.77624733556    6.757139174643049     0.23389538602361878    25    
52984.27624733556    6.580427451669405     0.23398409111106488    25    
52984.77624733556    6.409092553654688     0.23693219792767334    25    
52985.27624733556    6.243957070222184     0.2396275181021127     25    
52985.77624733556    6.085590555959729     0.24081435042351085    25    
52986.27624733556    5.933603555231321     0.24115097812465547    25    
52986.77624733556    5.7876907737533445    0.23958420536430974    25    
52987.27624733556    5.648455832360284     0.23575029751696142    25    
52987.77624733556    5.5145559264631885    0.2302724562973448     25    
52988.27624733556    5.384470728498153     0.22314659926017721    25    
52988.77624733556    5.258917767828178     0.21337136856490943    25    
52989.27624733556    5.136062088518053     0.20554250690576506    25    
52989.77624733556    5.014876726319151     0.20438057256090264    25    
52990.27624733556    4.895876052369563     0.20695489140472934    25    
52990.77624733556    4.778333666494092     0.2072292577290928     25    
52991.27624733556    4.661709298277398     0.2033081334911446     25    
52991.77624733556    4.5470785298514675    0.19865901091616986    25    
52992.27624733556    4.435536499652253     0.19669533258077393    25    
52992.77624733556    4.326560927148992     0.19695617937102558    25    
52993.27624733556    4.221470558845366     0.19804978954345842    25    
52993.77624733556    4.121119298435259     0.199778653172251      25    
52994.27624733556    4.02508178724133      0.20206722870330618    25    
52994.77624733556    3.933781724713529     0.20271910351765693    25    
52995.27624733556    3.8477788099402375    0.20279553455570498    25    
52995.77624733556    3.766037715238087     0.2000134677492688     25    
52996.27624733556    3.6873289967302987    0.18868471839780063    25    
52996.77624733556    3.612222305925653     0.16501311967721166    25    
52997.27624733556    3.539342027476459     0.14102890731353       25    
52997.77624733556    3.4677668536695174    0.13310093741662546    25    
52998.27624733556    3.397922334649973     0.13609826939375164    25    
52998.77624733556    3.3290223871572815    0.13774728646550533    25    
52999.27624733556    3.2606015288946617    0.13466906427134762    25    
52999.77624733556    3.193377517342644     0.13113900680646876    25    
53000.27624733556    3.1281114418364036    0.12990990869574603    25    
53000.77624733556    3.06444478115139      0.1308406847712579     25    
53001.27624733556    3.0032412366653034    0.13276594143450623    25    
53001.77624733556    2.9451504485221505    0.13560222097526145    25    
53002.27624733556    2.8898774304961568    0.13927670690169539    25    
53002.77624733556    2.8378939064812267    0.1409488231649966     25    
53003.27624733556    2.7895886150125904    0.13939847571310046    25    
53003.77624733556    2.7443977297805167    0.13621277247745203    25    
53004.27624733556    2.701613005644993     0.13317069569486684    25    
53004.77624733556    2.6615538276006405    0.13056426998126455    25    
53005.27624733556    2.6234777144738928    0.12634205585046165    25    
53005.77624733556    2.586814387315836     0.11738590117788235    25    
53006.27624733556    2.5518205376242036    0.10379887762834125    25    
53006.77624733556    2.5177982905917635    0.09291410801770608    25    
53007.27624733556    2.4845494362744356    0.09059652302730836    25    
53007.77624733556    2.452225209667152     0.09231979582403342    25    
53008.27624733556    2.42074860503057      0.09235420329578443    25    
53008.77624733556    2.390121958115327     0.09104609690151744    25    
53009.27624733556    2.3603684795692934    0.0895616747974631     25    
53009.77624733556    2.331496875911257     0.08819004521504893    25    
53010.27624733556    2.303503027159317     0.08679820531351669    25    
53010.77624733556    2.2764015602861005    0.08579057274907104    25    
53011.27624733556    2.250193298931615     0.08538135677128897    25    
53011.77624733556    2.224880832064825     0.0853890398065217     25    
53012.27624733556    2.2004782187143976    0.08552050624258849    25    
53012.77624733556    2.176980694987478     0.08504980468016579    25    
53013.27624733556    2.1543981937276637    0.0861735382515359     25    
53013.77624733556    2.132740087352181     0.09159234601478099    25    
53014.27624733556    2.112001884974664     0.1000122257770906     25    
53014.77624733556    2.0921979330436673    0.10670192367336478    25    
53015.27624733556    2.0733299870952844    0.10867713098470788    25    
53015.77624733556    2.055399689789002     0.10976015033054519    25    
53016.27624733556    2.0384214239177276    0.1152515272473746     25    