55459.26753112337    2.1950497396779256    0.32828401623482895    25    
55459.76753112337    2.4819177187388415    0.32441513614771134    25    
55460.26753112337    2.781975769035009     0.32138523128238206    25    
55460.76753112337    3.092477420207939     0.3373209967521632     25    
55461.26753112337    3.4139396143955967    0.3831665020192979     25    
55461.76753112337    3.745527064288161     0.43199397466847045    25    
55462.26753112337    4.0846542233807295    0.4583870386759246     25    
55462.76753112337    4.4322727627548115    0.4623191035716736     25    
55463.26753112337    4.786951742303444     0.4581741457069595     25    
55463.76753112337    5.1463738219443975    0.457382792269096      25    
55464.26753112337    5.511710836564583     0.4580356895007606     25    
55464.76753112337    5.881043475828946     0.4584584221847804     25    
55465.26753112337    6.252429888647048     0.4585688747413784     25    
55465.76753112337    6.627047508572999     0.4583777248315097     25    
55466.26753112337    7.002595937612786     0.45796796706329757    25    
55466.76753112337    7.377616096236776     0.4573185400966523     25    
55467.26753112337    7.753076451528165     0.4563922610731742     25    
55467.76753112337    8.12640280040304      0.4556094967871483     25    
55468.26753112337    8.496862493224574     0.4522327960666705     25    
55468.76753112337    8.864915207072787     0.4479389573872186     25    
55469.26753112337    9.227263381292563     0.45500941189761596    25    
55469.76753112337    9.584874142249813     0.48385481963961485    25    
55470.26753112337    9.936309457678487     0.5207969135535048     25    
55470.76753112337    10.274513155654622    0.5457079988802958     25    
55471.26753112337    10.601290253884635    0.5544803387068175     25    
55471.76753112337    10.913729105902513    0.5565303913769317     25    
55472.26753112337    11.203628454331367    0.5590390401958031     25    
55472.76753112337    11.473399088456494    0.5620685091854447     25    
55473.26753112337    11.719722167016572    0.5640631669263126     25    
55473.76753112337    11.935707545341678    0.5645060923509466     25    
55474.26753112337    12.121026960100375    0.5623913723826943     25    
55474.76753112337    12.280755593218172    0.5608740897708062     25    
55475.26753112337    12.417806451435244    0.5633715049786728     25    
55475.76753112337    12.529037961646873    0.5691408384471489     25    
55476.26753112337    12.623844197939535    0.5762244056909632     25    
55476.76753112337    12.708252428091829    0.5843773745495354     25    
55477.26753112337    12.778438779666669    0.5942620408376027     25    
55477.76753112337    12.843332322109394    0.6005012515147158     25    
55478.26753112337    12.908665537364476    0.6029153225862695     25    
55478.76753112337    12.970906659481665    0.6017982531166965     25    
55479.26753112337    13.028994893437515    0.5851294931268245     25    
55479.76753112337    13.08458858468234     0.5340538749442809     25    
55480.26753112337    13.13575194520002     0.45844058511765934    25    
55480.76753112337    13.175906248893634    0.4019407888731874     25    
55481.26753112337    13.205912081015288    0.3955567981994075     25    
55481.76753112337    13.22429863964296     0.41210931165294923    25    
55482.26753112337    13.22524256898781     0.4198570317629448     25    
55482.76753112337    13.208148238833267    0.41828749955155897    25    
55483.26753112337    13.175299818203895    0.415070964882906      25    
55483.76753112337    13.127798145402636    0.41219200533306055    25    
55484.26753112337    13.06368935766865     0.4082392787890577     25    
55484.76753112337    12.987773282098395    0.4059894250433346     25    
55485.26753112337    12.904536862700843    0.40965174771824064    25    
55485.76753112337    12.811375447279397    0.41949032696216465    25    
55486.26753112337    12.713083983715464    0.42792998027275614    25    
55486.76753112337    12.613689273765589    0.43106482106382066    25    
55487.26753112337    12.511226966403914    0.4318079399128348     25    
55487.76753112337    12.406723102351936    0.42212004248354823    25    
55488.26753112337    12.301352774619964    0.38869224699534755    25    
55488.76753112337    12.194420824669187    0.3330385114724301     25    
55489.26753112337    12.084159719952428    0.28533668067179335    25    
55489.76753112337    11.97041816784555     0.27586097569368234    25    
55490.26753112337    11.853178196281341    0.28769870849787155    25    
55490.76753112337    11.730663335829137    0.29586698346319185    25    
55491.26753112337    11.602979301967924    0.2960573348546442     25    
55491.76753112337    11.469911690195064    0.2946445156970008     25    
55492.26753112337    11.33023085722568     0.291851042051269      25    
55492.76753112337    11.184230039409334    0.2856000977878617     25    
55493.26753112337    11.03153391604583     0.2798092448554625     25    
55493.76753112337    10.871339637177757    0.2808209165356018     25    
55494.26753112337    10.703962943043672    0.29002984166094686    25    
55494.76753112337    10.52898074716855     0.29972694777780573    25    
55495.26753112337    10.345439954355303    0.3029804416265931     25    
55495.76753112337    10.152917081323018    0.3011880504823485     25    
55496.26753112337    9.954406667487028     0.29868883330904045    25    
55496.76753112337    9.751158047576409     0.2987383396156781     25    
55497.26753112337    9.541822067425061     0.3000500782696176     25    
55497.76753112337    9.33260865649293      0.30128928990266113    25    
55498.26753112337    9.125858746339567     0.3017963591463753     25    
55498.76753112337    8.920063600645598     0.3019732278866338     25    
55499.26753112337    8.72162363898839      0.30167261057721284    25    
55499.76753112337    8.532539727959064     0.3012449325204185     25    
55500.26753112337    8.351358307620247     0.3002950629183699     25    
55500.76753112337    8.18019356522903      0.2973657546426275     25    
55501.26753112337    8.020189915121339     0.29040095756408635    25    
55501.76753112337    7.869731239357822     0.2821094597288115     25    
55502.26753112337    7.726848484381502     0.2775539785328788     25    
55502.76753112337    7.59224710290877      0.27822046771762166    25    
55503.26753112337    7.464848850007931     0.28076345525836865    25    
55503.76753112337    7.342701748881893     0.2820064486278188     25    
55504.26753112337    7.226510703111711     0.2825283449478998     25    
55504.76753112337    7.115401651210601     0.28245861746740275    25    
55505.26753112337    7.008202561315814     0.2812178996855387     25    
55505.76753112337    6.905406113801063     0.27855017804565946    25    
55506.26753112337    6.806513358851843     0.27613061488038393    25    
55506.76753112337    6.711120452227602     0.27548319518928127    25    
55507.26753112337    6.6194870865500075    0.27605895754937365    25    
55507.76753112337    6.531003822583814     0.2770449674988143     25    
55508.26753112337    6.445458923634313     0.27849887780970517    25    
55508.76753112337    6.362994782385089     0.28042383131837734    25    
55509.26753112337    6.282824297079776     0.28065883588173923    25    
55509.76753112337    6.204899221497079     0.2767241497500142     25    
55510.26753112337    6.129188466528855     0.2708638545550687     25    
55510.76753112337    6.054736101327365     0.26855739964936703    25    
55511.26753112337    5.981666516725125     0.27278851421211464    25    
55511.76753112337    5.909755055180523     0.2794234539514819     25    
55512.26753112337    5.838079531388458     0.28366038766442364    25    
55512.76753112337    5.766694732500871     0.28599876627409343    25    
55513.26753112337    5.695626525287672     0.2863909839623332     25    
55513.76753112337    5.62460173189436      0.28333388407832666    25    
55514.26753112337    5.553452857979166     0.27677704268645176    25    
55514.76753112337    5.482756212133972     0.2670875457314584     25    
55515.26753112337    5.413012248853658     0.2532647097121328     25    
55515.76753112337    5.343916804757008     0.2324000132398968     25    
55516.26753112337    5.27605676649999      0.21284902710950215    25    
55516.76753112337    5.210011043016314     0.2061706303417113     25    
55517.26753112337    5.145561487490606     0.21055370427682263    25    
55517.76753112337    5.082462189962144     0.2143528678227588     25    
55518.26753112337    5.020954134921115     0.20928024463383904    25    
55518.76753112337    4.960941889070806     0.1996868029132898     25    
55519.26753112337    4.900796481024491     0.19250065628913277    25    
55519.76753112337    4.840331560249048     0.19194895746826698    25    
55520.26753112337    4.779572880770439     0.194927000024351      25    
55520.76753112337    4.716770700231619     0.1986777970331893     25    
55521.26753112337    4.651761611811503     0.2040601776864291     25    
55521.76753112337    4.584690765389417     0.20956659347385492    25    
55522.26753112337    4.514887386895307     0.21110217712959053    25    
55522.76753112337    4.441921825366093     0.2074172379339506     25    
55523.26753112337    4.366701022036946     0.20144800410580294    25    
55523.76753112337    4.290238373877205     0.19628859170448992    25    
55524.26753112337    4.212006119351748     0.1911392331723604     25    
55524.76753112337    4.132892927505414     0.1866769423911038     25    
55525.26753112337    4.053948141347807     0.18471299854264997    25    
55525.76753112337    3.974668775346749     0.18571148601383794    25    
55526.26753112337    3.8957675775673892    0.18619691942620478    25    
55526.76753112337    3.8179216780315963    0.18257185961343442    25    
55527.26753112337    3.740820733696456     0.17550478449230006    25    
55527.76753112337    3.664603264568926     0.1696369401223628     25    
55528.26753112337    3.589362240530486     0.16856228719637953    25    
55528.76753112337    3.5150407955343144    0.1704844332596854     25    
55529.26753112337    3.441745395366664     0.17383203744386524    25    
55529.76753112337    3.3694570037784457    0.17932093532478066    25    
55530.26753112337    3.2982051205964655    0.18587967635018318    25    
55530.76753112337    3.2282209287807726    0.18886872883489345    25    
55531.26753112337    3.1593906440655606    0.18647717105815598    25    
55531.76753112337    3.091888748028089     0.18113762779219203    25    
55532.26753112337    3.0261840317804025    0.17541584436087268    25    
55532.76753112337    2.962120874965024     0.16962591070614527    25    
55533.26753112337    2.8999368673988575    0.16271649633629356    25    
55533.76753112337    2.840102678317372     0.15359128899492605    25    
55534.26753112337    2.782475870051049     0.14009259436335084    25    
55534.76753112337    2.7272082364723547    0.12631029361905613    25    
55535.26753112337    2.6745786615230744    0.11917681860727798    25    
55535.76753112337    2.624572697780375     0.11947850356467193    25    
55536.26753112337    2.5769378818671504    0.12142839297587656    25    
55536.76753112337    2.5315348415845755    0.12043043813901565    25    
55537.26753112337    2.4884685126208526    0.11827003868055617    25    
55537.76753112337    2.4474325764650424    0.11576714612430015    25    
55538.26753112337    2.4082936695978017    0.11310913255353733    25    
55538.76753112337    2.371139872697095     0.11013247446492985    25    
55539.26753112337    2.3356438793440266    0.10760983159316821    25    
55539.76753112337    2.301752336753824     0.10592932354446359    25    
55540.26753112337    2.2694852810689494    0.10486394214260472    25    
55540.76753112337    2.2385056524237164    0.1044706259550397     25    
55541.26753112337    2.208846512840295     0.10386397150990724    25    
55541.76753112337    2.18044040752408      0.10429586056776441    25    
55542.26753112337    2.152963258446545     0.10841732321352392    25    
55542.76753112337    2.126511867644876     0.11766963942189163    25    
55543.26753112337    2.1009409218501434    0.12767095894887173    25    
55543.76753112337    2.0759535038223196    0.13397531665213372    25    
55544.26753112337    2.0516840709552255    0.1357306236970459     25    
55544.76753112337    2.0279224938347937    0.13836327511162935    25    
55545.26753112337    2.004412058338698     0.1457348836405159     25    