53627.57747433215    2.0988206034105485    0.3910626685609139     25    
53628.07747433215    2.3986607748679925    0.38955183750184863    25    
53628.57747433215    2.715117806989927     0.389409814882902      25    
53629.07747433215    3.046108147391994     0.40349553161101354    25    
53629.57747433215    3.3922359399739728    0.43778754626314914    25    
53630.07747433215    3.752336036067666     0.47152969794030086    25    
53630.57747433215    4.124782516545759     0.4866762789468733     25    
53631.07747433215    4.51037772170645      0.48800197430562303    25    
53631.57747433215    4.907300673226084     0.4864409612317149     25    
53632.07747433215    5.314688174072405     0.48811951009580096    25    
53632.57747433215    5.7329305832659925    0.48979954735383374    25    
53633.07747433215    6.159874907348595     0.49127520631628085    25    
53633.57747433215    6.595669583172505     0.49250427053261836    25    
53634.07747433215    7.039738987853161     0.4935633777872725     25    
53634.57747433215    7.490125187128683     0.4945268008922904     25    
53635.07747433215    7.947571207046622     0.4952874749656181     25    
53635.57747433215    8.410647398668528     0.49615041391637643    25    
53636.07747433215    8.878230318386333     0.4977035671268851     25    
53636.57747433215    9.351151802793666     0.4999440325571134     25    
53637.07747433215    9.825679501064883     0.501054972152493      25    
53637.57747433215    10.304090226603648    0.4987718854354691     25    
53638.07747433215    10.783171686257635    0.49507259704141593    25    
53638.57747433215    11.246766048895836    0.49521249060387823    25    
53639.07747433215    11.699770858083044    0.5013247417173883     25    
53639.57747433215    12.132053572898403    0.5092851615793316     25    
53640.07747433215    12.525491505545856    0.5149954145061916     25    
53640.57747433215    12.887295243590096    0.5192973614040121     25    
53641.07747433215    13.204293750747254    0.5223224915459614     25    
53641.57747433215    13.461783107540118    0.5231041731425159     25    
53642.07747433215    13.665898600730134    0.5219317790691613     25    
53642.57747433215    13.828761364833639    0.5224203506047458     25    
53643.07747433215    13.946983337383946    0.5262993882686725     25    
53643.57747433215    14.02765531224527     0.5319081855130293     25    
53644.07747433215    14.095181684852811    0.5380702347562785     25    
53644.57747433215    14.142963732766972    0.5462383457961522     25    
53645.07747433215    14.183272567406261    0.5530316974642204     25    
53645.57747433215    14.23579180631044     0.5539229622483066     25    
53646.07747433215    14.295417850330109    0.5494862676627595     25    
53646.57747433215    14.359104434890448    0.5439583162742492     25    
53647.07747433215    14.429243450041337    0.5392019631991218     25    
53647.57747433215    14.50393300756233     0.534334883499373      25    
53648.07747433215    14.568771227666042    0.5325974406244277     25    
53648.57747433215    14.624694575489517    0.5365739151039515     25    
53649.07747433215    14.668130498786603    0.542428255594664      25    
53649.57747433215    14.686501563803754    0.5448462648408511     25    
53650.07747433215    14.681211166075705    0.5438167308236674     25    
53650.57747433215    14.65325143192538     0.5416852642449536     25    
53651.07747433215    14.600856229323819    0.5395698712785246     25    
53651.57747433215    14.524047656621741    0.5367868103606961     25    
53652.07747433215    14.428966874474412    0.5359020095619398     25    
53652.57747433215    14.31706976434503     0.5397929754359233     25    
53653.07747433215    14.18810237834557     0.5458402440108391     25    
53653.57747433215    14.048030874239357    0.5485362513005126     25    
53654.07747433215    13.897328881303274    0.5512258173401758     25    
53654.57747433215    13.735142073031632    0.5472474586392098     25    
53655.07747433215    13.562278828145228    0.5221883260615665     25    
53655.57747433215    13.37923969183393     0.46766013097467346    25    
53656.07747433215    13.183336542524156    0.4117066226317927     25    
53656.57747433215    12.9729657187278      0.39072120998555443    25    
53657.07747433215    12.748922031683577    0.3949333245731188     25    
53657.57747433215    12.508900517820505    0.39995702754428536    25    
53658.07747433215    12.249820244181647    0.3977427323571376     25    
53658.57747433215    11.975508269793611    0.39482445844767       25    
53659.07747433215    11.69260251465868     0.39079986916440335    25    
53659.57747433215    11.396709285767086    0.3844732912181866     25    
53660.07747433215    11.097458872640223    0.37872481754607895    25    
53660.57747433215    10.80542363252194     0.37747120185780286    25    
53661.07747433215    10.515349024463745    0.3803510008679117     25    
53661.57747433215    10.239426537461775    0.38295446849819287    25    
53662.07747433215    9.985140176309026     0.38299176751194225    25    
53662.57747433215    9.748495876767182     0.38168127304102256    25    
53663.07747433215    9.533015249164462     0.37784225272001654    25    
53663.57747433215    9.341227968023535     0.3689724062202117     25    
53664.07747433215    9.169286645485975     0.35878825020261884    25    
53664.57747433215    9.012480306702027     0.3540878490898815     25    
53665.07747433215    8.872743009548934     0.3557146088462188     25    
53665.57747433215    8.746258167770714     0.3585302671652689     25    
53666.07747433215    8.629237003138279     0.358677403546506      25    
53666.57747433215    8.523350924482274     0.3576472124840301     25    
53667.07747433215    8.426243171367487     0.35536233880255014    25    
53667.57747433215    8.336669535276265     0.3505645121029665     25    
53668.07747433215    8.25547085635886      0.34452085269389865    25    
53668.57747433215    8.182650059091042     0.3413774445336931     25    
53669.07747433215    8.118199089033439     0.34264652775437204    25    
53669.57747433215    8.062134534838952     0.34533779842344664    25    
53670.07747433215    8.014666246205701     0.3466224483891915     25    
53670.57747433215    7.976173806046189     0.3472061272064813     25    
53671.07747433215    7.944874077788715     0.3468982635739105     25    
53671.57747433215    7.9202345536263845    0.3461288864892475     25    
53672.07747433215    7.902562014396743     0.34474349816857347    25    
53672.57747433215    7.887744197846209     0.3385386144876426     25    
53673.07747433215    7.875715625050162     0.3218539309847988     25    
53673.57747433215    7.865747782326375     0.3004572314127898     25    
53674.07747433215    7.853829081361351     0.2879123393705666     25    
53674.57747433215    7.840665069737047     0.2878400164743062     25    
53675.07747433215    7.82530066920347      0.2913507945173552     25    
53675.57747433215    7.805899819850536     0.2904697120144122     25    
53676.07747433215    7.782978126234325     0.28694274071558834    25    
53676.57747433215    7.756891180372746     0.28530714840959315    25    
53677.07747433215    7.727681851334158     0.28921307789210937    25    
53677.57747433215    7.695348429509229     0.29611480267323126    25    
53678.07747433215    7.660248058490476     0.30090445188899956    25    
53678.57747433215    7.622439478830374     0.30284954222811206    25    
53679.07747433215    7.581859136861088     0.302933255426947      25    
53679.57747433215    7.538567401444833     0.3000817324760551     25    
53680.07747433215    7.49265595702685      0.29158011552879637    25    
53680.57747433215    7.443797641512764     0.28633074393241953    25    
53681.07747433215    7.391768252533395     0.2950856271472285     25    
53681.57747433215    7.336687755026329     0.31388224166055245    25    
53682.07747433215    7.27816955057265      0.32870476628407264    25    
53682.57747433215    7.216067290938252     0.3342310768892257     25    
53683.07747433215    7.150464213450534     0.33524927898446655    25    
53683.57747433215    7.0812200036455195    0.3331633032383649     25    
53684.07747433215    7.008234740155391     0.32601640822112904    25    
53684.57747433215    6.931724576135112     0.3175873235936609     25    
53685.07747433215    6.851906759873593     0.3138705078452235     25    
53685.57747433215    6.768670668818059     0.31415556615245255    25    
53686.07747433215    6.682271158531599     0.3159170180203896     25    
53686.57747433215    6.5928537223466455    0.3185815096462355     25    
53687.07747433215    6.500346848471409     0.3224001155602087     25    
53687.57747433215    6.405048107118346     0.3232663871912626     25    
53688.07747433215    6.306961454999263     0.3225204224535148     25    
53688.57747433215    6.20613819919657      0.317388663414194      25    
53689.07747433215    6.102843410264242     0.2979247299814439     25    
53689.57747433215    5.9969845803790855    0.2521488138774249     25    
53690.07747433215    5.888738956515357     0.19605173848876034    25    
53690.57747433215    5.778226605645113     0.1667271267879473     25    
53691.07747433215    5.665287249063092     0.16853046009283013    25    
53691.57747433215    5.550741634090357     0.17499453279267482    25    
53692.07747433215    5.434588034836244     0.17075839684015684    25    
53692.57747433215    5.316980019418652     0.1649915646361713     25    
53693.07747433215    5.199925333703067     0.1611584119571651     25    
53693.57747433215    5.083088203439262     0.16032913196918427    25    
53694.07747433215    4.967258022451509     0.16120873478292339    25    
53694.57747433215    4.854321940011506     0.16316700689472463    25    
53695.07747433215    4.743678716422255     0.1672179075495331     25    
53695.57747433215    4.6362517148724685    0.17011184829513393    25    
53696.07747433215    4.5331070038894214    0.16865608073841815    25    
53696.57747433215    4.433821656922471     0.16394315967376455    25    
53697.07747433215    4.338196004822522     0.15833857926404782    25    
53697.57747433215    4.246265450258567     0.15216752642435766    25    
53698.07747433215    4.157952922445056     0.14541797183584326    25    
53698.57747433215    4.072920164438576     0.1407222000169057     25    
53699.07747433215    3.99125807729286      0.1390416820381558     25    
53699.57747433215    3.912787708065379     0.13869463975137056    25    
53700.07747433215    3.837235712764812     0.13812902838477897    25    
53700.57747433215    3.7647371481853087    0.1378313551735608     25    
53701.07747433215    3.694987964500148     0.1373806664193265     25    
53701.57747433215    3.6278266161291755    0.13625093411514286    25    
53702.07747433215    3.5633306617912406    0.13469504170222665    25    
53702.57747433215    3.5011319482936436    0.13320376661837882    25    
53703.07747433215    3.441240843683638     0.13178051437318375    25    
53703.57747433215    3.383575059423838     0.13051279485962325    25    
53704.07747433215    3.3277915679250585    0.12985041532005528    25    
53704.57747433215    3.2740128918659432    0.12981792482191196    25    
53705.07747433215    3.222004970315432     0.13024646177196564    25    
53705.57747433215    3.171516834349351     0.13063110089058333    25    
53706.07747433215    3.122678279472271     0.1307660463264616     25    
53706.57747433215    3.075155913262194     0.13336982924573393    25    
53707.07747433215    3.0288432663626974    0.14093245690227174    25    
53707.57747433215    2.9837725252988068    0.1508716703480217     25    
53708.07747433215    2.939573031051443     0.15849704068372483    25    
53708.57747433215    2.8963063827612836    0.16133352722316846    25    
53709.07747433215    2.8538311481417287    0.16451689178729467    25    
53709.57747433215    2.811830585714357     0.17305878905204672    25    