54425.31438982174    11.995093878856059    5.963932872678136     25    
54425.81438982174    14.325439941337546    5.9742416651446035    25    
54426.31438982174    16.853283637429126    6.217065611486679     25    
54426.81438982174    19.575434424056247    7.303254683894972     25    
54427.31438982174    22.491161220856743    8.487851254716013     25    
54427.81438982174    25.59629190546717     8.89893409945437      25    
54428.31438982174    28.890878455160312    8.901569244954946     25    
54428.81438982174    32.370164211591735    8.955580819847558     25    
54429.31438982174    36.034587166361305    9.017850149837061     25    
54429.81438982174    39.879203168451454    9.051590947493372     25    
54430.31438982174    43.9044391804812      9.056935321332233     25    
54430.81438982174    48.10556060206778     9.036463150230757     25    
54431.31438982174    52.482586323541504    8.986185177719321     25    
54431.81438982174    57.03164107150986     8.924686198516193     25    
54432.31438982174    61.76003234613062     8.803184680348378     25    
54432.81438982174    66.63908627521964     8.799921490888162     25    
54433.31438982174    71.70716979996472     9.13336153930497      25    
54433.81438982174    76.82176874256889     9.534823934230598     25    
54434.31438982174    81.84276567818065     9.734059464044124     25    
54434.81438982174    86.70287674229978     9.848522225590866     25    
54435.31438982174    91.1173254258406      9.962104307698159     25    
54435.81438982174    95.09943774307342     10.052409544656346    25    
54436.31438982174    98.33955457444296     10.061227572121256    25    
54436.81438982174    100.86843532446981    9.993836402936052     25    
54437.31438982174    102.72943173525333    10.024250459468341    25    
54437.81438982174    103.90119439793392    10.162958258563634    25    
54438.31438982174    104.57154358734688    10.347835005770872    25    
54438.81438982174    104.74220389956464    10.614300637555266    25    
54439.31438982174    104.5555840020102     10.75820151874832     25    
54439.81438982174    104.05592535278873    10.747589094805145    25    
54440.31438982174    103.30444292667515    10.45487690322859     25    
54440.81438982174    102.35786246581227    9.464771419686913     25    
54441.31438982174    101.24034138420043    8.290200738184664     25    
54441.81438982174    100.01336296400368    8.068187302402347     25    
54442.31438982174    98.68525354711271     8.332357786772796     25    
54442.81438982174    97.33835373967646     8.345438526653131     25    
54443.31438982174    95.95673112494978     8.261232950309664     25    
54443.81438982174    94.54775924399276     8.138513555752573     25    
54444.31438982174    93.11063112660632     7.971941335192728     25    
54444.81438982174    91.60160089010827     7.932848103914985     25    
54445.31438982174    90.02339989229581     8.055302643908691     25    
54445.81438982174    88.34060184310744     8.120150176311485     25    
54446.31438982174    86.54028947489267     8.111334551100622     25    
54446.81438982174    84.6469250382556      7.9420349695440935    25    
54447.31438982174    82.65396995341686     7.420099319665697     25    
54447.81438982174    80.60311347085006     6.922033060733006     25    
54448.31438982174    78.51799229094671     6.899602640044183     25    
54448.81438982174    76.41838610321768     7.030118033697432     25    
54449.31438982174    74.3410390909486      7.000435164429666     25    
54449.81438982174    72.29653611659013     6.920015756533813     25    
54450.31438982174    70.34237478240685     6.830940749107151     25    
54450.81438982174    68.47796877094657     6.742236222528458     25    
54451.31438982174    66.77748892986516     6.810787309102663     25    
54451.81438982174    65.23387716740952     7.021790754679909     25    
54452.31438982174    63.92262080268331     7.1016011954555225    25    
54452.81438982174    62.84900360668654     7.001871604743415     25    
54453.31438982174    61.99927675328436     7.0623328064411055    25    
54453.81438982174    61.388484279334456    7.400555818839657     25    
54454.31438982174    60.94761582123327     7.721854696070696     25    
54454.81438982174    60.6628333651191      7.943959757100913     25    
54455.31438982174    60.491872540748744    8.075907058601508     25    
54455.81438982174    60.39244109295934     8.074110978268404     25    
54456.31438982174    60.36575888145916     7.973814647210315     25    
54456.81438982174    60.38301982479461     7.751175452458585     25    
54457.31438982174    60.4554106808459      7.482267444719634     25    
54457.81438982174    60.59144487437694     7.470263242312173     25    
54458.31438982174    60.79085332828113     7.6358927627761455    25    
54458.81438982174    61.066162969509975    7.762715506267443     25    
54459.31438982174    61.41682069221082     7.868599121325789     25    
54459.81438982174    61.82033385185459     7.887455292538023     25    
54460.31438982174    62.283232537138694    7.81980427933985      25    
54460.81438982174    62.749448547044935    7.6252237351762595    25    
54461.31438982174    63.21774111904571     7.207073368363743     25    
54461.81438982174    63.64323633768093     6.874628711682635     25    
54462.31438982174    64.00659292036308     6.88861649218575      25    
54462.81438982174    64.29859723032996     6.939908503655703     25    
54463.31438982174    64.49825744558876     6.770080266727326     25    
54463.81438982174    64.61683866863324     6.564352915500139     25    
54464.31438982174    64.6588380891532      6.528975996672358     25    
54464.81438982174    64.62563237689066     6.575006484873119     25    
54465.31438982174    64.52485988597087     6.58835813646023      25    
54465.81438982174    64.35643501458635     6.582114627429173     25    
54466.31438982174    64.13068154363289     6.484403849659176     25    
54466.81438982174    63.84652604965411     6.293862633267673     25    
54467.31438982174    63.51720392821803     6.1165392343701805    25    
54467.81438982174    63.14180696592248     5.950910724774261     25    
54468.31438982174    62.73278354962222     5.867568066280501     25    
54468.81438982174    62.294939424459535    5.924147309333304     25    
54469.31438982174    61.82087545589059     5.967266112382462     25    
54469.81438982174    61.31681341294399     5.88238186807107      25    
54470.31438982174    60.758150573291154    5.833271568579572     25    
54470.81438982174    60.12977921871675     5.980792564510983     25    
54471.31438982174    59.420934248493516    6.182200758483792     25    
54471.81438982174    58.601320272199686    6.315442194531537     25    
54472.31438982174    57.67750047493566     6.387163885781263     25    
54472.81438982174    56.637132787729136    6.29131048213634      25    
54473.31438982174    55.48712912451359     6.039663541721865     25    
54473.81438982174    54.26848052844477     5.555591592948338     25    
54474.31438982174    52.97720155424484     4.752612519227548     25    
54474.81438982174    51.65835034800384     4.297581993882481     25    
54475.31438982174    50.31075064936168     4.443630220662871     25    
54475.81438982174    48.96373158284397     4.560053938486185     25    
54476.31438982174    47.62390535510205     4.478298293506858     25    
54476.81438982174    46.29599647076859     4.416058918979891     25    
54477.31438982174    44.98324000906183     4.455059931111342     25    
54477.81438982174    43.68990640310666     4.5270198268041675    25    
54478.31438982174    42.42043674458953     4.632485712355854     25    
54478.81438982174    41.177049606357095    4.703040548762412     25    
54479.31438982174    39.966013307513876    4.583303433881165     25    
54479.81438982174    38.787611219808724    4.341611465845463     25    
54480.31438982174    37.648337217456216    4.116680522607363     25    
54480.81438982174    36.54780806569723     3.879904907608367     25    
54481.31438982174    35.49331073363947     3.560074241302836     25    
54481.81438982174    34.48427814357939     3.1244160583843774    25    
54482.31438982174    33.524581285976346    2.8847567536077734    25    
54482.81438982174    32.615291834218255    2.962041757793858     25    
54483.31438982174    31.751498982982053    3.041364863539069     25    
54483.81438982174    30.933280876767896    3.0505887530599036    25    
54484.31438982174    30.156318041368337    3.0332084203533705    25    
54484.81438982174    29.419302810529715    2.9857636128836793    25    
54485.31438982174    28.719366953879923    2.9098896125130014    25    
54485.81438982174    28.05379630524915     2.799601853070154     25    
54486.31438982174    27.42114108743857     2.66351350851602      25    
54486.81438982174    26.817417432748744    2.4861403414676073    25    
54487.31438982174    26.24226331037492     2.316852110179887     25    
54487.81438982174    25.690822264850937    2.3200774091972676    25    
54488.31438982174    25.1633896945114      2.510646863404897     25    
54488.81438982174    24.654666873378215    3.139025241216092     25    
54489.31438982174    24.165176311670475    3.959469847118186     25    
54489.81438982174    23.689607330153052    5.420657068797664     25    