49495.80320241784    33.33251159319301     20.48329297731346     25    
49496.30320241784    45.10611469023852     15.208270069549398    25    
49496.80320241784    59.32713669481362     22.331436615988153    25    
49497.30320241784    76.27626180311469     50.14414963063647     25    
49497.80320241784    96.10766346377656     69.44674435362766     25    
49498.30320241784    119.15949465219548    73.22477255763815     25    
49498.80320241784    145.53308931347664    71.66385778610041     25    
49499.30320241784    175.6148106508753     71.81562297398199     25    
49499.80320241784    209.462411657308      71.98923797899421     25    
49500.30320241784    247.5012072125486     72.00044947407625     25    
49500.80320241784    289.75462790866584    71.86013426443792     25    
49501.30320241784    336.6776817506106     71.55456914846818     25    
49501.80320241784    388.26873548094414    71.09711322897147     25    
49502.30320241784    445.07299747875203    70.78546840315552     25    
49502.80320241784    507.0315981942255     70.49260641998083     25    
49503.30320241784    574.4001784906346     67.77746884746647     25    
49503.80320241784    647.2193435543776     62.36592955003104     25    
49504.30320241784    721.2327466151675     59.66885294666323     25    
49504.80320241784    796.7481756180171     60.43196218817306     25    
49505.30320241784    867.9564702320159     61.201634803821015    25    
49505.80320241784    934.8673156405046     61.70644017164941     25    
49506.30320241784    992.6236432770027     61.943351154469596    25    
49506.80320241784    1040.0558680158492    61.747283249111035    25    
49507.30320241784    1078.3997826795537    61.72605730053163     25    
49507.80320241784    1107.1072596396077    62.05758456722639     25    
49508.30320241784    1129.1749689921999    62.58142679921172     25    
49508.80320241784    1145.187292916544     63.45539384487341     25    
49509.30320241784    1157.1480076672358    63.994756525355754    25    
49509.80320241784    1166.4976108073608    64.86077989169898     25    
49510.30320241784    1172.753269063101     62.828448529698406    25    
49510.80320241784    1176.3428599142985    51.64373256863503     25    
49511.30320241784    1176.3188558461948    37.42851117396785     25    
49511.80320241784    1172.0094839512449    35.27796127774866     25    
49512.30320241784    1163.0692364202785    38.17197260351901     25    
49512.80320241784    1148.417736987693     38.08774164570725     25    
49513.30320241784    1128.7107237070493    37.619949433416224    25    
49513.80320241784    1104.29524564347      37.001669038805915    25    
49514.30320241784    1075.714607122392     36.41758856784338     25    
49514.80320241784    1044.5083330934817    36.7735920440749      25    
49515.30320241784    1010.7902159219304    37.57881661381665     25    
49515.80320241784    976.2882161873507     37.507551032989724    25    
49516.30320241784    940.8241832764695     36.93448979180978     25    
49516.80320241784    905.117523576428      36.948243583128885    25    
49517.30320241784    869.0769179944585     37.39553662304434     25    
49517.80320241784    832.6728832760945     37.84943808517917     25    
49518.30320241784    795.9050626466059     38.32541577729988     25    
49518.80320241784    758.7693992806206     38.4315512940686      25    
49519.30320241784    721.2470161933054     38.1662174561101      25    
49519.80320241784    683.7171312895848     37.582055335737756    25    
49520.30320241784    646.138219094979      36.57490853489296     25    
49520.80320241784    609.1413541009703     36.071075310689295    25    
49521.30320241784    572.7304906076721     36.36157859212224     25    
49521.80320241784    537.4754159185306     36.58615900101        25    
49522.30320241784    503.46545753711825    37.0077176843077      25    
49522.80320241784    470.9729665370031     35.4004172564327      25    
49523.30320241784    440.0973305736267     29.029457925052252    25    
49523.80320241784    410.9168144462859     22.68833393353714     25    
49524.30320241784    383.47074858001093    22.09409404265197     25    
49524.80320241784    357.84614311958137    22.976545695619908    25    
49525.30320241784    334.15482322008063    23.043621160601845    25    
49525.80320241784    312.27208172509484    22.986854795826535    25    
49526.30320241784    292.2030587616412     22.407724427222757    25    
49526.80320241784    273.73754633982963    21.82652516753293     25    
49527.30320241784    256.664407003821      21.944275725834903    25    
49527.80320241784    240.87730916932293    22.297824595997998    25    
49528.30320241784    226.085170488691      22.482144589844797    25    
49528.80320241784    212.29936442595965    22.509668478013438    25    
49529.30320241784    199.3414550588268     22.305605863358597    25    
49529.80320241784    187.25662032445754    21.581662612889836    25    
49530.30320241784    176.05419295228353    18.516953081273147    25    
49530.80320241784    165.73604732746338    13.03023582844288     25    
49531.30320241784    156.3259933733698     10.426769652010023    25    
49531.80320241784    147.81304970250875    11.29301317777248     25    
49532.30320241784    140.14398919755206    11.264041753800349    25    
49532.80320241784    133.3161434087341     10.729794657104286    25    
49533.30320241784    127.17413364055524    10.696591236397103    25    
49533.80320241784    121.72548491914459    11.163040096364723    25    
49534.30320241784    116.8148134829073     11.48322479924819     25    
49534.80320241784    112.44810360188067    11.6637684533978      25    
49535.30320241784    108.4770515783171     11.509969339217488    25    
49535.80320241784    104.90292341504028    10.923637681846529    25    
49536.30320241784    101.58779417203446    10.28524987988511     25    
49536.80320241784    98.52637456255954     9.609844396253608     25    
49537.30320241784    95.58854208112241     9.23576372659221      25    
49537.80320241784    92.74277139649632     9.517954268362312     25    
49538.30320241784    89.94257222564391     9.533431382167027     25    
49538.80320241784    87.14670563000003     8.689815258249284     25    
49539.30320241784    84.403681440412       7.82041932244758      25    
49539.80320241784    81.7215624302132      7.511574492190868     25    
49540.30320241784    79.12962655265954     7.482285975549648     25    
49540.80320241784    76.64648963043548     7.753004941929625     25    
49541.30320241784    74.29318080485342     8.007393392198823     25    
49541.80320241784    72.09410375701532     7.8375282155878665    25    
49542.30320241784    70.06404456095636     7.4972787725530505    25    
49542.80320241784    68.2321445438486      7.132695495298635     25    
49543.30320241784    66.60820814709957     6.8145372702610105    25    
49543.80320241784    65.23662937585794     6.951809472797912     25    
49544.30320241784    64.10100558174155     7.246032135952883     25    
49544.80320241784    63.206507066071204    7.027526878431574     25    
49545.30320241784    62.521459417720806    6.54014845606439      25    
49545.80320241784    61.93034363887651     6.4276230051326815    25    
49546.30320241784    61.43009462453647     6.581804669081943     25    
49546.80320241784    60.881078783200394    6.838080928047948     25    
49547.30320241784    60.2931366306956      7.167813499395368     25    
49547.80320241784    59.584034848193916    7.086870223552469     25    
49548.30320241784    58.758529004951455    6.608634685702173     25    
49548.80320241784    57.88737416984015     6.277885233366341     25    
49549.30320241784    56.96663749394567     6.111603733682246     25    
49549.80320241784    56.07687965651813     6.3966670881858185    25    
49550.30320241784    55.21930598747765     7.173654143151146     25    
49550.80320241784    54.44347718911883     7.713453854245548     25    
49551.30320241784    53.761182727312885    7.971633265205296     25    
49551.80320241784    53.15460888843022     8.017801285125401     25    
49552.30320241784    52.62510072413095     7.81625884310712      25    
49552.80320241784    52.155338361465404    7.503014852381373     25    
49553.30320241784    51.74259243757276     7.089332535539553     25    
49553.80320241784    51.37273877708441     6.669689027093178     25    
49554.30320241784    51.0412672407991      6.3170554363109215    25    
49554.80320241784    50.73601073436872     6.030512810636593     25    
49555.30320241784    50.45032573289157     5.894166913576951     25    
49555.80320241784    50.17434445058333     5.743844539244489     25    
49556.30320241784    49.89896851293174     5.2820837871986965    25    
49556.80320241784    49.61681263217153     4.869141522923205     25    
49557.30320241784    49.31639618000119     4.840006933983658     25    
49557.80320241784    48.99257784798989     5.423197524314927     25    
49558.30320241784    48.63180933318157     6.58081661850753      25    