#mB  c  mBmB x1x1 cc mBx1 mBc x1c
20.26793254203051  -0.3  0.0005385835585403291  0.019880518349513654  0.0002839408653024028  0.001974952825872213  0.00021379442366465263  -0.0003144111750092303
20.268995941625533  0.3  0.0005533844849838514  0.017704052426229633  0.00030417978332015187  0.0017050239789533391  0.00024722380618651184  -0.0003613080758210355
20.77360059951776  0.0  0.0005676494156926006  0.019737448182855017  0.0003052462331002996  0.0019517761312520298  0.00024123894552181778  -0.00030902493593707017
21.27360059951776  0.0  0.0006183873954346096  0.02243720239695285  0.00032973094214022605  0.002245031993962041  0.00026224724437996446  -0.0002562449616025557
21.773600599517763  0.0  0.0007254348792851255  0.02845775727783618  0.0003765976026894144  0.0028773615773691127  0.00030031107437887127  -0.00017903736503979914
21.27203192987293  -0.15  0.0006312442248056257  0.02439618061596922  0.00033151825275651146  0.002463923404289224  0.0002569414712835008  -0.00021797857893867938
21.27260049057362  0.15  0.0006096274746643338  0.020957672136708825  0.0003294038682262476  0.0020712853819277715  0.00026733411927423484  -0.00029195377840903494
22.267932542030508  -0.3  0.0010776915127387297  0.05792680637530621  0.0004961399588706829  0.005828816610689636  0.00032436521553113327  -4.449030111048709e-05
22.268995941625533  0.3  0.0008608683285295573  0.0313015489277237  0.0004471043827308674  0.0031076872225017766  0.00038419915052596387  -0.00022120377815821316
