#mB  c  mBmB x1x1 cc mBx1 mBc x1c
16.61527625685544  -0.3  0.0025101664623575107  0.05034087299170609  0.0007682971752121955  -0.0034839633229662476  0.0009919301452605668  -0.0005256762631705123
16.61472046139118  0.3  0.0020050692576014293  0.05626293553699876  0.000683952424470186  -0.0031941314345316453  0.0008228913758374157  -0.00012028959647407373
17.120034975966792  0.0  0.0029414913379840115  0.0828680775817685  0.0008975995113801271  -0.004999173484018392  0.0011549419921831647  -0.0005223300930419459
17.620034975966796  0.0  0.0045772819979339905  0.14758494429673244  0.00132088690994399  -0.008251002655679662  0.001744968436671545  -0.0006745721526904982
18.120034975966796  0.0  0.008263783419695924  0.29265228379880864  0.002291200284485506  -0.014597068144037936  0.003053682496126938  -0.0002269324421427923
17.61889637539614  -0.15  0.005344073861844615  0.15040548829702202  0.001451853380810468  -0.009237194554048785  0.0019744296035253744  -0.0012170766816829565
17.618654718895595  0.15  0.0040191636274363755  0.14495287984110192  0.001231513315746837  -0.007443706616079739  0.0015814542414549306  -0.00022017576151261005
18.615276256855445  -0.3  0.029465522755808188  0.7591989124557711  0.006751132013608545  -0.049092150893045354  0.00981826010195918  -0.007623345334330515
18.61472046139118  0.3  0.011052058846185188  0.5093035994610482  0.00368904603467424  -0.01484831329837973  0.004596815585642264  0.006655734801146042
