#Date  :
#Flux  :
#Fluxerr  :
#ZP  :
#end  :
@INSTRUMENT  SDSS
@BAND  SDSS_z
@MAGSYS  AB
53622.334278  10.73  5.663  23.909419999999997
53623.310911  6.638  4.227  23.909419999999997
53626.297338  4.549  3.914  23.909419999999997
53627.291326  12.15  4.178  23.909419999999997
53628.282355  -2.007  4.6  23.909419999999997
53634.283933  8.735  5.325  23.909419999999997
53635.290795  5.381  4.166  23.909419999999997
53637.28374  7.548  5.806  23.909419999999997
53639.329486  1.714  3.338  23.909419999999997
53644.276348  7.719  3.529  23.909419999999997
53654.310877  4.178  3.947  23.909419999999997
53655.260996  1.092  4.817  23.909419999999997
53656.258123  2.385  5.929  23.909419999999997
53663.271456  4.103  3.189  23.909419999999997
53664.285428  -0.03912  5.353  23.909419999999997
53666.24925  -0.3832  3.821  23.909419999999997
53668.260697  4.134  6.349  23.909419999999997
53669.244691  5.465  3.936  23.909419999999997
53670.265225  0.2563  4.002  23.909419999999997
53671.329274  8.65  4.993  23.909419999999997
53673.233169  3.699  3.467  23.909419999999997
53674.228445  -2.557  3.913  23.909419999999997
53675.229823  4.763  4.023  23.909419999999997
53676.317743  -1.491  3.149  23.909419999999997
53677.250869  5.64  3.228  23.909419999999997
53679.289375  1.709  5.403  23.909419999999997
53680.237173  -0.9644  3.647  23.909419999999997
53681.281134  6.606  3.931  23.909419999999997
53685.239833  -4.354  5.38  23.909419999999997
53693.238435  3.027  3.751  23.909419999999997
53697.236926  -3.253  3.344  23.909419999999997
53698.235405  -3.571  4.313  23.909419999999997
53699.258814  2.894  4.073  23.909419999999997
53700.235559  -2.567  4.48  23.909419999999997
53704.220743  6.529  4.355  23.909419999999997
53705.221553  -0.4464  3.507  23.909419999999997
