@INSTRUMENT MEGACAMPSF
@BAND g
@MAGSYS AB
@WEIGHTMAT weightmat_SNLS_g.dat
@X_FOCAL_PLANE -7.0515225
@Y_FOCAL_PLANE -5.7882195
#Date : MJD
#Flux : 
#Fluxerr : errors (but look at the weight matrix)
#ZP : 
#end
53847.57  0.24915627  1.31197979146  27.028686
53851.41  -0.39211648  0.748341758272  27.028686
53853.42  0.70008423  0.699502078391  27.028686
53855.41  -0.076858184  0.565828080499  27.028686
53859.36  0.31381296  0.708805876701  27.028686
53875.36  1.0442891  0.566866128069  27.028686
53879.31  -0.33269812  0.643191361153  27.028686
53883.39  -0.21795783  0.746008285997  27.028686
53888.4  -0.188061  0.704636457397  27.028686
53892.38  -1.7856811  1.11540973472  27.028686
53906.37  0.79828703  0.939387169798  27.028686
53911.33  -0.5226117  0.895958630494  27.028686
53916.32  -1.5247546  0.796590712503  27.028686
53936.3  -0.67378076  0.571667126766  27.028686
53939.3  -0.2284345  0.580961152759  27.028686
53943.3  -0.061246989  0.64100930315  27.028686
