54402.2756554255    39.406992762323036    7.958848986949779     25    
54402.7756554255    46.67724147208434     7.974080719268812     25    
54403.2756554255    54.48558726820966     8.004492398636716     25    
54403.7756554255    62.80349027205085     8.095293726056402     25    
54404.2756554255    71.62789628521547     8.21114558940651      25    
54404.7756554255    80.92089695324451     8.269848305963407     25    
54405.2756554255    90.68610706210268     8.288457192936907     25    
54405.7756554255    100.88164876442748    8.308320323017906     25    
54406.2756554255    111.51240684763339    8.329393671541936     25    
54406.7756554255    122.53793295436175    8.347092324970452     25    
54407.2756554255    133.95898289056956    8.360934448317728     25    
54407.7756554255    145.74193677180952    8.373166021572116     25    
54408.2756554255    157.8780224396735     8.3829388022309       25    
54408.7756554255    170.34546897912028    8.395341142797436     25    
54409.2756554255    183.13399369087483    8.361682298793884     25    
54409.7756554255    196.21060961022403    8.390490387866818     25    
54410.2756554255    209.55819149275445    8.780116365732182     25    
54410.7756554255    223.10667278760718    9.358644403584828     25    
54411.2756554255    236.41573053920857    9.648903735525014     25    
54411.7756554255    249.54282324107265    9.710626080119631     25    
54412.2756554255    261.8644595164891     9.763112272842204     25    
54412.7756554255    273.413988497264      9.823848540985882     25    
54413.2756554255    283.72626286613337    9.861645653348761     25    
54413.7756554255    292.577155775773      9.8583667640322       25    
54414.2756554255    300.20131906828175    9.865192805702428     25    
54414.7756554255    306.573382735539      9.923514685938933     25    
54415.2756554255    311.93372385182346    10.005458173383369    25    
54415.7756554255    316.61357723830326    10.109113338804947    25    
54416.2756554255    320.6259060057446     10.212873168342012    25    
54416.7756554255    324.4075298682467     10.268556812404057    25    
54417.2756554255    327.8876678542662     10.269589148252582    25    
54417.7756554255    331.04623555250265    9.850048628047196     25    
54418.2756554255    333.9110657139222     8.853939545284167     25    
54418.7756554255    336.22544884820985    8.169111095167022     25    
54419.2756554255    337.98561713208886    8.212425619799358     25    
54419.7756554255    339.0245097837871     8.359383534102136     25    
54420.2756554255    339.2177295116406     8.351668888721985     25    
54420.7756554255    338.6593820743267     8.32717081722047      25    
54421.2756554255    337.34459548965015    8.295441517361184     25    
54421.7756554255    335.3573670662037     8.26948384330623      25    
54422.2756554255    332.88395598472425    8.308117675895847     25    
54422.7756554255    329.91415948565657    8.384311612841417     25    
54423.2756554255    326.66961553797466    8.402495256231019     25    
54423.7756554255    323.13076002823533    8.37244901473633      25    
54424.2756554255    319.330757371371      8.23322417588943      25    
54424.7756554255    315.28791691063566    7.928449765581264     25    
54425.2756554255    310.9235059300343     7.7034926193742885    25    
54425.7756554255    306.2285272776739     7.696571273828426     25    
54426.2756554255    301.16361221489245    7.732009831582059     25    
54426.7756554255    295.6691720610574     7.710050780817485     25    
54427.2756554255    289.80377566334505    7.67355241764584      25    
54427.7756554255    283.59859869829546    7.616526133089249     25    
54428.2756554255    277.08790940149316    7.553762478646699     25    
54428.7756554255    270.43225377930213    7.552106107995096     25    
54429.2756554255    263.61502072885014    7.598710353867768     25    
54429.7756554255    256.81163232910507    7.629271825967707     25    
54430.2756554255    250.0082429286771     7.676013380867167     25    
54430.7756554255    243.32395941891295    7.44002982345321      25    
54431.2756554255    236.76782313068998    6.656607370763142     25    
54431.7756554255    230.4055281758611     5.931518839582435     25    
54432.2756554255    224.26105090537985    5.826457313292281     25    
54432.7756554255    218.3760778132506     5.921098586541464     25    
54433.2756554255    212.8165530655258     5.902667191796569     25    
54433.7756554255    207.56783331585675    5.872981016720227     25    
54434.2756554255    202.65841967759928    5.809400925476875     25    
54434.7756554255    198.0765450634884     5.72419226265345      25    
54435.2756554255    193.78070377176678    5.68720171879648      25    
54435.7756554255    189.77587684790677    5.696682319449441     25    
54436.2756554255    186.0195652353764     5.700150891497358     25    
54436.7756554255    182.51728565188083    5.693730952639533     25    
54437.2756554255    179.21792255541695    5.675859722849114     25    
54437.7756554255    176.1188057967023     5.669483168948529     25    
54438.2756554255    173.17272678432977    5.594257922057726     25    
54438.7756554255    170.34995200479423    5.314295706798199     25    
54439.2756554255    167.62941654119177    4.984554368964699     25    
54439.7756554255    164.9550743021382     4.894346739007951     25    
54440.2756554255    162.33174924589787    4.938140355970981     25    
54440.7756554255    159.71421717137335    4.922216912132367     25    
54441.2756554255    157.1085335662106     4.874772510344758     25    
54441.7756554255    154.50109434216677    4.879028524826828     25    
54442.2756554255    151.89324878242272    4.94555663372906      25    
54442.7756554255    149.27244547508855    4.992116722754553     25    
54443.2756554255    146.63286678705657    5.0057794301760286    25    
54443.7756554255    143.98613942794455    4.983651285239144     25    
54444.2756554255    141.32657839853724    4.921016356673126     25    
54444.7756554255    138.68016565552603    4.808028497378506     25    
54445.2756554255    136.07050478492582    4.586687606899483     25    
54445.7756554255    133.50392170881156    4.326195180395385     25    
54446.2756554255    131.02273482370566    4.248816085734074     25    
54446.7756554255    128.61776304510332    4.29851417864488      25    
54447.2756554255    126.29064885683391    4.276119220775387     25    
54447.7756554255    124.04540250503607    4.18706705061029      25    
54448.2756554255    121.80792823159506    4.13661857726485      25    
54448.7756554255    119.58334059059885    4.143804949362211     25    
54449.2756554255    117.3068030950022     4.167215073670113     25    
54449.7756554255    114.953888953552      4.208568702373455     25    
54450.2756554255    112.52472533006133    4.233190615578206     25    
54450.7756554255    109.98819036016532    4.240946543741315     25    
54451.2756554255    107.38944612255212    4.170602840302024     25    
54451.7756554255    104.78097123659116    3.809112138100805     25    
54452.2756554255    102.16678586715013    3.235429066035127     25    
54452.7756554255    99.62734637031669     2.977474908591936     25    
54453.2756554255    97.15279909639656     3.0317936556367995    25    
54453.7756554255    94.7899077185261      3.031097699048401     25    
54454.2756554255    92.54377613159525     2.9542600642259442    25    
54454.7756554255    90.3838684040351      2.9090560747431597    25    
54455.2756554255    88.31149431543557     2.921552001043745     25    
54455.7756554255    86.30196639602451     2.957171663568924     25    
54456.2756554255    84.34255609177524     3.021083890751542     25    
54456.7756554255    82.42943252166455     3.070908055907147     25    
54457.2756554255    80.54568377722768     3.04276613517129      25    
54457.7756554255    78.70148373343368     2.970697304058729     25    
54458.2756554255    76.90854628366623     2.910991346160924     25    
54458.7756554255    75.16658772574641     2.842060740329374     25    
54459.2756554255    73.4940424029011      2.627206168638637     25    
54459.7756554255    71.88920392571265     2.2103225656987067    25    
54460.2756554255    70.36290279204147     1.9157564345957212    25    
54460.7756554255    68.91802783780156     1.910390394404136     25    
54461.2756554255    67.54735311813187     1.9411874767631312    25    
54461.7756554255    66.25074969820042     1.9160168094339338    25    
54462.2756554255    65.02299842398624     1.8890166767695222    25    
54462.7756554255    63.86044754024952     1.8648151830180129    25    
54463.2756554255    62.76102378599507     1.8453485796752496    25    
54463.7756554255    61.71871796368697     1.839474696635108     25    
54464.2756554255    60.7334315944507      1.844108558768228     25    
54464.7756554255    59.79768970902393     1.840247488319926     25    
54465.2756554255    58.912350589864154    1.8314203099466497    25    
54465.7756554255    58.0694915167715      1.9616197727827955    25    
54466.2756554255    57.269909512746764    2.2401606502875238    25    
54466.7756554255    56.506252127440916    2.425410281024996     25    
54467.2756554255    55.77823710360965     2.4460432966746213    25    
54467.7756554255    55.08010028154338     2.4986426507096358    25    