#mB  c  mBmB x1x1 cc mBx1 mBc x1c
17.56212685345136  -0.3  0.0004027955023890659  0.09920002644227272  0.00021913500919098057  0.003429219184064859  0.00021714632493449615  0.0018569330451355438
17.56288075768539  0.3  0.00045621607412601903  0.10777872168826756  0.0002493693654239687  0.003716915131426411  0.0002605860037911885  0.0019700571080433944
18.0676211446036  0.0  0.00044162016726009904  0.10846801426017892  0.00024104610447566596  0.0036906098794504604  0.0002459437067773462  0.001995558597346386
18.5676211446036  0.0  0.0004780789054379859  0.12174622482933126  0.0002608866542664597  0.0040452349745971295  0.0002666245581665166  0.0022380201348602747
19.0676211446036  0.0  0.0005603748023908718  0.14913934265534723  0.000306171750330442  0.004755309523576621  0.00031337168155328766  0.002761635916069179
18.56613467193968  -0.15  0.0004592618173291157  0.11797966357173804  0.00025063984470215754  0.003919942574818985  0.00024816842524823  0.002139332809203727
18.56654835789247  0.15  0.0005043551066295559  0.12619925140399302  0.0002753034440820509  0.004236254531738739  0.00028924586116268704  0.002367369432814782
19.562126853451357  -0.3  0.0006740170756303397  0.2041252071112366  0.00034433245255358736  0.0060886087922314685  0.00029787326869392414  0.003111388819499577
19.56288075768539  0.3  0.0009345189229330578  0.1966842547438277  0.0005145632335580586  0.007118049818165051  0.0005871629316869628  0.004711066128881635
