54025.5892483796    3.888491957960409     0.9748323539822171     25    
54026.0892483796    4.495051568287255     0.9684622422211487     25    
54026.5892483796    5.13730382380037      0.9698456142114622     25    
54027.0892483796    5.81079086954304      1.0229127064429324     25    
54027.5892483796    6.5169225508945585    1.125302920107173      25    
54028.0892483796    7.251254441655288     1.2018808822397815     25    
54028.5892483796    8.012825181459307     1.2200398679043938     25    
54029.0892483796    8.800727009589162     1.2148198000624824     25    
54029.5892483796    9.610488757710918     1.2166298346579532     25    
54030.0892483796    10.443520117364057    1.2212937306395915     25    
54030.5892483796    11.295390168025927    1.225746609617839      25    
54031.0892483796    12.165110807196283    1.2298931753672997     25    
54031.5892483796    13.051800900912156    1.233869515716777      25    
54032.0892483796    13.950976121302189    1.2377722228262762     25    
54032.5892483796    14.864045852226173    1.2415005781166006     25    
54033.0892483796    15.786592755758459    1.2457105523822134     25    
54033.5892483796    16.71914533872659     1.25293709924984       25    
54034.0892483796    17.65832224400347     1.2593602447173173     25    
54034.5892483796    18.598051612109295    1.2555479689526152     25    
54035.0892483796    19.54694041076883     1.23974510524876       25    
54035.5892483796    20.458805301285317    1.2304010735852644     25    
54036.0892483796    21.32794555863689     1.2401572453912781     25    
54036.5892483796    22.13927382206237     1.2576023267206025     25    
54037.0892483796    22.833997838158215    1.2698063682190048     25    
54037.5892483796    23.4283282021144      1.2786870244814754     25    
54038.0892483796    23.877746071657263    1.284120843834793      25    
54038.5892483796    24.1452384863171      1.283599218148101      25    
54039.0892483796    24.26438905357103     1.2803548878515718     25    
54039.5892483796    24.269087241343385    1.2808788429526703     25    
54040.0892483796    24.1407713396155      1.2844920536908668     25    
54040.5892483796    23.95901611021971     1.2896150381885148     25    
54041.0892483796    23.744802784523085    1.2978936593165928     25    
54041.5892483796    23.50796723595897     1.3061543746330135     25    
54042.0892483796    23.325743597493865    1.3062345065737426     25    
54042.5892483796    23.187715606947087    1.2981350522782544     25    
54043.0892483796    23.09023668240501     1.2884677408942604     25    
54043.5892483796    23.044977258693734    1.278735055821223      25    
54044.0892483796    23.035427704036245    1.2696188826438488     25    
54044.5892483796    23.02973470486009     1.2675236650379085     25    
54045.0892483796    23.037421792271164    1.2730930162528273     25    
54045.5892483796    23.029850507840223    1.2777708436005086     25    
54046.0892483796    22.993481308335493    1.2766777352471808     25    
54046.5892483796    22.93296696910394     1.2734453312505216     25    
54047.0892483796    22.836839776162805    1.2706925389729624     25    
54047.5892483796    22.706197021648382    1.267498652226316      25    
54048.0892483796    22.543786188603807    1.267034235358347      25    
54048.5892483796    22.349977973566354    1.2736100186447963     25    
54049.0892483796    22.125024884523697    1.282194364305363      25    
54049.5892483796    21.870602676757937    1.287133098584179      25    
54050.0892483796    21.586476883775536    1.2961152347577671     25    
54050.5892483796    21.272683615294067    1.2709716045307338     25    
54051.0892483796    20.929543203723917    1.1594985228652148     25    
54051.5892483796    20.556663199463912    1.0002438783745877     25    
54052.0892483796    20.153251116098897    0.9148182777984752     25    
54052.5892483796    19.719359674180136    0.920559978972129      25    
54053.0892483796    19.255279172145187    0.9389121090074067     25    
54053.5892483796    18.757130562877123    0.9339165705714106     25    
54054.0892483796    18.231091409566172    0.9261121111017178     25    
54054.5892483796    17.689866170557767    0.9152296899828749     25    
54055.0892483796    17.127468244222456    0.8997353578713666     25    
54055.5892483796    16.567180176385413    0.8874893095140044     25    
54056.0892483796    16.015592846175476    0.8850210633575986     25    
54056.5892483796    15.475706415145405    0.8868462174114858     25    
54057.0892483796    14.97191691625003     0.8858565310634556     25    
54057.5892483796    14.499449644233652    0.8837293782690482     25    
54058.0892483796    14.066969856719702    0.8761312439404929     25    
54058.5892483796    13.680528956129827    0.8553237124795621     25    
54059.0892483796    13.336844438960515    0.8295286843873838     25    
54059.5892483796    13.036367525782754    0.8181770310070108     25    
54060.0892483796    12.779106763603203    0.822036540555967      25    
54060.5892483796    12.564711963995446    0.8269947731878496     25    
54061.0892483796    12.395271098022096    0.826610140360803      25    
54061.5892483796    12.267414757380557    0.8242866134994274     25    
54062.0892483796    12.173913457996262    0.818726280906923      25    
54062.5892483796    12.118471284566724    0.8086579885974837     25    
54063.0892483796    12.086516627763379    0.8010741815830551     25    
54063.5892483796    12.073721566075227    0.8014366055885054     25    
54064.0892483796    12.078356037256667    0.8053612929172528     25    
54064.5892483796    12.084669196623485    0.8073486583317022     25    
54065.0892483796    12.095261255183404    0.8081124633475292     25    
54065.5892483796    12.106647780203811    0.8074818157593738     25    
54066.0892483796    12.114387524926023    0.8097954800366385     25    
54066.5892483796    12.12239249674211     0.8080623913190493     25    
54067.0892483796    12.135982109353094    0.7802582027653759     25    
54067.5892483796    12.153513553049578    0.7170017613160253     25    
54068.0892483796    12.180094929259102    0.6607130608914864     25    
54068.5892483796    12.219499176042422    0.6502199684595963     25    
54069.0892483796    12.26914498182108     0.6613972582662576     25    
54069.5892483796    12.327883633322848    0.6636944975929243     25    
54070.0892483796    12.397997160149757    0.6586129189075236     25    
54070.5892483796    12.46872542660424     0.6568676648186085     25    
54071.0892483796    12.536912660277949    0.665276433317947      25    
54071.5892483796    12.601326921162356    0.6775150550775281     25    
54072.0892483796    12.650188624077403    0.6840709185900806     25    
54072.5892483796    12.685187090465838    0.6861946046210283     25    
54073.0892483796    12.704661359264374    0.6838489997269036     25    
54073.5892483796    12.704683437846167    0.6688590592841498     25    
54074.0892483796    12.689472311180365    0.6522840437015511     25    
54074.5892483796    12.666923561463735    0.667231404087679      25    
54075.0892483796    12.634579086981667    0.7162799667227862     25    
54075.5892483796    12.600125388844493    0.7571972458855346     25    
54076.0892483796    12.568310800990307    0.7695513617830144     25    
54076.5892483796    12.536823610632556    0.7692360477924711     25    
54077.0892483796    12.507549508566635    0.7658617978239979     25    
54077.5892483796    12.482446696698899    0.7566682043171344     25    
54078.0892483796    12.451031149443306    0.7496160166927163     25    
54078.5892483796    12.410283449173537    0.7515087495527822     25    
54079.0892483796    12.358982128004508    0.7575401852784924     25    
54079.5892483796    12.285437524932558    0.7632339406575297     25    
54080.0892483796    12.191518168975476    0.7703593175486435     25    
54080.5892483796    12.074319267912678    0.7727578671713236     25    
54081.0892483796    11.929320161034585    0.7743729059881945     25    
54081.5892483796    11.760783369624699    0.765860176670167      25    
54082.0892483796    11.575958638471194    0.7077730001672207     25    
54082.5892483796    11.372500262672085    0.5688638712238436     25    
54083.0892483796    11.157893568547626    0.4171930719406546     25    
54083.5892483796    10.935476936605134    0.36998975219924596    25    
54084.0892483796    10.705002199664387    0.38984395671719474    25    
54084.5892483796    10.472951745694429    0.39155340700906155    25    
54085.0892483796    10.238411439344882    0.38120187126455346    25    
54085.5892483796    10.002525273822641    0.37286352424774943    25    
54086.0892483796    9.766050955142552     0.3701219035706686     25    
54086.5892483796    9.528942144261391     0.37080621915172046    25    
54087.0892483796    9.292620326370923     0.37326730160495425    25    
54087.5892483796    9.05659122134104      0.37899298291400396    25    
54088.0892483796    8.822477574801024     0.38164170553893145    25    
54088.5892483796    8.590676468959561     0.3761742098134383     25    
54089.0892483796    8.36160955002435      0.36607255324059784    25    
54089.5892483796    8.137885756195852     0.35536743351937505    25    
54090.0892483796    7.918735474084748     0.342401638308052      25    
54090.5892483796    7.7065051555635655    0.3323728247168446     25    
54091.0892483796    7.50238005292343      0.3310718040730201     25    
54091.5892483796    7.306146547510137     0.33420694023254144    25    
54092.0892483796    7.119694213401299     0.3345661253446005     25    
54092.5892483796    6.943038914023761     0.3324614279349579     25    
54093.0892483796    6.775285033864746     0.32956590588668694    25    
54093.5892483796    6.616288708026496     0.32617715237411626    25    
54094.0892483796    6.465879211966737     0.32230453391730146    25    
54094.5892483796    6.32300713953617      0.3188224917823085     25    
54095.0892483796    6.187969995261714     0.3155351202058026     25    
54095.5892483796    6.059875773488369     0.31297699978877663    25    
54096.0892483796    5.938359904823636     0.3116771846353486     25    
54096.5892483796    5.823368941628748     0.31128372302634977    25    
54097.0892483796    5.713852473150911     0.310841921447456      25    
54097.5892483796    5.610107055843402     0.30886123034654867    25    
54098.0892483796    5.511244113724659     0.3123056437825464     25    
54098.5892483796    5.416893648630723     0.328526365020918      25    
54099.0892483796    5.327007159192523     0.34949815540750867    25    
54099.5892483796    5.240532252489118     0.36119859773553653    25    
54100.0892483796    5.157764503040368     0.3622441271453428     25    
54100.5892483796    5.077818781468044     0.36804813311396495    25    
54101.0892483796    5.000319677766612     0.3820564046447929     25    