54062.868430528295    3.77314955901391      0.6783991389201509     25    
54063.368430528295    4.283509264825495     0.6740713575268934     25    
54063.868430528295    4.819257018102472     0.671302469966108      25    
54064.368430528295    5.376092584780025     0.6928933668868505     25    
54064.868430528295    5.955059127671234     0.7524016229070347     25    
54065.368430528295    6.554341349008487     0.8149612635621385     25    
54065.868430528295    7.170149393958508     0.8462702690493838     25    
54066.368430528295    7.804190086777433     0.849433348496029      25    
54066.868430528295    8.453474089023036     0.8440742614874498     25    
54067.368430528295    9.115062177914638     0.8443575727728064     25    
54067.868430528295    9.790644333509329     0.8455109953356464     25    
54068.368430528295    10.476397429511332    0.8463014095653395     25    
54068.868430528295    11.170573128013627    0.8466163167122263     25    
54069.368430528295    11.874164059232161    0.8465212356451389     25    
54069.868430528295    12.582853978774265    0.8461795071570678     25    
54070.368430528295    13.296424435620741    0.8454188615591237     25    
54070.868430528295    14.01449145531116     0.8444814591436935     25    
54071.368430528295    14.732798380800432    0.8436390021394252     25    
54071.868430528295    15.452885796591245    0.834883020961399      25    
54072.368430528295    16.172017923707287    0.8334238104131602     25    
54072.868430528295    16.885926917371595    0.8642530526725167     25    
54073.368430528295    17.59923178801153     0.9319774675435338     25    
54073.868430528295    18.300519936746262    0.9960698774438786     25    
54074.368430528295    18.980586335526773    1.0260666638756417     25    
54074.868430528295    19.645451885936158    1.0336626131169362     25    
54075.368430528295    20.278573052428186    1.0357761134359125     25    
54075.868430528295    20.8721837940589      1.041639468793976      25    
54076.368430528295    21.430627100589156    1.0461023212360785     25    
54076.868430528295    21.9384880568817      1.0485037679888947     25    
54077.368430528295    22.388112616596004    1.046645962292847      25    
54077.868430528295    22.78703771992219     1.0432744618948426     25    
54078.368430528295    23.14201872051394     1.0449538658626358     25    
54078.868430528295    23.447588827434547    1.0531079997908566     25    
54079.368430528295    23.713938112276       1.06440750364882       25    
54079.868430528295    23.956411791478114    1.0768874359158402     25    
54080.368430528295    24.168388290701955    1.0933882878569905     25    
54080.868430528295    24.360953591924915    1.106114614409348      25    
54081.368430528295    24.54700374058294     1.110791878562646      25    
54081.868430528295    24.72208412225223     1.11228266825024       25    
54082.368430528295    24.88414556881075     1.0902014976878198     25    
54082.868430528295    25.03485259515019     1.012627107481678      25    
54083.368430528295    25.17318446790353     0.8856738680265132     25    
54083.868430528295    25.288769960414395    0.7824627357708418     25    
54084.368430528295    25.381129675988465    0.7637800301660098     25    
54084.868430528295    25.449420717616366    0.7877988834839318     25    
54085.368430528295    25.48437971406855     0.800993646132804      25    
54085.868430528295    25.484455145418714    0.7996642125295577     25    
54086.368430528295    25.45344890253085     0.7963556457943239     25    
54086.868430528295    25.393243023882036    0.7932977610864753     25    
54087.368430528295    25.300872089654963    0.7887160899721232     25    
54087.868430528295    25.18447752313389     0.7867617805679126     25    
54088.368430528295    25.050582502181886    0.7934266900819266     25    
54088.868430528295    24.895456088819593    0.8079320325058331     25    
54089.368430528295    24.727684046724768    0.818827189152933      25    
54089.868430528295    24.552409381320995    0.8234989703372464     25    
54090.368430528295    24.36667726807351     0.8234165164325516     25    
54090.868430528295    24.172538581292887    0.801706421199717      25    
54091.368430528295    23.97159542254843     0.7333902846554174     25    
54091.868430528295    23.761990766596053    0.6371788904088359     25    
54092.368430528295    23.540953275047       0.5726054651268825     25    
54092.868430528295    23.30925370887932     0.5679468192804313     25    
54093.368430528295    23.065602045369257    0.5862003922534011     25    
54093.868430528295    22.807470651654683    0.5915095777989477     25    
54094.368430528295    22.535281580696275    0.5901434000500022     25    
54094.868430528295    22.249411581881922    0.5871455560581021     25    
54095.368430528295    21.949573129116867    0.5817754183904262     25    
54095.868430528295    21.635589814958983    0.5731936795613951     25    
54096.368430528295    21.309543214947514    0.5690412687827262     25    
54096.868430528295    20.97209955169428     0.5769031170973868     25    
54097.368430528295    20.622919670235905    0.5917530993509112     25    
54097.868430528295    20.26446698738235     0.6016465160255743     25    
54098.368430528295    19.89536853558052     0.6028651112206227     25    
54098.868430528295    19.51783515844269     0.5994821668629319     25    
54099.368430528295    19.138054229226814    0.5929294485611373     25    
54099.868430528295    18.752996430105544    0.5807263024159233     25    
54100.368430528295    18.368198241691       0.5673787345158532     25    
54100.868430528295    17.9918971707211      0.5602154142250992     25    
54101.368430528295    17.620116931703393    0.5592751511603142     25    
54101.868430528295    17.26004496371758     0.5598049096200463     25    
54102.368430528295    16.918627313806475    0.5586322801646884     25    
54102.868430528295    16.592718003485935    0.557274642167886      25    
54103.368430528295    16.28528778134682     0.5536857911981294     25    
54103.868430528295    15.99890827553994     0.5447030740228822     25    
54104.368430528295    15.731958824399664    0.5322106939389765     25    
54104.868430528295    15.482163681650729    0.523663159460571      25    
54105.368430528295    15.24969978778238     0.5230831905228883     25    
54105.868430528295    15.034039860282428    0.5261315231439023     25    
54106.368430528295    14.832827873762636    0.5279145092591708     25    
54106.868430528295    14.647224157836675    0.5285867816636637     25    
54107.368430528295    14.475101862504705    0.5284999604749694     25    
54107.868430528295    14.313508392431077    0.5267734086078936     25    
54108.368430528295    14.164270235409672    0.5232623112299757     25    
54108.868430528295    14.023441013900673    0.519072545444156      25    
54109.368430528295    13.887975350153253    0.5147703315497357     25    
54109.868430528295    13.759676773796505    0.5098612057733061     25    
54110.368430528295    13.633907535588069    0.5064051698301547     25    
54110.868430528295    13.508520338461548    0.5066898736634925     25    
54111.368430528295    13.384740260079411    0.5091776619204704     25    
54111.868430528295    13.25996796214347     0.5096420761478921     25    
54112.368430528295    13.133386591788737    0.5044547264529866     25    
54112.868430528295    13.005856803748017    0.4982417919965516     25    
54113.368430528295    12.877659440201908    0.49883007505927224    25    
54113.868430528295    12.748644587163213    0.5091313491392527     25    
54114.368430528295    12.619091202975783    0.5213476562383149     25    
54114.868430528295    12.489360712773536    0.5281477933761602     25    
54115.368430528295    12.359200772268597    0.5317420995189469     25    
54115.868430528295    12.229200243824655    0.5311800271066046     25    
54116.368430528295    12.099734989466805    0.5247798839911969     25    
54116.868430528295    11.970532703074701    0.513016461030388      25    
54117.368430528295    11.842612926585847    0.4955888592839852     25    
54117.868430528295    11.716292242302403    0.46727617234318597    25    
54118.368430528295    11.591420138521325    0.42996379058261325    25    
54118.868430528295    11.469078703646797    0.40307752893046495    25    
54119.368430528295    11.349897577664992    0.40096860230914433    25    
54119.868430528295    11.23307522743856     0.4094458316354276     25    
54120.368430528295    11.117725253411223    0.409384198209451      25    
54120.868430528295    11.005201883003531    0.3972486366204172     25    
54121.368430528295    10.89268722423826     0.3836116030254717     25    
54121.868430528295    10.77683056421312     0.3788467051624139     25    
54122.368430528295    10.659396751821054    0.38212119905867636    25    
54122.868430528295    10.536957758520483    0.3883542129653212     25    
54123.368430528295    10.406404601300869    0.39536674438136177    25    
54123.868430528295    10.269150586263779    0.4046168961508197     25    
54124.368430528295    10.124326919435996    0.4099769365530144     25    
54124.868430528295    9.970201326542        0.40750128881981273    25    
54125.368430528295    9.808122436091844     0.39989479950015006    25    
54125.868430528295    9.642651552483557     0.38988665016578833    25    
54126.368430528295    9.473221723866901     0.37546626205147954    25    
54126.868430528295    9.301141693930747     0.3592860438080439     25    
54127.368430528295    9.131227600615823     0.3496445958209359     25    
54127.868430528295    8.962534549827835     0.34991363976729956    25    
54128.368430528295    8.796232696495627     0.35224089251380636    25    
54128.868430528295    8.63497411391921      0.3479191961661607     25    
54129.368430528295    8.478445492831819     0.33680184483519815    25    
54129.868430528295    8.32527789655842      0.3268303505655162     25    
54130.368430528295    8.174858004358514     0.32508328736567405    25    
54130.868430528295    8.027607213229064     0.3290618016960614     25    
54131.368430528295    7.881937740329172     0.33540368934368       25    
54131.868430528295    7.737162317659377     0.34470057073998617    25    
54132.368430528295    7.593689812926616     0.35577931720734113    25    
54132.868430528295    7.450833452951986     0.36045012829084033    25    
54133.368430528295    7.307947716231591     0.3553687316767238     25    
54133.868430528295    7.165951756355486     0.345009658019147      25    
54134.368430528295    7.026189075777583     0.3342841126680845     25    
54134.868430528295    6.888092097657493     0.32382968636658377    25    
54135.368430528295    6.752666093550995     0.3108114650284396     25    
54135.868430528295    6.621307501294601     0.2912222489224325     25    
54136.368430528295    6.493429650365663     0.2612944873277782     25    
54136.868430528295    6.369883988043251     0.2322118593445079     25    
54137.368430528295    6.251541945183695     0.21981934688057647    25    
54137.868430528295    6.138038983160929     0.22153428973385322    25    
54138.368430528295    6.0291253280999655    0.2242889633738032     25    
54138.868430528295    5.9248040298765146    0.22132994428254535    25    
54139.368430528295    5.825045317553953     0.21718890607948882    25    
54139.868430528295    5.729434667267148     0.21309060005152772    25    
54140.368430528295    5.638020709048774     0.2088998209629382     25    
54140.868430528295    5.550693245596        0.20493478991348454    25    
54141.368430528295    5.467068742364661     0.20245314922235982    25    
54141.868430528295    5.387287699808        0.20159626302414888    25    
54142.368430528295    5.311114512730759     0.20187887079992278    25    
54142.868430528295    5.238231291024223     0.20233681695219172    25    
54143.368430528295    5.168806191635009     0.20189006963573058    25    
54143.868430528295    5.102510308439058     0.20590850982647677    25    
54144.368430528295    5.0391235027266585    0.22024827552500323    25    
54144.868430528295    4.978777374010662     0.24144451591644203    25    
54145.368430528295    4.921081822201743     0.25841494077293214    25    
54145.868430528295    4.865946566952815     0.2637149293992132     25    
54146.368430528295    4.813402436415773     0.2648477113806444     25    
54146.868430528295    4.763035908878969     0.2754962386695935     25    