58046.967427395764    496.19643601397144    84.97736715596017     25    
58047.467427395764    592.8909581079328     85.25421686955396     25    
58047.967427395764    696.7847793953048     85.75104613438583     25    
58048.467427395764    807.4866367223755     86.98291500886573     25    
58048.967427395764    924.73217072377       88.28268279317895     25    
58049.467427395764    1048.0705150197016    88.83830058971073     25    
58049.967427395764    1177.2938345364007    89.09239069400286     25    
58050.467427395764    1311.8978175369411    89.39404992025699     25    
58050.967427395764    1451.7249953702262    89.64361593192004     25    
58051.467427395764    1596.2237688111272    89.81627107426588     25    
58051.967427395764    1745.2808777622804    89.9332842441783      25    
58052.467427395764    1898.3035933792912    90.01025914127979     25    
58052.967427395764    2055.2167062495937    90.08392938653046     25    
58053.467427395764    2215.5060325024483    89.76731719525131     25    
58053.967427395764    2378.9478506020655    89.8716104782389      25    
58054.467427395764    2544.928462848375     94.66758713735868     25    
58054.967427395764    2712.495447368445     102.00821359289577    25    
58055.467427395764    2875.915480549081     105.45220114676437    25    
58055.967427395764    3034.9457803673554    106.32822187207992    25    
58056.467427395764    3181.511457996211     107.23774346254302    25    
58056.967427395764    3315.8731941887822    107.98428145131143    25    
58057.467427395764    3430.382721742574     108.20330827251925    25    
58057.967427395764    3525.429104757437     107.91652162050352    25    
58058.467427395764    3603.8069737862907    108.37867154420226    25    
58058.967427395764    3665.292164885687     109.5891720402839     25    
58059.467427395764    3717.0910274901617    111.08543864459888    25    
58059.967427395764    3759.0798381536492    112.95084490026541    25    
58060.467427395764    3797.556486478677     113.71594761191459    25    
58060.967427395764    3833.23316423088      113.57538364317101    25    
58061.467427395764    3865.2182494567833    109.09029245713607    25    
58061.967427395764    3894.0458315469455    97.5197504359649      25    
58062.467427395764    3915.840356101981     89.87319209471704     25    
58062.967427395764    3930.3591048032335    91.13075631315984     25    
58063.467427395764    3934.6459254426695    92.6334300453457      25    
58063.967427395764    3927.4698993143       92.2877359134627      25    
58064.467427395764    3910.473383743198     91.80614461510372     25    
58064.967427395764    3883.191435486356     91.20400825853629     25    
58065.467427395764    3849.0470050164136    91.22607121384367     25    
58065.967427395764    3808.8179831351745    92.69934995154122     25    
58066.467427395764    3765.0289332582242    93.74096343027706     25    
58066.967427395764    3719.350061810606     93.65476505361725     25    
58067.467427395764    3671.562368255905     92.07298441102847     25    
58067.967427395764    3622.379779342582     87.23718899905778     25    
58068.467427395764    3570.5976622485246    82.64952791283568     25    
58068.967427395764    3515.642094680896     82.37114726446819     25    
58069.467427395764    3456.928302015399     83.2356273523988      25    
58069.967427395764    3393.4341305977487    83.01882298189525     25    
58070.467427395764    3325.715817391668     82.51971248177722     25    
58070.967427395764    3253.717299953642     81.55323842449002     25    
58071.467427395764    3178.249556208338     80.7167096152657      25    
58071.967427395764    3100.374971327478     81.30368534843727     25    
58072.467427395764    3020.4838625959455    82.30676590218522     25    
58072.967427395764    2939.805139098035     82.92692198085872     25    
58073.467427395764    2858.524162743357     82.3350910429968      25    
58073.967427395764    2777.7666150729415    76.24523210084458     25    
58074.467427395764    2697.6300391173313    66.97834753514044     25    
58074.967427395764    2619.112624289304     63.93853558389719     25    
58075.467427395764    2542.2918123907434    64.92905752129373     25    
58075.967427395764    2468.274166622612     64.85144931805635     25    
58076.467427395764    2396.969317585573     64.46143058473285     25    
58076.967427395764    2328.9227119369043    63.41351687669969     25    
58077.467427395764    2264.04962555111      61.90161882434451     25    
58077.967427395764    2202.2827426632007    61.33891055683344     25    
58078.467427395764    2143.6194381675223    61.549649487642135    25    
58078.967427395764    2088.015485736165     61.56672812374341     25    
58079.467427395764    2035.4607421718174    61.43782610978433     25    
58079.967427395764    1985.5580269300726    61.15538529622044     25    
58080.467427395764    1938.326255140421     60.72808134334221     25    
58080.967427395764    1892.9848369102112    59.25204125389409     25    
58081.467427395764    1849.556625400669     56.48408819105842     25    
58081.967427395764    1807.2706295119046    55.06173188810192     25    
58082.467427395764    1766.1057441859793    55.47679012318698     25    
58082.967427395764    1725.6518791193791    55.41477202225083     25    
58083.467427395764    1685.8520245276554    54.424095871101805    25    
58083.967427395764    1646.6943542065053    54.20127731508132     25    
58084.467427395764    1608.1720999731133    55.24812651520367     25    
58084.967427395764    1570.247391846068     56.002873913758464    25    
58085.467427395764    1532.8903888556356    56.202228571719985    25    
58085.967427395764    1496.1944005574653    55.71281162263433     25    
58086.467427395764    1460.1302842093428    54.314206624006374    25    
58086.967427395764    1424.9393080627754    52.36574577191534     25    
58087.467427395764    1390.6653233083148    49.51075585437106     25    
58087.967427395764    1357.5102719806705    47.433834765040224    25    
58088.467427395764    1325.629883094798     47.83068240023107     25    
58088.967427395764    1294.8824540856535    48.216101442555086    25    
58089.467427395764    1265.3780778586238    46.85477712578435     25    
58089.967427395764    1236.6094142753586    45.545113620640535    25    
58090.467427395764    1208.3369572093227    45.51030837693666     25    
58090.967427395764    1180.2016130030083    45.961028242789       25    
58091.467427395764    1151.7620223681113    46.738209406740985    25    
58091.967427395764    1123.0541193354893    47.30864765133625     25    
58092.467427395764    1093.7794354042344    47.147139298268854    25    
58092.967427395764    1064.3524878993094    45.8824071282748      25    
58093.467427395764    1035.148978288482     41.515392347812885    25    
58093.967427395764    1006.3689871722743    35.96653357018755     25    
58094.467427395764    978.5645760164083     34.671486675412616    25    
58094.967427395764    951.7275521086821     35.37418095294532     25    
58095.467427395764    926.2486136028468     34.488033914785966    25    
58095.967427395764    901.9511443756411     33.23444901542254     25    
58096.467427395764    878.6334486917956     33.05711991794659     25    
58096.967427395764    856.2532779303763     33.58164557630771     25    
58097.467427395764    834.513859000989      34.550305137487875    25    
58097.967427395764    813.4355263455827     35.69880101122608     25    
58098.467427395764    792.8309986886911     35.58693581872442     25    
58098.967427395764    772.7528772711333     34.53458767922801     25    
58099.467427395764    753.3554783997042     33.455713810483076    25    
58099.967427395764    734.6420159329626     32.15818343889632     25    
58100.467427395764    716.8104416672611     29.20776529687858     25    
58100.967427395764    699.8512090201992     24.307881581771237    25    
58101.467427395764    683.8853418102024     21.71168238328868     25    
58101.967427395764    668.908561493375      22.08370176350176     25    
58102.467427395764    654.8191357277778     22.092503247923908    25    
58102.967427395764    641.6212256491485     21.69385353916776     25    
58103.467427395764    629.1967575528163     21.28109986478375     25    
58103.967427395764    617.5483672703492     20.846759932695548    25    
58104.467427395764    606.5625264885737     20.57062020141603     25    
58104.967427395764    596.2397596775781     20.48225517366791     25    
58105.467427395764    586.469151631405      20.48603005162671     25    
58105.967427395764    577.2481119671892     20.33920790531778     25    
58106.467427395764    568.4693420776614     21.677684602393008    25    
58106.967427395764    560.1261332355358     25.02764251766371     25    
58107.467427395764    552.1158069236972     27.334346863025974    25    
58107.967427395764    544.4265325789705     27.7331029404807      25    
58108.467427395764    536.961255265864      28.776761102289665    25    