54338.43804423581    4.708108559897845     0.949846517616869      25    
54338.93804423581    5.396047311899504     0.934352614016293      25    
54339.43804423581    6.114331188689488     0.9325368352910984     25    
54339.93804423581    6.8542140797932465    1.0272630525653748     25    
54340.43804423581    7.618476213155071     1.2050379611753763     25    
54340.93804423581    8.398492241142995     1.3319986648659923     25    
54341.43804423581    9.192216390883607     1.359375184945987      25    
54341.93804423581    9.998081171707609     1.3471165945353003     25    
54342.43804423581    10.807224479464084    1.3460696713005607     25    
54342.93804423581    11.62242018320904     1.3499477496334908     25    
54343.43804423581    12.435166877597238    1.3532090181564131     25    
54343.93804423581    13.243182033236256    1.3556118890409412     25    
54344.43804423581    14.04513014680964     1.3573301731201992     25    
54344.93804423581    14.832039479378272    1.3583668417487351     25    
54345.43804423581    15.606671182221731    1.3584643380908412     25    
54345.93804423581    16.36065097172553     1.3589146614439893     25    
54346.43804423581    17.091987523843695    1.3543166510599318     25    
54346.93804423581    17.798768827073477    1.3535694584949185     25    
54347.43804423581    18.47115226250186     1.3825597711548907     25    
54347.93804423581    19.114824425700927    1.443927084390364      25    
54348.43804423581    19.70714736805626     1.4979220362387164     25    
54348.93804423581    20.242524791473162    1.523715671336857      25    
54349.43804423581    20.716504419959183    1.53705612001065       25    
54349.93804423581    21.099707434307728    1.5485651242530134     25    
54350.43804423581    21.399175462768984    1.557629361322672      25    
54350.93804423581    21.596872162039602    1.5618012709819264     25    
54351.43804423581    21.67004139850396     1.556487451836991      25    
54351.93804423581    21.63986610743649     1.5475530987078152     25    
54352.43804423581    21.541120859185185    1.550665286971773      25    
54352.93804423581    21.357423105837633    1.5657537690327321     25    
54353.43804423581    21.147444012944074    1.5855258802892194     25    
54353.93804423581    20.935165353945433    1.6119569898073545     25    
54354.43804423581    20.721299634749776    1.6390581526839212     25    
54354.93804423581    20.568135694953952    1.6468084509128174     25    
54355.43804423581    20.473226609176322    1.6405245462866274     25    
54355.93804423581    20.422903499480217    1.6058002678265637     25    
54356.43804423581    20.423603695326847    1.5072778019455404     25    
54356.93804423581    20.463311295548806    1.3708041594283615     25    
54357.43804423581    20.500851072172587    1.3003862920553568     25    
54357.93804423581    20.546788475530835    1.3158135440286853     25    
54358.43804423581    20.570803697838645    1.3441913652889452     25    
54358.93804423581    20.54923129126555     1.343597142263216      25    
54359.43804423581    20.493611968268453    1.336830806605075      25    
54359.93804423581    20.401558586586773    1.3329705852347593     25    
54360.43804423581    20.2683407398702      1.329588250694059      25    
54360.93804423581    20.113397550741187    1.3340588850943853     25    
54361.43804423581    19.945576029404304    1.3588987347979729     25    
54361.93804423581    19.76406795482582     1.3921521438580777     25    
54362.43804423581    19.589346430727854    1.4056166054002075     25    
54362.93804423581    19.422805120316372    1.4030924195388943     25    
54363.43804423581    19.254697315382884    1.3781688741651281     25    
54363.93804423581    19.085965472121018    1.306114619223717      25    
54364.43804423581    18.91178117993449     1.203245979649283      25    
54364.93804423581    18.70610238306621     1.1485772949371602     25    
54365.43804423581    18.475013816501168    1.1606521186291592     25    
54365.93804423581    18.20068949670653     1.1836141575782482     25    
54366.43804423581    17.865429874618165    1.183880164653013      25    
54366.93804423581    17.47844784287793     1.177272180027024      25    
54367.43804423581    17.045529280824663    1.1641319803214645     25    
54367.93804423581    16.55926843970042     1.139286593460087      25    
54368.43804423581    16.044964762991242    1.1199233630421745     25    
54368.93804423581    15.51643292215518     1.1251502715816308     25    
54369.43804423581    14.971696661906835    1.143446462597277      25    
54369.93804423581    14.441149350316076    1.1516684140159676     25    
54370.43804423581    13.920629106162199    1.1473097038931805     25    
54370.93804423581    13.42173004477711     1.1413158764257008     25    
54371.43804423581    12.955489290249565    1.1398984294903771     25    
54371.93804423581    12.51825636879747     1.140360414691893      25    
54372.43804423581    12.119205724778968    1.1431182279968761     25    
54372.93804423581    11.756488395557408    1.1496715758604612     25    
54373.43804423581    11.435741059845192    1.1549431669452046     25    
54373.93804423581    11.163860629109772    1.1554150687738258     25    
54374.43804423581    10.937369371616358    1.1522413056392151     25    
54374.93804423581    10.75193633833694     1.141675558919306      25    
54375.43804423581    10.61182040730823     1.1188964101858905     25    
54375.93804423581    10.503645938429456    1.0980146535660567     25    
54376.43804423581    10.418660922456748    1.093875318655762      25    
54376.93804423581    10.358768985072604    1.0995248373921487     25    
54377.43804423581    10.30658855989315     1.1032232801944402     25    
54377.93804423581    10.262155957201152    1.1046490771200226     25    
54378.43804423581    10.224827733364332    1.1045019641080518     25    
54378.93804423581    10.189662803904628    1.1016489249328123     25    
54379.43804423581    10.159485891427183    1.0965891591315624     25    
54379.93804423581    10.14380204974975     1.0898168941280002     25    
54380.43804423581    10.140735171815034    1.0794937391161306     25    
54380.93804423581    10.156392775096505    1.0709188144578983     25    
54381.43804423581    10.198407718225779    1.0711691787000206     25    
54381.93804423581    10.263583617078224    1.0767543613822896     25    
54382.43804423581    10.349480784012094    1.0766747748278804     25    
54382.93804423581    10.460610967752604    1.0651878201724714     25    
54383.43804423581    10.583917997155265    1.0575198289889585     25    
54383.93804423581    10.70974863031375     1.0707343347520637     25    
54384.43804423581    10.84064854809835     1.0965611977332193     25    
54384.93804423581    10.958680980460613    1.1133885594249096     25    
54385.43804423581    11.062839300869733    1.1202583715783787     25    
54385.93804423581    11.153656071129529    1.1186054734693296     25    
54386.43804423581    11.225685622680043    1.1036635638092431     25    
54386.93804423581    11.281745620456986    1.0773831908168605     25    
54387.43804423581    11.33773265096864     1.0535454090561507     25    
54387.93804423581    11.39089311830531     1.0316696929358893     25    
54388.43804423581    11.450970004449196    1.0159100346267713     25    
54388.93804423581    11.530661883630446    1.0173525906706051     25    
54389.43804423581    11.625477726353319    1.0312903545254626     25    
54389.93804423581    11.736848913939847    1.0342851292651114     25    
54390.43804423581    11.871129286629296    1.0160871731605705     25    
54390.93804423581    12.01214412279146     0.9990862676609075     25    
54391.43804423581    12.14694999785771     1.0064027936661855     25    
54391.93804423581    12.279392436033934    1.0294110919779835     25    
54392.43804423581    12.386414382837776    1.0512642832037806     25    
54392.93804423581    12.467979112955824    1.075181122219031      25    
54393.43804423581    12.519403399566158    1.090292428788297      25    
54393.93804423581    12.5297662140055      1.0848347668874105     25    
54394.43804423581    12.502807732417466    1.0623917271639114     25    
54394.93804423581    12.444174971594554    1.002172092850686      25    
54395.43804423581    12.352767963649598    0.8632595144067533     25    
54395.93804423581    12.232460818812319    0.6971011586087068     25    
54396.43804423581    12.087731874507632    0.622793066908853      25    
54396.93804423581    11.917160810882468    0.6311831648700346     25    
54397.43804423581    11.72740105407195     0.6364309216867208     25    
54397.93804423581    11.517793713099204    0.6197305383940629     25    
54398.43804423581    11.291624345271156    0.6049135109657856     25    
54398.93804423581    11.0533496806069      0.6025027462818782     25    
54399.43804423581    10.801530604819334    0.6095327202696736     25    
54399.93804423581    10.5426662802814      0.6199061222973115     25    
54400.43804423581    10.276244357380643    0.6371124549173519     25    
54400.93804423581    10.005281169085437    0.6510445246554676     25    
54401.43804423581    9.734246933817476     0.6473762929245108     25    
54401.93804423581    9.461687662327213     0.6301507071398077     25    
54402.43804423581    9.193362930600443     0.610297739765842      25    
54402.93804423581    8.928869747107175     0.5936331753070826     25    
54403.43804423581    8.670875995914088     0.5697799779851793     25    
54403.93804423581    8.423802306778127     0.5203477267751245     25    
54404.43804423581    8.186259345554998     0.4412650991428072     25    
54404.93804423581    7.961846873733461     0.3784099900819209     25    
54405.43804423581    7.751869981134289     0.36858244609404645    25    
54405.93804423581    7.5546606157806675    0.3791078220286339     25    
54406.43804423581    7.36939917056478      0.3760154828556897     25    
54406.93804423581    7.196396389991312     0.36851910240732927    25    
54407.43804423581    7.033654375963423     0.36088952455617734    25    
54407.93804423581    6.881249682167509     0.3530056802701529     25    
54408.43804423581    6.738336015800006     0.34594039572213964    25    
54408.93804423581    6.603424821827594     0.3421459380529718     25    
54409.43804423581    6.477017054532961     0.3411265501136712     25    
54409.93804423581    6.357163078174015     0.3417602345337073     25    
54410.43804423581    6.243903250343633     0.3326010370563315     25    
54410.93804423581    6.136433926528554     0.33730072376488957    25    
54411.43804423581    6.033235872434487     0.3939929026980537     25    
54411.93804423581    5.934822300378956     0.48045417067726703    25    
54412.43804423581    5.839256190008009     0.5362076801173506     25    
54412.93804423581    5.746540410103393     0.5453399993348984     25    
54413.43804423581    5.655914610800986     0.5461925206659102     25    
54413.93804423581    5.5658295249043315    0.5683851200569701     25    