@INSTRUMENT DECam
@BAND DECam_g
@MAGSYS AB
#Date : MJD
#Flux : 
#Fluxerr : 
#ZP : 
#end
57345.312  -5.884  5.5668  27.487295499697606
57355.238  5.4615  11.465  27.487295499697606
57365.182  62.271  3.0818  27.487295499697606
57372.237  77.761  7.0125  27.487295499697606
57375.046  57.584  10.112  27.487295499697606
57385.148  32.287  6.8983  27.487295499697606
57389.149  25.808  5.1569  27.487295499697606
57394.158  9.0595  4.9397  27.487295499697606
57401.136  9.8406  2.682  27.487295499697606
57408.065  -12.313  14.51  27.487295499697606
57425.146  -1.28  6.2465  27.487295499697606
