48179.78579844493    11.512054928275996    11.512054928280337    25    
48180.28579844493    17.117278773150325    9.015408334418428     25    
48180.78579844493    24.120215763126073    13.029439348186246    25    
48181.28579844493    32.71755912112004     29.425168910688686    25    
48181.78579844493    42.98731119374904     41.36780841867744     25    
48182.28579844493    55.17738684820063     44.1260214383668      25    
48182.78579844493    69.32106582192644     43.292158613361444    25    
48183.28579844493    85.70448655617362     43.353720006974015    25    
48183.78579844493    104.32920424943963    43.4985111191642      25    
48184.28579844493    125.5065828468204     43.534347601081784    25    
48184.78579844493    149.21945107807005    43.466320252338335    25    
48185.28579844493    175.79140032192208    43.28969797824353     25    
48185.78579844493    205.1995309095988     43.00218227770804     25    
48186.28579844493    237.7888172111471     42.730095453958796    25    
48186.78579844493    273.59266473431813    42.622123265420036    25    
48187.28579844493    312.6177703302585     41.40405040308488     25    
48187.78579844493    355.37178801505723    38.15377498070049     25    
48188.28579844493    399.3024997389239     35.7549607687354      25    
48188.78579844493    444.37640712490656    35.91288908325082     25    
48189.28579844493    487.7621475260765     36.56673850929576     25    
48189.78579844493    528.4306974933477     36.910362151116594    25    
48190.28579844493    564.680252912012      37.158306800088425    25    
48190.78579844493    594.2821881969572     37.084344059060136    25    
48191.28579844493    618.26664309652       36.97420995755183     25    
48191.78579844493    636.4963201981781     37.14912723339783     25    
48192.28579844493    649.8397797848819     37.47967524558494     25    
48192.78579844493    659.8761244370718     38.00514908931178     25    
48193.28579844493    666.7212235912618     38.55760796886008     25    
48193.78579844493    672.2321410997564     38.932010993642386    25    
48194.28579844493    676.0837118291068     38.81356491683668     25    
48194.78579844493    678.4121393207818     34.83215793568292     25    
48195.28579844493    679.1593640701203     26.1003363775435      25    
48195.78579844493    677.4622782273539     21.016273754582315    25    
48196.28579844493    673.3711695744464     22.37600928577594     25    
48196.78579844493    666.1408275288137     23.185191893751597    25    
48197.28579844493    655.6380641723069     22.931908565527497    25    
48197.78579844493    642.3904817306507     22.57605033567118     25    
48198.28579844493    626.2655463851349     22.072197584733026    25    
48198.78579844493    608.3135173066709     21.89229152250384     25    
48199.28579844493    588.6894597708246     22.432989204944263    25    
48199.78579844493    568.1536675560949     22.846509512109055    25    
48200.28579844493    547.1710292585475     22.500453392444822    25    
48200.78579844493    525.8227367185043     22.22884683648281     25    
48201.28579844493    504.4063555699218     22.79072518437554     25    
48201.78579844493    482.8018083208829     23.536745578517536    25    
48202.28579844493    460.993766077846      23.941954714126478    25    
48202.78579844493    438.98290339747166    24.160107534246904    25    
48203.28579844493    416.71305955756776    24.144649729644275    25    
48203.78579844493    394.26580413118853    23.918549337159416    25    
48204.28579844493    371.84479393530137    23.43592342425577     25    
48204.78579844493    349.4806932052025     22.767654601540777    25    
48205.28579844493    327.6191205643375     22.587075408606285    25    
48205.78579844493    306.23243158302756    22.82681613245664     25    
48206.28579844493    285.77956296167247    22.983511490296987    25    
48206.78579844493    266.2465770969051     23.14419058372006     25    
48207.28579844493    247.8087136263206     21.686973507128133    25    
48207.78579844493    230.49118749328767    17.448775879795573    25    
48208.28579844493    214.24978746596716    14.009036442126915    25    
48208.78579844493    199.08607612085248    13.955565044997808    25    
48209.28579844493    184.97642019345525    14.413482447512665    25    
48209.78579844493    171.93461559652934    14.47206777744192     25    
48210.28579844493    159.87850339940405    14.419668766828973    25    
48210.78579844493    148.79682054980788    14.009812198106498    25    
48211.28579844493    138.58714834457456    13.633069618698851    25    
48211.78579844493    129.17109354027556    13.71926983636463     25    
48212.28579844493    120.49257082719356    13.945051875408826    25    
48212.78579844493    112.42884779819639    14.061307946045993    25    
48213.28579844493    104.9832323567832     14.076921718856571    25    
48213.78579844493    98.07206177927907     13.919133251752866    25    
48214.28579844493    91.71305009352162     13.457320993489416    25    
48214.78579844493    85.89996682980737     11.691723769523264    25    
48215.28579844493    80.63331847857397     8.42023432781497      25    
48215.78579844493    75.91270119374244     6.630132679048406     25    
48216.28579844493    71.73697614988997     7.095149800170972     25    
48216.78579844493    68.04899675030522     7.181216935671094     25    
48217.28579844493    64.85741961215739     6.8497468899323595    25    
48217.78579844493    62.038332578556954    6.776542387611822     25    
48218.28579844493    59.595854700263835    7.074889024753553     25    
48218.78579844493    57.41537190437069     7.315196097390958     25    
48219.28579844493    55.485038715706665    7.4471929077462935    25    
48219.78579844493    53.73044119076322     7.397989943919049     25    
48220.28579844493    52.12660194367042     7.0483302985046326    25    
48220.78579844493    50.640595465999       6.600855093943926     25    
48221.28579844493    49.25296089103602     6.117060261864495     25    
48221.78579844493    47.93560323665043     5.733749796463737     25    
48222.28579844493    46.65457306939091     5.828516054008488     25    
48222.78579844493    45.405570321987604    5.987330842386234     25    
48223.28579844493    44.159299362670886    5.585714767257107     25    
48223.78579844493    42.9254206721847      4.935068992260376     25    
48224.28579844493    41.706158991691886    4.643349207251082     25    
48224.78579844493    40.50252679481414     4.600312867501287     25    
48225.28579844493    39.31768662061948     4.716956616078905     25    
48225.78579844493    38.153911847259685    4.95784867425324      25    
48226.28579844493    37.03193459465212     4.955555491238523     25    
48226.78579844493    35.950675530585016    4.739430135063025     25    
48227.28579844493    34.96490977941733     4.556715029049388     25    
48227.78579844493    34.07101775000617     4.4084259663833505    25    
48228.28579844493    33.32562801592924     4.399508781275555     25    
48228.78579844493    32.73667105145816     4.598489562502612     25    
48229.28579844493    32.30033125079046     4.636345887351027     25    
48229.78579844493    32.04003564987565     4.340355768791891     25    
48230.28579844493    31.856711920754645    4.111267296394412     25    
48230.78579844493    31.73539434544169     4.167721010119524     25    
48231.28579844493    31.599331444755787    4.319192530188825     25    
48231.78579844493    31.396654113916632    4.559626896028156     25    
48232.28579844493    31.11259969693281     4.712070729336007     25    
48232.78579844493    30.68987618926407     4.508081548717056     25    
48233.28579844493    30.177123071824585    4.176506037500557     25    
48233.78579844493    29.61272051945408     3.987365795797705     25    
48234.28579844493    29.011698733109277    3.9364707021845944    25    
48234.78579844493    28.439609320020704    4.257116247529251     25    
48235.28579844493    27.893123288577005    4.755515970058129     25    
48235.78579844493    27.425408461844917    5.031971868012833     25    
48236.28579844493    27.02767251562838     5.170181937584786     25    
48236.78579844493    26.690105152616532    5.155898446408632     25    
48237.28579844493    26.413211453902104    4.9902035935979825    25    
48237.78579844493    26.180164142673355    4.767392306459261     25    
48238.28579844493    25.991965059016653    4.473254588598431     25    
48238.78579844493    25.832898172375316    4.196814491159676     25    
48239.28579844493    25.703221033184228    3.956451072957233     25    
48239.78579844493    25.588284894160555    3.7658880748227066    25    
48240.28579844493    25.486957028843005    3.6684252615526947    25    
48240.78579844493    25.386301960467208    3.5412774851943882    25    
48241.28579844493    25.283150698431093    3.235788418808398     25    
48241.78579844493    25.16692702373341     3.0386210896408667    25    
48242.28579844493    25.031779694386607    3.0412950934190413    25    
48242.78579844493    24.870055990132215    3.5194171837921737    25    
48243.28579844493    24.672821669147716    4.33256949739797      25    