53444.4422875102    78.5340084525875      35.6520823985555      25    
53444.9422875102    99.64598873589783     33.152366423568004    25    
53445.4422875102    123.89877484070172    35.78101489043634     25    
53445.9422875102    151.51806052927975    53.24888623064012     25    
53446.4422875102    182.62707707319782    68.0254217770085      25    
53446.9422875102    217.4980183624458     70.9396002921672      25    
53447.4422875102    256.2114004349964     69.53980545132383     25    
53447.9422875102    299.07834752031647    69.56943394547748     25    
53448.4422875102    346.14423021101754    69.65803640696063     25    
53448.9422875102    397.7515332878123     69.66295289356933     25    
53449.4422875102    453.91805168618265    69.59070868909492     25    
53449.9422875102    515.0100609498544     69.42920451719853     25    
53450.4422875102    581.0253501454115     69.1891113332284      25    
53450.9422875102    652.421611824733      68.9204475651842      25    
53451.4422875102    729.1421222237201     68.62715687670476     25    
53451.9422875102    811.3193669242642     68.42003961047922     25    
53452.4422875102    899.0260152891428     68.29647127815251     25    
53452.9422875102    987.4803622855915     68.47384231261411     25    
53453.4422875102    1077.0293201874595    68.98333901623403     25    
53453.9422875102    1161.2134298639696    69.46362721022797     25    
53454.4422875102    1240.0123244985145    69.89770631724944     25    
53454.9422875102    1308.1152763810753    70.12102988995451     25    
53455.4422875102    1364.042576038908     70.00302327548701     25    
53455.9422875102    1409.9546164207557    70.06488915336405     25    
53456.4422875102    1445.232990424911     70.47874974731462     25    
53456.9422875102    1474.1233876129627    71.05124329149405     25    
53457.4422875102    1497.527617770178     71.89536345903566     25    
53457.9422875102    1518.3111475616056    72.44715843355682     25    
53458.4422875102    1538.6589752078532    73.42371463882662     25    
53458.9422875102    1557.743624774329     71.61974396097214     25    
53459.4422875102    1576.1538756003715    61.026825208990275    25    
53459.9422875102    1592.4207513101142    48.151511939082056    25    
53460.4422875102    1605.4537222940685    46.4729245317131      25    
53460.9422875102    1614.6394701435931    49.20231405000852     25    
53461.4422875102    1618.4304287291568    49.19659059668903     25    
53461.9422875102    1617.1263625006086    48.763337696470835    25    
53462.4422875102    1610.2753670627874    48.216237260430894    25    
53462.9422875102    1598.1655456004817    47.69150877650866     25    
53463.4422875102    1581.2314526085136    48.006125108331965    25    
53463.9422875102    1559.5182710575002    48.738849668527884    25    
53464.4422875102    1533.4677311222886    48.751283994479245    25    
53464.9422875102    1503.162803060497     48.278214093956585    25    
53465.4422875102    1469.5344758418576    47.64779818853008     25    
53465.9422875102    1432.5795391935249    46.87215514211635     25    
53466.4422875102    1393.577314634953     46.75612269195002     25    
53466.9422875102    1352.4666827001824    47.26388060922157     25    
53467.4422875102    1310.5256456809013    47.36435597907746     25    
53467.9422875102    1267.6807371775412    47.03363513440821     25    
53468.4422875102    1225.4174202045363    46.493805595547705    25    
53468.9422875102    1183.6775020793689    45.66255333269964     25    
53469.4422875102    1144.0547181535567    45.34540490899665     25    
53469.9422875102    1106.5873583550274    45.842842094680634    25    
53470.4422875102    1072.7158998224527    46.149214695597564    25    
53470.9422875102    1042.8965033677782    46.170459055718105    25    
53471.4422875102    1016.8928768505085    45.32635160708949     25    
53471.9422875102    995.0323763562249     42.66494015254772     25    
53472.4422875102    976.0970989740603     40.55378921698096     25    
53472.9422875102    959.7737167722576     40.90898202278041     25    
53473.4422875102    945.223847814346      41.66908268698247     25    
53473.9422875102    931.8497239550012     41.760126501726134    25    
53474.4422875102    919.3398459119029     41.58119150534489     25    
53474.9422875102    907.1738359979006     40.901804077036005    25    
53475.4422875102    895.3237648812808     40.25202007106695     25    
53475.9422875102    883.5479487884872     40.51756941898509     25    
53476.4422875102    871.7619302221927     41.09311973390799     25    
53476.9422875102    859.6545377813126     41.311959659082575    25    
53477.4422875102    847.282396179913      41.34151970448157     25    
53477.9422875102    834.535098754874      40.979789047604996    25    
53478.4422875102    821.4959698367835     40.52742043525867     25    
53478.9422875102    808.3635183258508     41.2319541793854      25    
53479.4422875102    795.1426582429397     42.59917709770543     25    
53479.9422875102    782.0881709116738     43.12586640512497     25    
53480.4422875102    769.151316707795      43.04147153662652     25    
53480.9422875102    756.1982119054165     42.565525998080005    25    
53481.4422875102    743.2223442035586     41.69761991674258     25    
53481.9422875102    729.5786306291338     41.60789262510793     25    
53482.4422875102    715.2976634885664     42.335424760194584    25    
53482.9422875102    699.7210557538408     42.841874830807946    25    
53483.4422875102    682.8070299064067     43.10125352629834     25    
53483.9422875102    664.5247582045383     42.864163373266415    25    
53484.4422875102    644.7489840887864     41.862375473738446    25    
53484.9422875102    624.2116547761321     41.56623700128652     25    
53485.4422875102    602.9396284384684     42.58371948704724     25    
53485.9422875102    581.5678024602423     43.42089719825901     25    
53486.4422875102    560.2614624168217     43.68291080788061     25    
53486.9422875102    539.2934954623531     43.50796346870013     25    
53487.4422875102    518.8736581363294     42.56585137469002     25    
53487.9422875102    498.8856416978882     41.81723274277472     25    
53488.4422875102    479.32885532262554    42.078965071630584    25    
53488.9422875102    460.16052417379194    42.6386675976707      25    
53489.4422875102    441.29760758619005    43.28346899744758     25    
53489.9422875102    422.8600903765474     43.63762334530117     25    
53490.4422875102    404.85521552648237    43.62719771573347     25    
53490.9422875102    387.53151936929765    42.10512649116092     25    
53491.4422875102    371.2478940614968     34.681402850348185    25    
53491.9422875102    356.1164861742662     22.487068923758333    25    
53492.4422875102    342.64748965575257    17.95680469609694     25    
53492.9422875102    330.7676556622599     20.17542349469968     25    
53493.4422875102    320.73029475539465    20.045800299677335    25    
53493.9422875102    312.3698903355967     19.397322104625946    25    
53494.4422875102    305.14962087087775    19.08074395060397     25    
53494.9422875102    299.06459095452243    19.028658264813462    25    
53495.4422875102    293.4658163877338     19.259862766140813    25    
53495.9422875102    288.39037411549435    19.73491389902665     25    
53496.4422875102    283.3903780826915     19.745062539580285    25    
53496.9422875102    278.4756556763188     19.295432916912635    25    
53497.4422875102    273.71216682251884    18.9483554623517      25    
53497.9422875102    269.09332993139003    18.78634871157005     25    
53498.4422875102    264.711772492064      18.038154412910835    25    
53498.9422875102    260.5729130947416     16.314976499213333    25    
53499.4422875102    256.71602565998484    15.211308487728385    25    
53499.9422875102    253.16282673614467    15.459832051621014    25    
53500.4422875102    249.84849563065484    15.64907002252941     25    
53500.9422875102    246.7707143549534     15.362705174581798    25    
53501.4422875102    243.87033161035788    14.98220891912401     25    
53501.9422875102    241.1339536148954     14.547114475042251    25    
53502.4422875102    238.51191606514053    14.164792780380832    25    
53502.9422875102    235.98339320380666    13.939502504953722    25    
53503.4422875102    233.50682833690192    13.828030136858324    25    
53503.9422875102    231.05261246358654    13.738148933075218    25    
53504.4422875102    228.58839957541554    13.911700352350335    25    
53504.9422875102    226.07519073613418    14.766996435608707    25    
53505.4422875102    223.4897885748125     15.715257619037327    25    
53505.9422875102    220.78470736334899    15.902119838440107    25    
53506.4422875102    217.94456778276628    16.0989034303698      25    
53506.9422875102    214.91474168712995    17.000227595290134    25    