53614.19642919335    0.2352712867425919     0.0978607685273781      25    
53614.69642919335    0.26505424747495543    0.09779372891791122     25    
53615.19642919335    0.2968279489830397     0.09715937423555111     25    
53615.69642919335    0.33073415876319895    0.09882849051990375     25    
53616.19642919335    0.36689662331192785    0.10553746515249815     25    
53616.69642919335    0.405207413498627      0.11836091988561989     25    
53617.19642919335    0.44572840054540286    0.13225099296856843     25    
53617.69642919335    0.4886013519486103     0.1429304794203759      25    
53618.19642919335    0.5338959512051686     0.1479645264430898      25    
53618.69642919335    0.5815004635074885     0.1493170388258869      25    
53619.19642919335    0.631534628754242      0.14910002342300968     25    
53619.69642919335    0.6841402144417841     0.1492157634568918      25    
53620.19642919335    0.7392967990677384     0.15020107568281205     25    
53620.69642919335    0.7969609261469655     0.15116599585841603     25    
53621.19642919335    0.8572741622549821     0.15210185797773182     25    
53621.69642919335    0.9203638586444397     0.15300123392391432     25    
53622.19642919335    0.9861266955450652     0.15385988780689855     25    
53622.69642919335    1.0546163300624825     0.15470447750178884     25    
53623.19642919335    1.1259745296930483     0.155568026809057       25    
53623.69642919335    1.2002783883668229     0.15645957017388104     25    
53624.19642919335    1.2774131692825694     0.15734520811519043     25    
53624.69642919335    1.3574942038994655     0.15831111131951628     25    
53625.19642919335    1.4406632597138658     0.15945363109124983     25    
53625.69642919335    1.5270868040336274     0.16107259738285706     25    
53626.19642919335    1.6166637369505734     0.163053137524274       25    
53626.69642919335    1.7090943988509228     0.16474487242180763     25    
53627.19642919335    1.8042130554140337     0.16548769601905333     25    
53627.69642919335    1.903804461614334      0.16460311467131902     25    
53628.19642919335    2.0060009675688906     0.16317178889802467     25    
53628.69642919335    2.1074968315769973     0.1627472468058651      25    
53629.19642919335    2.206545632704557      0.16473426014388692     25    
53629.69642919335    2.3063190975443306     0.16878982293482092     25    
53630.19642919335    2.4031423114114254     0.17357163413389623     25    
53630.69642919335    2.492457925250166      0.17782246864915338     25    
53631.19642919335    2.5739595629495184     0.18115483777499508     25    
53631.69642919335    2.6497363057014063     0.18417452523035546     25    
53632.19642919335    2.715966033514539      0.18675099900522882     25    
53632.69642919335    2.768853416540875      0.18872793568029742     25    
53633.19642919335    2.808085183386659      0.18978091521804832     25    
53633.69642919335    2.8356138429934257     0.19030100160294822     25    
53634.19642919335    2.8529241460281396     0.1909204005761474      25    
53634.69642919335    2.8605788447208207     0.19217879768772558     25    
53635.19642919335    2.856365438274655      0.19388948320520213     25    
53635.69642919335    2.8435443303854453     0.19571896815580514     25    
53636.19642919335    2.8261224608451605     0.19737656110882357     25    
53636.69642919335    2.804561781469702      0.19904511731357        25    
53637.19642919335    2.7768022926334397     0.20087102697255296     25    
53637.69642919335    2.746415196778913      0.2020229005285615      25    
53638.19642919335    2.716969402003162      0.2016924780897939      25    
53638.69642919335    2.6879997408675917     0.1999179543953278      25    
53639.19642919335    2.6585383464286085     0.19696301539924288     25    
53639.69642919335    2.628960404728878      0.19282514391963163     25    
53640.19642919335    2.5997598261498487     0.18709344521992982     25    
53640.69642919335    2.5713418180298375     0.17840703798421256     25    
53641.19642919335    2.542521791852979      0.16886046209210165     25    
53641.69642919335    2.511933540940409      0.16151827254188555     25    
53642.19642919335    2.479312387591663      0.1591469612599655      25    
53642.69642919335    2.4454316902315596     0.16042425107132197     25    
53643.19642919335    2.4091307966493187     0.16263515234342807     25    
53643.69642919335    2.3692127154121434     0.1631696081994941      25    
53644.19642919335    2.3253750450523984     0.16197256233736299     25    
53644.69642919335    2.2783196395717282     0.16005511326265934     25    
53645.19642919335    2.228686366503517      0.15768421749049996     25    
53645.69642919335    2.1768066426156754     0.15498125243984082     25    
53646.19642919335    2.1216618840957437     0.1514118559685957      25    
53646.69642919335    2.064563165927309      0.1476432904648352      25    
53647.19642919335    2.0072522126225705     0.144631150593986       25    
53647.69642919335    1.9501486808739177     0.1432562768162274      25    
53648.19642919335    1.892175478604942      0.14315543321305338     25    
53648.69642919335    1.834886584575201      0.14328174707218377     25    
53649.19642919335    1.7799058929452138     0.14259041565731145     25    
53649.69642919335    1.7271695573324073     0.1413755549683363      25    
53650.19642919335    1.6761703636386078     0.13973938802048907     25    
53650.69642919335    1.6271219867345064     0.1369846803727544      25    
53651.19642919335    1.5802873226423517     0.13215608263471773     25    
53651.69642919335    1.5359290014614473     0.12400139517259717     25    
53652.19642919335    1.4934338936696618     0.1143419794026868      25    
53652.69642919335    1.4520591450268694     0.10609710440825784     25    
53653.19642919335    1.4115829506112194     0.10218349539902605     25    
53653.69642919335    1.3724995456085585     0.10159078764063596     25    
53654.19642919335    1.3341441664272555     0.10224385386477625     25    
53654.69642919335    1.2958049063799177     0.10203616414799567     25    
53655.19642919335    1.2574548464699407     0.10077020573309496     25    
53655.69642919335    1.219348057595124      0.09926437136241636     25    
53656.19642919335    1.1814223866448343     0.09755721889456899     25    
53656.69642919335    1.1435840653852296     0.09560138003473836     25    
53657.19642919335    1.105648549153377      0.09291954264291083     25    
53657.69642919335    1.067948549660393      0.09016186397950073     25    
53658.19642919335    1.0309133511232473     0.08830288324601837     25    
53658.69642919335    0.9946959174430651     0.08828961614511008     25    
53659.19642919335    0.9589926891646874     0.08982188444285513     25    
53659.69642919335    0.9241844784055364     0.0917394141708999      25    
53660.19642919335    0.8906898358886639     0.09294649162298903     25    
53660.69642919335    0.8585467627876754     0.09367472651397425     25    
53661.19642919335    0.8275952724733512     0.09415238835036949     25    
53661.69642919335    0.7978750261427098     0.09366448219344732     25    
53662.19642919335    0.7694433671617381     0.09137689241939678     25    
53662.69642919335    0.7424269941392897     0.08631847251428763     25    
53663.19642919335    0.7166168580437067     0.07984192813978558     25    
53663.69642919335    0.6917324735460799     0.07414156258471465     25    
53664.19642919335    0.667658824942786      0.07147609018051418     25    
53664.69642919335    0.64460520820565       0.07114674322544216     25    
53665.19642919335    0.6223239359601038     0.07171651852047989     25    
53665.69642919335    0.6005352146122603     0.0717515639202741      25    
53666.19642919335    0.5792115646246544     0.07108877532608267     25    
53666.69642919335    0.5584603009064129     0.0702816452986153      25    
53667.19642919335    0.5382234919528761     0.06907326080083256     25    
53667.69642919335    0.5184379856289154     0.06714228495322912     25    
53668.19642919335    0.4990422659043218     0.06399006000587215     25    
53668.69642919335    0.48015273850992807    0.06021350110551637     25    
53669.19642919335    0.4619211507807972     0.05681970705608801     25    
53669.69642919335    0.4444179975213988     0.05479610075724774     25    
53670.19642919335    0.4275252266841046     0.053831880361728764    25    
53670.69642919335    0.4113739740324729     0.05344244363916357     25    
53671.19642919335    0.39611695690337223    0.05313155293414734     25    
53671.69642919335    0.38180646506004373    0.05288255507593094     25    
53672.19642919335    0.3683663235216003     0.05288158955901132     25    
53672.69642919335    0.3557643108610136     0.052867489811400506    25    
53673.19642919335    0.3439820480484409     0.0525883952031127      25    
53673.69642919335    0.3331446750587757     0.052052977136194944    25    
53674.19642919335    0.32311252153619785    0.05137407541166697     25    
53674.69642919335    0.31365768355997237    0.05063559640300992     25    
53675.19642919335    0.30466297859262403    0.049830921075042584    25    
53675.69642919335    0.2963126313709256     0.048800781445847485    25    
53676.19642919335    0.28841224569146223    0.04785303837672178     25    
53676.69642919335    0.28072776099460905    0.04736089851240291     25    
53677.19642919335    0.2732406044410691     0.047859840429353845    25    
53677.69642919335    0.26604571483511447    0.04902032057656852     25    
53678.19642919335    0.25901333031175433    0.04985006815705416     25    
53678.69642919335    0.25201964746774547    0.04941795691820212     25    
53679.19642919335    0.2450928155306623     0.04736086435492286     25    
53679.69642919335    0.23826245948745078    0.044384006351765745    25    
53680.19642919335    0.23152117044195356    0.04143272054696499     25    
53680.69642919335    0.22486322609467324    0.03945303711187279     25    
53681.19642919335    0.21829186233174527    0.03808089380477156     25    
53681.69642919335    0.2118085446238211     0.037076024881422       25    
53682.19642919335    0.20541416771513654    0.03624627829358686     25    
53682.69642919335    0.19909026980672537    0.035614023109721546    25    
53683.19642919335    0.19284018875287334    0.03528507746295809     25    
53683.69642919335    0.186712505384223      0.03502761194676972     25    
53684.19642919335    0.18075066311263982    0.0345885353876148      25    
53684.69642919335    0.17488855664527173    0.033696340190316434    25    
53685.19642919335    0.16917623330601278    0.03272412962215525     25    
53685.69642919335    0.1637261913415599     0.032268428685448255    25    
53686.19642919335    0.15860766152818181    0.03291817656064012     25    
53686.69642919335    0.15372644318337858    0.03458268081354736     25    
53687.19642919335    0.14916981810726782    0.03657732101293755     25    
53687.69642919335    0.14505228109683715    0.038304797703938916    25    
53688.19642919335    0.14142674244034073    0.0397476477273051      25    
53688.69642919335    0.13823451682026444    0.041185388285636296    25    
53689.19642919335    0.13545879130306016    0.04219008750337903     25    
53689.69642919335    0.13308898397199845    0.0423489683853043      25    
53690.19642919335    0.13123723323791198    0.04126180123331849     25    
53690.69642919335    0.12979789482256618    0.03944862523489479     25    
53691.19642919335    0.12856041473937843    0.037760581938823305    25    
53691.69642919335    0.1273871393290026     0.03703921033598548     25    
53692.19642919335    0.12646003942426576    0.03702569852215739     25    
53692.69642919335    0.12561524060425536    0.03738619663092413     25    
53693.19642919335    0.12462818330257484    0.037853188270293034    25    
53693.69642919335    0.12342422485199284    0.038481242354860695    25    
53694.19642919335    0.12212208115246019    0.03940508930852647     25    
53694.69642919335    0.1206411126942518     0.04012323136761544     25    
53695.19642919335    0.11889534803388574    0.0401581827129922      25    
53695.69642919335    0.11681135743984823    0.039364936102315264    25    
53696.19642919335    0.11448837618248513    0.03802484113453941     25    
53696.69642919335    0.11207506149252286    0.03643041063917043     25    
53697.19642919335    0.10967357617280328    0.03479923200428881     25    
53697.69642919335    0.10715008057497948    0.03276373078474879     25    
53698.19642919335    0.10462337613800415    0.030596728557822715    25    
53698.69642919335    0.10226356111915522    0.02881044734969935     25    
53699.19642919335    0.10013256840913803    0.027887316395929236    25    
53699.69642919335    0.09813539071628101    0.02765389277455088     25    
53700.19642919335    0.0963437354916791     0.027746735291988695    25    
53700.69642919335    0.09483472782252766    0.027780652659364934    25    
53701.19642919335    0.09365922808217035    0.027447180243016518    25    
53701.69642919335    0.0927475770206847     0.027135673063153204    25    
53702.19642919335    0.0920011469165601     0.027454932157850085    25    
53702.69642919335    0.091348591974766      0.02895479091086595     25    
53703.19642919335    0.09088081400161412    0.03154942819398987     25    
53703.69642919335    0.09051980349142896    0.03446765205967536     25    
53704.19642919335    0.09014777836180111    0.03710187124265399     25    
53704.69642919335    0.0897194274907623     0.03943237809514215     25    
53705.19642919335    0.08930495112286657    0.04184103610112476     25    
53705.69642919335    0.08884309076764406    0.04373631611474235     25    
53706.19642919335    0.08826727771291529    0.044584617927597665    25    
53706.69642919335    0.08755286460341512    0.0441550944126157      25    
53707.19642919335    0.0867408252122951     0.042847442096802406    25    
53707.69642919335    0.08587290171809253    0.04113077480422358     25    
53708.19642919335    0.08498038768938616    0.039420166411812015    25    
53708.69642919335    0.08402238622672754    0.03730052398454309     25    
53709.19642919335    0.08303408294036656    0.034933625317822375    25    
53709.69642919335    0.08207103411874637    0.03275854478320559     25    
53710.19642919335    0.0811562143511512     0.031180307944995923    25    
53710.69642919335    0.08025430703806805    0.030050291296975215    25    
53711.19642919335    0.0793982994296666     0.029193144457796517    25    
53711.69642919335    0.07862475312333782    0.028411837342020428    25    
53712.19642919335    0.07794196657907182    0.02776785129713105     25    
53712.69642919335    0.0773324262455635     0.027309901551127173    25    
53713.19642919335    0.07678734018464017    0.0268790859973203      25    
53713.69642919335    0.07630009052787977    0.026313371547335       25    
53714.19642919335    0.07588104049124984    0.02560858180859364     25    
53714.69642919335    0.07552054469107831    0.02486914351070403     25    
53715.19642919335    0.07520313184346436    0.02420573526738053     25    
53715.69642919335    0.07492289232949416    0.023689740972013658    25    
53716.19642919335    0.07469113359692399    0.023262593472770942    25    
53716.69642919335    0.07449397955333388    0.022956456038616173    25    
53717.19642919335    0.07431597833784408    0.022811173992090046    25    
53717.69642919335    0.07416180155339408    0.02288592937804843     25    
53718.19642919335    0.07403375119434645    0.02313463003497255     25    
53718.69642919335    0.07391635597680048    0.023446753723102846    25    
53719.19642919335    0.07379652158493626    0.023720226747215547    25    
53719.69642919335    0.07368641979094995    0.023952267452070707    25    
53720.19642919335    0.07357849487488766    0.024211664084047978    25    
53720.69642919335    0.07345727555284877    0.02456249713556912     25    
53721.19642919335    0.07331595836759192    0.024889786327143334    25    
53721.69642919335    0.07316634863353207    0.024994025407467476    25    
53722.19642919335    0.07299496622991795    0.025493652954859367    25    
53722.69642919335    0.07278633987284892    0.026994405042625687    25    
53723.19642919335    0.0725438902771814     0.02856836173784838     25    
53723.69642919335    0.07227118967251085    0.030377858256888303    25    
53724.19642919335    0.07195276685080776    0.03415286170788777     25    
53724.69642919335    0.07157509283028334    0.04052340884830498     25    