53673.29521830075    20.67726160426349     5.479399789682492     25    
53673.79521830075    24.544367206065886    5.334823358737442     25    
53674.29521830075    28.72805480215411     5.409008754310137     25    
53674.79521830075    33.2223184383604      6.441507160129921     25    
53675.29521830075    38.0272968239037      7.742557287927357     25    
53675.79521830075    43.13500801636152     8.257237088487505     25    
53676.29521830075    48.54668963845656     8.206510609767173     25    
53676.79521830075    54.25413790901365     8.154667102962046     25    
53677.29521830075    60.257935214757175    8.171366229309587     25    
53677.79521830075    66.55141008526128     8.184840646657292     25    
53678.29521830075    73.13273552174986     8.194451301832208     25    
53678.79521830075    79.99828176055809     8.201034474750218     25    
53679.29521830075    87.14279252837902     8.204436824204961     25    
53679.79521830075    94.56585063745578     8.20585129881018      25    
53680.29521830075    102.26552640330549    8.231551273185874     25    
53680.79521830075    110.24211570478849    8.277710038677595     25    
53681.29521830075    118.45339011720782    8.12136842464521      25    
53681.79521830075    126.96721685490932    7.655037521561091     25    
53682.29521830075    135.41420591487957    7.299866267940118     25    
53682.79521830075    143.78408913886966    7.3155605023098085    25    
53683.29521830075    151.77336257688714    7.435149580672652     25    
53683.79521830075    159.09513077300653    7.484870757194623     25    
53684.29521830075    165.7114781888417     7.525108827923274     25    
53684.79521830075    171.16615942834434    7.543009388131513     25    
53685.29521830075    175.55395113230125    7.5427018335272225    25    
53685.79521830075    178.9893762985095     7.5579158202509       25    
53686.29521830075    181.41965582211546    7.589642235268646     25    
53686.79521830075    183.20795728729215    7.628043436049799     25    
53687.29521830075    184.37948806795825    7.681796015456964     25    
53687.79521830075    185.1374158924057     7.71855997303227      25    
53688.29521830075    185.6953917499752     7.780319797377181     25    
53688.79521830075    185.98105028145696    7.7384464438355485    25    
53689.29521830075    186.04889125425524    7.198482874330277     25    
53689.79521830075    185.87128896578602    6.241896874382112     25    
53690.29521830075    185.3254491830274     5.745707241100822     25    
53690.79521830075    184.42751691297912    5.833477129072082     25    
53691.29521830075    183.0753506074265     5.922762298107092     25    
53691.79521830075    181.2294319307891     5.90222775384837      25    
53692.29521830075    178.9632697779864     5.872385459589319     25    
53692.79521830075    176.27032088582655    5.836264060263967     25    
53693.29521830075    173.22858314140962    5.805906890064056     25    
53693.79521830075    169.9525918129003     5.8168109438725795    25    
53694.29521830075    166.43856474005426    5.848895547188805     25    
53694.79521830075    162.84120767762752    5.867302598478327     25    
53695.29521830075    159.14223287313916    5.8874116736890665    25    
53695.79521830075    155.38982907606913    5.641750736787099     25    
53696.29521830075    151.59479510702087    4.912677184936803     25    
53696.79521830075    147.73829142182265    4.234099780570785     25    
53697.29521830075    143.8179566701395     4.136757847798475     25    
53697.79521830075    139.82952127282434    4.240084194776766     25    
53698.29521830075    135.7618294447735     4.221456012835783     25    
53698.79521830075    131.62215928112906    4.185981445378164     25    
53699.29521830075    127.42148883403081    4.132298575206904     25    
53699.79521830075    123.15830659628422    4.060774073596428     25    
53700.29521830075    118.86579414301698    4.02291056290914      25    
53700.79521830075    114.54018093684101    4.031878361027091     25    
53701.29521830075    110.21038963611421    4.036818938274345     25    
53701.79521830075    105.87762710738225    4.066098182126986     25    
53702.29521830075    101.56775182679549    4.0020062222164565    25    
53702.79521830075    97.30179176381401     3.614036603278371     25    
53703.29521830075    93.08913752905822     3.043585527149123     25    
53703.79521830075    88.97484558752923     2.797056994209071     25    
53704.29521830075    84.95325225016529     2.832856240476653     25    
53704.79521830075    81.07707238770976     2.8415998444691337    25    
53705.29521830075    77.34432727637332     2.82275640125402      25    
53705.79521830075    73.76738916371816     2.7900075554927573    25    
53706.29521830075    70.35553340545393     2.7268673493292344    25    
53706.79521830075    67.09322585731955     2.6689201745811992    25    
53707.29521830075    63.974604381702555    2.6499776883876613    25    
53707.79521830075    60.99592903599777     2.647457002962606     25    
53708.29521830075    58.14382421731442     2.64032892363419      25    
53708.79521830075    55.42057528800078     2.631937317888138     25    
53709.29521830075    52.81842492621272     2.618344318346845     25    
53709.79521830075    50.337679906004816    2.6110614916323915    25    
53710.29521830075    47.979910630496406    2.479637751554402     25    
53710.79521830075    45.745074682810724    2.088009052492264     25    
53711.29521830075    43.633830444201784    1.6836187010851158    25    
53711.79521830075    41.648956585955005    1.6107698030821784    25    
53712.29521830075    39.78510131208286     1.674184679168502     25    
53712.79521830075    38.038229073320736    1.6529793518609586    25    
53713.29521830075    36.40568705107909     1.6162209922437913    25    
53713.79521830075    34.86838882245426     1.6106820544363047    25    
53714.29521830075    33.42927822940941     1.6340668588124738    25    
53714.79521830075    32.06807852977065     1.6497306366897284    25    
53715.29521830075    30.784787974404566    1.6562585990790373    25    
53715.79521830075    29.569489802596745    1.6457383932229592    25    
53716.29521830075    28.4168726962984      1.6061538396555723    25    
53716.79521830075    27.3269885018903      1.5518542933809703    25    
53717.29521830075    26.29679128696061     1.4904828620612673    25    
53717.79521830075    25.326200034830098    1.4274882837412157    25    
53718.29521830075    24.411748826577938    1.4084375284926332    25    
53718.79521830075    23.553929311395063    1.4281034212279906    25    
53719.29521830075    22.746150160477367    1.424194532828045     25    
53719.79521830075    21.989865068719688    1.3857650762916534    25    
53720.29521830075    21.27552053463068     1.3546865704773716    25    
53720.79521830075    20.601958119270076    1.3482071135986293    25    
53721.29521830075    19.96331781433527     1.3523188648957       25    
53721.79521830075    19.35296124091489     1.3655715657084668    25    
53722.29521830075    18.771404109979493    1.381072920181199     25    
53722.79521830075    18.21250663054651     1.3846244479144092    25    
53723.29521830075    17.677628330162936    1.375784264834656     25    
53723.79521830075    17.169209831510425    1.2863632006589554    25    
53724.29521830075    16.686852420296816    1.0705450595874904    25    
53724.79521830075    16.23331639905092     0.8898158207331536    25    
53725.29521830075    15.809433467501883    0.8768174406641734    25    
53725.79521830075    15.414787016572038    0.9030880347236598    25    
53726.29521830075    15.050693471623495    0.8798073520552504    25    
53726.79521830075    14.714644061827554    0.8542133235900008    25    
53727.29521830075    14.402901537781656    0.8570474802964428    25    
53727.79521830075    14.115678656837312    0.8791599713852887    25    
53728.29521830075    13.847611744367056    0.9060622356562639    25    
53728.79521830075    13.599444436491506    0.9407315603276465    25    
53729.29521830075    13.36663724162406     0.9532140837457292    25    
53729.79521830075    13.14896574235344     0.932384496258096     25    
53730.29521830075    12.944196460221354    0.902657925386219     25    
53730.79521830075    12.751232970059192    0.8751025145122915    25    
53731.29521830075    12.569026492557633    0.8477729572271191    25    
53731.79521830075    12.395158934178427    0.8267690860877063    25    
53732.29521830075    12.229851255556152    0.811237575681441     25    
53732.79521830075    12.070613208742866    0.805216547565613     25    
53733.29521830075    11.91773219490203     0.8091885197094931    25    
53733.79521830075    11.770809919119857    0.8073078780070074    25    
53734.29521830075    11.629826230549277    0.7961038927649396    25    
53734.79521830075    11.494606123952307    0.7834447599009084    25    
53735.29521830075    11.365094089545108    0.7711487989614525    25    
53735.79521830075    11.241168490749065    0.7605235359533628    25    
53736.29521830075    11.122662472595545    0.7554913926789342    25    
53736.79521830075    11.00955971927951     0.754296384308165     25    
53737.29521830075    10.901614125036868    0.7532936411707624    25    
53737.79521830075    10.798861375083133    0.7531147591258539    25    
53738.29521830075    10.701031792205434    0.7655577458813793    25    
53738.79521830075    10.608156203496241    0.7926573178725346    25    
53739.29521830075    10.519998219437579    0.821265476181967     25    
53739.79521830075    10.436526949855171    0.8300045955514261    25    
53740.29521830075    10.357593157594385    0.869927021741        25    
53740.79521830075    10.283056359496252    0.9536651256660362    25    