53299.35348840048    0.5861736895821583     0.17366168582443342     25    
53299.85348840048    0.6779831816980396     0.16002866145064729     25    
53300.35348840048    0.7773754925806318     0.14549320854278708     25    
53300.85348840048    0.8849913613985303     0.18063024708294786     25    
53301.35348840048    1.0008202785547604     0.2751579137222072      25    
53301.85348840048    1.1248770895332343     0.3662876411702955      25    
53302.35348840048    1.2578023419024404     0.41985785799235703     25    
53302.85348840048    1.3995731359251142     0.43243319785385975     25    
53303.35348840048    1.550216898825565      0.4269351615118937      25    
53303.85348840048    1.7103738588387651     0.4217425762789551      25    
53304.35348840048    1.8800089815539753     0.4223458357464123      25    
53304.85348840048    2.059162148202495      0.42283703478120993     25    
53305.35348840048    2.248473139952382      0.42316433969566103     25    
53305.85348840048    2.447895043186218      0.4233161446657281      25    
53306.35348840048    2.657480065408901      0.42331084042662853     25    
53306.85348840048    2.8778674129881576     0.42314849247713204     25    
53307.35348840048    3.1089985485667193     0.4227987437132606      25    
53307.85348840048    3.350937878189658      0.42230181351322155     25    
53308.35348840048    3.6043264416714607     0.4217592985822552      25    
53308.85348840048    3.869608093986125      0.42273736659523076     25    
53309.35348840048    4.146251654708021      0.4233894119971602      25    
53309.85348840048    4.433482702238132      0.4193795583999716      25    
53310.35348840048    4.734927039005329      0.4060936142174393      25    
53310.85348840048    5.04620669325607       0.3883903241359211      25    
53311.35348840048    5.3567887866865025     0.37615761810703396     25    
53311.85348840048    5.669674015352457      0.37424242230937604     25    
53312.35348840048    5.981370068212395      0.3773615032200997      25    
53312.85348840048    6.277289265861765      0.3800202445762961      25    
53313.35348840048    6.559099501622501      0.38124027132380256     25    
53313.85348840048    6.825098396127077      0.3824257988395543      25    
53314.35348840048    7.0625169938715855     0.38322791367411585     25    
53314.85348840048    7.268204672517275      0.38336768407583177     25    
53315.35348840048    7.4466939269626025     0.3832044746776474      25    
53315.85348840048    7.599845456996154      0.38329540294894815     25    
53316.35348840048    7.724731847175585      0.3837395763312998      25    
53316.85348840048    7.825143388712749      0.3843700485965514      25    
53317.35348840048    7.909822518273339      0.385178643377097       25    
53317.85348840048    7.977224861626636      0.38644693476367475     25    
53318.35348840048    8.028978431865912      0.3877871101081264      25    
53318.85348840048    8.073083235510135      0.3885339719398538      25    
53319.35348840048    8.110526492951793      0.3929925203585399      25    
53319.85348840048    8.139452937587302      0.39525496233432694     25    
53320.35348840048    8.160481420097915      0.38331521677635755     25    
53320.85348840048    8.174951071846415      0.3433864253130923      25    
53321.35348840048    8.18093245980188       0.2863717778292171      25    
53321.85348840048    8.175121163225977      0.24264125386917604     25    
53322.35348840048    8.158204523741281      0.23403089779721464     25    
53322.85348840048    8.129466920700436      0.24309182997287546     25    
53323.35348840048    8.085975841125265      0.2484742734515547      25    
53323.85348840048    8.026696168276565      0.24807748237760913     25    
53324.35348840048    7.953419116046183      0.24729779660487022     25    
53324.85348840048    7.86795295241864       0.2463541171851921      25    
53325.35348840048    7.768684476094933      0.2450176779785808      25    
53325.85348840048    7.657835661540955      0.2436055373295736      25    
53326.35348840048    7.540052839824297      0.24279851329777688     25    
53326.85348840048    7.414013339050809      0.24298136218373004     25    
53327.35348840048    7.281188034713826      0.24350188078165952     25    
53327.85348840048    7.146062802882527      0.2435977987613461      25    
53328.35348840048    7.008313916385044      0.2448530521176599      25    
53328.85348840048    6.867858836453609      0.24490716099560314     25    
53329.35348840048    6.726400352489926      0.23923347155484373     25    
53329.85348840048    6.584109135769153      0.22315817343686908     25    
53330.35348840048    6.440468641021251      0.20255719403856068     25    
53330.85348840048    6.295300386442957      0.18880061479689347     25    
53331.35348840048    6.1486577730556675     0.18664975396564415     25    
53331.85348840048    6.00048271602901       0.18956490047745958     25    
53332.35348840048    5.850599241894635      0.19079277181874807     25    
53332.85348840048    5.698763518214272      0.19011519807118218     25    
53333.35348840048    5.545408400017188      0.18909897348630827     25    
53333.85348840048    5.391125873622451      0.18778042148288415     25    
53334.35348840048    5.235466975592895      0.1858457875272013      25    
53334.85348840048    5.079075056647942      0.18379245815221532     25    
53335.35348840048    4.9231254235058275     0.18246086558033855     25    
53335.85348840048    4.76716332245559       0.18214438148081433     25    
53336.35348840048    4.6117273818068325     0.1822009549561151      25    
53336.85348840048    4.458001028436043      0.18207593443335793     25    
53337.35348840048    4.305517809636401      0.18370606931499212     25    
53337.85348840048    4.154830435299718      0.18382528567599218     25    
53338.35348840048    4.007113378271588      0.17692561359939565     25    
53338.85348840048    3.86188873130431       0.15756341421417366     25    
53339.35348840048    3.719726964219755      0.13201970130271126     25    
53339.85348840048    3.581795596538963      0.11433353825281488     25    
53340.35348840048    3.447625779205488      0.11134592995770196     25    
53340.85348840048    3.3177685219358977     0.11494939435216608     25    
53341.35348840048    3.1933719201634396     0.11639170819165741     25    
53341.85348840048    3.074387241839726      0.11618279174363592     25    
53342.35348840048    2.9605855448142226     0.11588400929467922     25    
53342.85348840048    2.8520179558950223     0.11520594918935574     25    
53343.35348840048    2.7490832700905288     0.11387425507802339     25    
53343.85348840048    2.65101105995751       0.11246105594501946     25    
53344.35348840048    2.556786729868281      0.11174295428355187     25    
53344.85348840048    2.466879753980829      0.11189570523764072     25    
53345.35348840048    2.3807070725586286     0.11235377669162432     25    
53345.85348840048    2.2972152793912666     0.11256650364471343     25    
53346.35348840048    2.216647564020155      0.1126861168520663      25    
53346.85348840048    2.138883855066694      0.1125991891683537      25    
53347.35348840048    2.0634772038392133     0.11216270696631982     25    
53347.85348840048    1.9903788473954658     0.1125738107193062      25    
53348.35348840048    1.9198494970384856     0.11147016423879058     25    
53348.85348840048    1.852109986168846      0.10507275596081392     25    
53349.35348840048    1.7870437753673882     0.08925128959614101     25    
53349.85348840048    1.7248045666843566     0.06812327351507902     25    
53350.35348840048    1.6656516965857608     0.052923789556273707    25    
53350.85348840048    1.6095943195579134     0.05090844379819798     25    
53351.35348840048    1.5565063392849714     0.0547174716563795      25    
53351.85348840048    1.506316236548818      0.055661941180750886    25    
53352.35348840048    1.4592248644199015     0.05469795636780357     25    
53352.85348840048    1.4148336780814283     0.053716693371235955    25    
53353.35348840048    1.3726562201369092     0.05333930665239089     25    
53353.85348840048    1.3329553795790436     0.053662040448333406    25    
53354.35348840048    1.295382664561293      0.05420818755142416     25    
53354.85348840048    1.2594262736725703     0.054541533761237306    25    
53355.35348840048    1.2253081682516933     0.05480848771274726     25    
53355.85348840048    1.192784990118507      0.05490198564647725     25    
53356.35348840048    1.1614684513405078     0.0545666541173053      25    
53356.85348840048    1.1315021618246428     0.0536476772402189      25    
53357.35348840048    1.1027612018378206     0.05259616360887257     25    
53357.85348840048    1.0750330625533135     0.05194726693803858     25    
53358.35348840048    1.0484304700247222     0.0516659819508826      25    
53358.85348840048    1.0228080090689298     0.05157408958035        25    
53359.35348840048    0.9979625696442552     0.05159464575627151     25    
53359.85348840048    0.9739788033827843     0.051912244932297756    25    
53360.35348840048    0.9507736297200216     0.052129595843270905    25    
53360.85348840048    0.9282139561731889     0.05172150150419435     25    
53361.35348840048    0.9063317669721098     0.05054332589500653     25    
53361.85348840048    0.8851313161291833     0.04921139357649428     25    
53362.35348840048    0.8645946695076392     0.04841137442845384     25    
53362.85348840048    0.8447286128896342     0.048078989847604066    25    
53363.35348840048    0.825527928576741      0.047994268209003335    25    
53363.85348840048    0.8069826585963497     0.048049351366492       25    
53364.35348840048    0.7890910381014505     0.048394263670160524    25    
53364.85348840048    0.7718644336174597     0.04871672011736344     25    
53365.35348840048    0.7553097951835539     0.04873287850950799     25    
53365.85348840048    0.7394101677244689     0.04879005189860391     25    
53366.35348840048    0.7242047918522831     0.04818786595281952     25    
53366.85348840048    0.7097334448293136     0.04581414117466732     25    
53367.35348840048    0.6959708114792086     0.04072702592046504     25    
53367.85348840048    0.6829540968957742     0.034909534056059094    25    
53368.35348840048    0.6707339262678939     0.031835264077811815    25    
53368.85348840048    0.6593120576350915     0.03212596410403998     25    
53369.35348840048    0.6486426947188133     0.0333895555690918      25    
53369.85348840048    0.6387062203165726     0.033503199169135967    25    
53370.35348840048    0.6295771307942055     0.03289280294334632     25    
53370.85348840048    0.6210628736462338     0.03219013911431469     25    
53371.35348840048    0.6129827472344964     0.031802739923112146    25    
53371.85348840048    0.6054592925248663     0.03164608756505202     25    
53372.35348840048    0.5983020929852084     0.031628742204414875    25    
53372.85348840048    0.5913057037207001     0.031740534937221836    25    
53373.35348840048    0.5845732932110469     0.032075078308522305    25    
53373.85348840048    0.5779948379350683     0.032358305355825304    25    
53374.35348840048    0.5714274506407275     0.032280801356587674    25    
53374.85348840048    0.5649014098766153     0.03183398771785949     25    
53375.35348840048    0.5584677477692447     0.03134376522027085     25    
53375.85348840048    0.5521533262383157     0.03108919591233403     25    
53376.35348840048    0.5459321608041787     0.0309261811872845      25    
53376.85348840048    0.5398568908056945     0.03102758896519244     25    
53377.35348840048    0.5339784418878872     0.03166388333734414     25    
53377.85348840048    0.528270244811909      0.03289193643439856     25    
53378.35348840048    0.5227607671379432     0.03410152783594872     25    
53378.85348840048    0.5174860189739123     0.034788915429667014    25    
53379.35348840048    0.5124399935160885     0.035129635361207445    25    
53379.85348840048    0.5076002733685425     0.03524882680266245     25    
53380.35348840048    0.502952741939613      0.035189391906029203    25    
53380.85348840048    0.4985098887481742     0.03490139778459468     25    
53381.35348840048    0.4942468588608841     0.03449609933259357     25    
53381.85348840048    0.490142366026104      0.03407190642011378     25    
53382.35348840048    0.4862113429476783     0.033563361733348486    25    
53382.85348840048    0.48242946614499754    0.03305844718928016     25    
53383.35348840048    0.4787757864988388     0.032653858869400976    25    
53383.85348840048    0.4752651698940092     0.0323170875041717      25    
53384.35348840048    0.47187302253652014    0.032046652336781126    25    
53384.85348840048    0.46857873851402415    0.03190217247358884     25    
53385.35348840048    0.4653971047433729     0.031958717930841096    25    
53385.85348840048    0.46230326319165976    0.031860862918481274    25    
53386.35348840048    0.4592769572278676     0.03116896375280638     25    
53386.85348840048    0.45633288265197935    0.029806702184440103    25    
53387.35348840048    0.4534459232666242     0.028566763202618726    25    
53387.85348840048    0.4505961777965767     0.02817878224746537     25    
53388.35348840048    0.44779823877603314    0.028328574631904548    25    
53388.85348840048    0.44502673791762054    0.029251900487282743    25    
53389.35348840048    0.4422621353763582     0.030876839646423633    25    