#mB  c  mBmB x1x1 cc mBx1 mBc x1c
14.312920688102906  -0.3  0.057128677239062856  0.8882035073607858  0.011624500696254425  0.17120996996843585  0.02166799544757032  0.05899954819630049
14.311201864173587  0.3  0.05011445338731112  0.5890706270888775  0.010187452031210338  0.13271511598170233  0.01837207163891072  0.03964030238505157
14.817025884701394  0.0  0.0657767032592288  1.1140150912633813  0.012479965993760778  0.20930839939215323  0.02410664514158745  0.06996811749683596
15.317025884701394  0.0  0.09099066362697647  1.7143401685680304  0.016000687249311092  0.31576727922649533  0.03275175297214839  0.10775026715081554
15.817025884701396  0.0  0.15058738650718148  2.8193672942836105  0.02403455702860617  0.5492105543841205  0.052776835270435356  0.18633931657344494
15.31619624855624  -0.15  0.10241791847133833  1.9191861154547094  0.018071716340171923  0.35857072283992136  0.0373773842418784  0.12628484429506512
15.315372701764536  0.15  0.08331511528254465  1.5515135511179454  0.014593843330914454  0.2854513990827168  0.029594446370622154  0.09418710990665981
16.31292068810291  -0.3  0.45806247016052826  7.575273298137651  0.0723649377945586  1.6813387944035765  0.16530625514720051  0.6037668344844378
16.311201864173587  0.3  0.20159085501967755  3.8503733343278044  0.028460905240826707  0.7614350593370689  0.06593318340915462  0.2353800981001066
