#Date  :
#Flux  :
#Fluxerr  :
#ZP  :
#end  :
@INSTRUMENT  PS
@BAND  PS_i
@MAGSYS  AB
55072.6015625  -0.753000020980835  7.382999897003174  27.5201
55075.6015625  -6.624000072479248  10.522000312805176  27.5201
55087.5  -1.9459999799728394  17.167999267578125  27.5201
55090.6015625  2.4749999046325684  7.882999897003174  27.5201
55093.5  -16.545000076293945  11.638999938964844  27.5201
55096.5  -3.371000051498413  7.046999931335449  27.5201
55102.5  -17.31399917602539  10.35200023651123  27.5201
55180.30078125  0.28700000047683716  6.624000072479248  27.5201
55183.30078125  1.3890000581741333  6.000999927520752  27.5201
55186.3984375  -9.439000129699707  17.32900047302246  27.5201
55189.30078125  12.357999801635742  7.796999931335449  27.5201
55204.30078125  6.640999794006348  5.00600004196167  27.5201
55213.19921875  3.1110000610351562  6.455999851226807  27.5201
55222.19921875  0.44999998807907104  8.413000106811523  27.5201
55414.6015625  773.5889892578125  19.474000930786133  27.5201
55417.6015625  1794.5889892578125  14.053999900817871  27.5201
55423.6015625  3188.4970703125  16.097000122070312  27.5201
55426.6015625  2788.19091796875  31.898000717163086  27.5201
55435.5  1994.3179931640625  27.979999542236328  27.5201
55441.6015625  1412.696044921875  43.81800079345703  27.5201
55444.6015625  1477.041015625  11.536999702453613  27.5201
55447.6015625  1558.5350341796875  21.334999084472656  27.5201
55453.6015625  1673.323974609375  22.944000244140625  27.5201
55456.6015625  1444.7679443359375  27.783000946044922  27.5201
55468.6015625  690.9810180664062  11.743000030517578  27.5201
55477.5  469.1000061035156  11.38599967956543  27.5201
55480.6015625  427.27398681640625  14.543000221252441  27.5201
55483.6015625  362.62200927734375  14.156000137329102  27.5201
55498.5  239.42599487304688  13.878000259399414  27.5201
55501.3984375  276.5150146484375  25.035999298095703  27.5201
55507.3984375  180.447998046875  5.7789998054504395  27.5201
55510.3984375  159.9239959716797  6.767000198364258  27.5201
55516.3984375  141.71800231933594  11.440999984741211  27.5201
55534.3984375  61.79600143432617  13.071000099182129  27.5201
55555.3984375  60.30500030517578  19.283000946044922  27.5201
55561.30078125  54.32099914550781  10.093000411987305  27.5201
55570.30078125  68.22899627685547  21.569000244140625  27.5201
55588.30078125  42.79600143432617  9.220999717712402  27.5201
55594.30078125  31.268999099731445  4.784999847412109  27.5201
55597.30078125  22.27400016784668  8.73799991607666  27.5201
55777.6015625  5.377999782562256  7.414000034332275  27.5201
55810.6015625  13.33899974822998  4.6570000648498535  27.5201
55813.5  -0.054999999701976776  7.511000156402588  27.5201
55822.6015625  -0.19699999690055847  5.853000164031982  27.5201
55825.6015625  5.142000198364258  12.213000297546387  27.5201
55829.6015625  1.055999994277954  6.645999908447266  27.5201
55831.6015625  0.9409999847412109  6.691999912261963  27.5201
55834.5  1.190000057220459  13.28600025177002  27.5201
55837.6015625  -8.956999778747559  6.565999984741211  27.5201
55850.6015625  -12.354000091552734  13.38599967956543  27.5201
55859.5  -11.163999557495117  6.375999927520752  27.5201
55871.5  -43.95100021362305  43.71699905395508  27.5201
55879.3984375  13.845999717712402  9.265999794006348  27.5201
55885.30078125  -1.281999945640564  10.967000007629395  27.5201
55888.5  9.914999961853027  16.586000442504883  27.5201
55890.3984375  15.640999794006348  7.0879998207092285  27.5201
55893.30078125  -9.722000122070312  13.121999740600586  27.5201
55896.30078125  3.9010000228881836  4.519000053405762  27.5201
55912.30078125  -6.664999961853027  7.293000221252441  27.5201
55915.30078125  28.43400001525879  20.923999786376953  27.5201
55918.19921875  -7.925000190734863  6.045000076293945  27.5201
56156.6015625  3.6689999103546143  6.263999938964844  27.5201
56166.6015625  -3.7039999961853027  7.8429999351501465  27.5201
56207.6015625  10.480999946594238  8.246000289916992  27.5201
56210.5  -2.5510001182556152  4.461999893188477  27.5201
56213.3984375  4.806000232696533  15.631999969482422  27.5201
56215.5  15.190999984741211  9.368000030517578  27.5201
56218.5  0.47699999809265137  4.019999980926514  27.5201
56221.5  -0.13600000739097595  7.947999954223633  27.5201
56225.5  -17.554000854492188  26.74799919128418  27.5201
56233.5  5.685999870300293  7.10099983215332  27.5201
56236.3984375  0.2329999953508377  4.570000171661377  27.5201
56239.5  -3.946000099182129  11.175000190734863  27.5201
56242.3984375  2.424999952316284  11.395000457763672  27.5201
56272.3984375  -25.913000106811523  50.08700180053711  27.5201
56293.30078125  2.2230000495910645  21.274999618530273  27.5201
56299.30078125  -7.284999847412109  14.480999946594238  27.5201
56302.30078125  -4.043000221252441  7.376999855041504  27.5201
56314.30078125  -1.909000039100647  17.062000274658203  27.5201
56499.6015625  -6.506999969482422  15.144000053405762  27.5201
56513.6015625  -3.2260000705718994  2.253000020980835  27.5201
56516.6015625  -10.039999961853027  5.888999938964844  27.5201
56520.6015625  0.5339999794960022  9.586999893188477  27.5201
56532.6015625  -4.7210001945495605  8.824000358581543  27.5201
56538.6015625  1.3109999895095825  3.4730000495910645  27.5201
56543.6015625  -2.5820000171661377  12.437000274658203  27.5201
56550.6015625  -7.019999980926514  12.1850004196167  27.5201
56564.6015625  8.20300006866455  11.204000473022461  27.5201
56567.5  -23.13800048828125  12.657999992370605  27.5201
56569.6015625  14.336999893188477  8.802000045776367  27.5201
56588.5  12.666999816894531  8.140000343322754  27.5201
56594.5  4.695000171661377  21.365999221801758  27.5201
56597.5  -10.77299976348877  9.204999923706055  27.5201
56599.5  -0.6380000114440918  15.880999565124512  27.5201
56620.3984375  0.6399999856948853  9.208000183105469  27.5201
56623.30078125  -6.76800012588501  5.114999771118164  27.5201
56626.30078125  9.310999870300293  14.395999908447266  27.5201
56631.30078125  7.854000091552734  6.815999984741211  27.5201
56661.30078125  -3.5269999504089355  9.611000061035156  27.5201
56677.30078125  -21.104000091552734  12.842000007629395  27.5201
