@INSTRUMENT MEGACAMPSF
@BAND r
@MAGSYS AB
@WEIGHTMAT weightmat_SNLS_r.dat
@X_FOCAL_PLANE 10.360534
@Y_FOCAL_PLANE -2.273805
#Date : MJD
#Flux : 
#Fluxerr : errors (but look at the weight matrix)
#ZP : 
#end
53461.54  -1.4183726  0.83531486567  26.496366000000002
53466.58  1.7020416  0.562535446196  26.496366000000002
53469.49  -0.14806871  0.430103147183  26.496366000000002
53473.56  0.17939721  0.530828447857  26.496366000000002
53494.51  16.625139  0.71163824578  26.496366000000002
53495.42  15.602867  0.498509553449  26.496366000000002
53498.38  18.972688  0.472710236437  26.496366000000002
53502.36  20.19482  0.385628727753  26.496366000000002
53505.36  20.004026  0.469113047331  26.496366000000002
53508.35  18.469869  0.693716351101  26.496366000000002
53518.42  11.919639  0.663002175871  26.496366000000002
53523.39  10.058596  0.435375982718  26.496366000000002
53527.33  8.1327747  0.309520832373  26.496366000000002
53531.38  5.8041742  0.458014749333  26.496366000000002
53534.35  5.6777885  0.476392302439  26.496366000000002
53550.4  2.3210543  0.346807488867  26.496366000000002
53553.39  1.4838912  0.389690837171  26.496366000000002
53558.31  1.3982751  0.345557032658  26.496366000000002
53565.31  0.16453675  0.458514898045  26.496366000000002
53578.27  0.44895706  0.98341680202  26.496366000000002
53583.28  1.5541442  0.498858125994  26.496366000000002
53586.26  0.4217  0.591278699468  26.496366000000002
53737.63  0.59117551  0.37413059687  26.496366000000002
53743.65  -0.27195189  0.298515986912  26.496366000000002
53766.64  -0.28306685  0.295312161636  26.496366000000002
53769.56  -0.36347353  0.534068042148  26.496366000000002
53772.64  -0.2244371  0.676173831196  26.496366000000002
53791.62  -0.64872801  0.503061797274  26.496366000000002
53799.46  -0.26731145  0.356631384535  26.496366000000002
53848.44  0.50966949  0.587650985478  26.496366000000002
53851.4  0.60311912  0.365789600604  26.496366000000002
