@INSTRUMENT DECam
@BAND DECam_i
@MAGSYS AB
#Date : MJD
#Flux : 
#Fluxerr : 
#ZP : 
#end
57301.037  2.203  56.188  27.50049715930016
57305.055  -8.304  18.514  27.50049715930016
57311.011  11.925  16.49  27.50049715930016
57315.154  14.664  17.822  27.50049715930016
57316.01  43.464  21.545  27.50049715930016
57325.027  88.008  12.845  27.50049715930016
57334.192  99.981  9.8899  27.50049715930016
57339.023  102.11  17.215  27.50049715930016
57344.038  87.263  11.371  27.50049715930016
57355.146  64.686  13.089  27.50049715930016
57365.041  35.374  10.924  27.50049715930016
57372.036  27.179  13.884  27.50049715930016
57376.044  25.372  27.779  27.50049715930016
57386.046  11.674  12.613  27.50049715930016
57394.061  5.0798  14.62  27.50049715930016
57400.105  22.264  18.944  27.50049715930016
57407.046  10.634  15.64  27.50049715930016
