52048.88859815612    988.9049177677123     425.6501849577672     25    
52049.38859815612    1191.6452889907678    428.1886212037926     25    
52049.88859815612    1412.6268452697602    453.64343007902966    25    
52050.38859815612    1651.6788346166907    547.801441817743      25    
52050.88859815612    1908.666985420133     631.9828078664178     25    
52051.38859815612    2183.402987941145     652.4594544154572     25    
52051.88859815612    2475.769582369364     652.3596905880696     25    
52052.38859815612    2785.5619931146603    658.5331498546449     25    
52052.88859815612    3112.6788802679866    662.62034029583       25    
52053.38859815612    3456.9000942877688    663.7880771146962     25    
52053.88859815612    3818.139123266533     662.4077134642034     25    
52054.38859815612    4196.161535611006     658.2552627506511     25    
52054.88859815612    4590.894555515533     652.2900201664959     25    
52055.38859815612    5002.74790904779      643.428301598662      25    
52055.88859815612    5430.236950523695     638.0743547878074     25    
52056.38859815612    5874.659597461355     656.3911464223647     25    
52056.88859815612    6326.810518180244     685.530757629648      25    
52057.38859815612    6766.081577963865     704.2141055158859     25    
52057.88859815612    7186.206226339864     717.7679966555415     25    
52058.38859815612    7555.321844486823     728.5969534573734     25    
52058.88859815612    7871.722081090168     735.3587303832145     25    
52059.38859815612    8101.980059631092     731.0290182722886     25    
52059.88859815612    8253.920349435508     720.4370628706355     25    
52060.38859815612    8333.439716560793     723.0279589203792     25    
52060.88859815612    8344.70371051244      735.0821497456053     25    
52061.38859815612    8313.066764978354     754.9869659596287     25    
52061.88859815612    8238.902794745203     778.8536554323848     25    
52062.38859815612    8147.403103487145     783.4512275433831     25    
52062.88859815612    8037.183358800352     770.2983740876979     25    
52063.38859815612    7921.052047513779     716.0135849365105     25    
52063.88859815612    7798.348509294991     619.4855876412597     25    
52064.38859815612    7675.566835442338     582.097078830573      25    
52064.88859815612    7552.552565948006     604.8887955689343     25    
52065.38859815612    7436.1016156513215    610.8572600786488     25    
52065.88859815612    7325.861757914886     603.2553041628972     25    
52066.38859815612    7218.025828490886     591.5721653174761     25    
52066.88859815612    7112.716112239047     575.3606125062048     25    
52067.38859815612    7000.1517995154045    573.8462710612841     25    
52067.88859815612    6880.488116268302     588.2157747587542     25    
52068.38859815612    6744.607979690503     593.8193581504702     25    
52068.88859815612    6591.951371996938     590.1445807359459     25    
52069.38859815612    6424.621023130867     572.4160378224009     25    
52069.88859815612    6241.959254827577     535.8094439076892     25    
52070.38859815612    6052.725116843339     517.5815334851775     25    
52070.88859815612    5856.94934903257      526.884653005429      25    
52071.38859815612    5662.592557598786     530.5282407041965     25    
52071.88859815612    5469.954247762639     523.5875610398709     25    
52072.38859815612    5285.8083014892645    515.7594708408008     25    
52072.88859815612    5110.550416708864     506.31384942087715    25    
52073.38859815612    4950.158876414685     508.25819553769327    25    
52073.88859815612    4805.092857303239     528.4790746812071     25    
52074.38859815612    4681.070606439041     539.3459018900735     25    
52074.88859815612    4579.826781843074     530.2994819041332     25    
52075.38859815612    4500.771836473314     529.8749328550698     25    
52075.88859815612    4445.036877501717     547.6115268724848     25    
52076.38859815612    4407.819385587037     569.6574982928847     25    
52076.88859815612    4388.474022051851     596.3739964859584     25    
52077.38859815612    4383.107213556441     612.2588260161608     25    
52077.88859815612    4390.686093725461     610.0692418089361     25    
52078.38859815612    4408.211431828375     597.6343647132959     25    
52078.88859815612    4434.626642086464     569.3395103631971     25    
52079.38859815612    4467.594564692821     551.4715739235562     25    
52079.88859815612    4506.21557025471      566.9081809349935     25    
52080.38859815612    4548.220561999722     587.0795665186133     25    
52080.88859815612    4592.303762052978     601.2990246859417     25    
52081.38859815612    4637.315026798781     607.8728251203117     25    
52081.88859815612    4682.170087172409     600.9749633540425     25    
52082.38859815612    4726.561297433948     585.7217411735031     25    
52082.88859815612    4770.079759010988     559.3826659470988     25    
52083.38859815612    4812.211295988143     535.5331143134194     25    
52083.88859815612    4852.7831382196355    535.9015794154126     25    
52084.38859815612    4890.533034792789     538.0216829234787     25    
52084.88859815612    4924.706479741116     517.4503776527212     25    
52085.38859815612    4953.54898976474      495.25783363480826    25    
52085.88859815612    4975.137035535997     495.31776797117715    25    
52086.38859815612    4988.214671876241     502.0600736726256     25    
52086.88859815612    4990.1302977543655    504.3266151564791     25    
52087.38859815612    4981.184328187114     501.3094521143542     25    
52087.88859815612    4960.025159476226     480.0569301044256     25    
52088.38859815612    4928.066981223631     454.3846741649154     25    
52088.88859815612    4886.850511086797     451.7204498526585     25    
52089.38859815612    4836.974138099917     459.4218687438445     25    
52089.88859815612    4780.506581591118     465.0500457050547     25    
52090.38859815612    4717.3200621033775    468.9766831364823     25    
52090.88859815612    4648.60520606857      460.95582934869213    25    
52091.38859815612    4573.745739673695     449.5127927414686     25    
52091.88859815612    4491.9445179108       456.6848604076794     25    
52092.38859815612    4403.040069648061     473.00048843274305    25    
52092.88859815612    4305.705109652948     485.22753382033756    25    
52093.38859815612    4200.538830293564     493.03403451731265    25    
52093.88859815612    4088.0783685682086    484.9109783714397     25    
52094.38859815612    3969.412806601514     462.26683052239315    25    
52094.88859815612    3849.289237268453     415.75362722728653    25    
52095.38859815612    3728.0096676604194    348.3858331100579     25    
52095.88859815612    3611.037191671382     329.47798377150843    25    
52096.38859815612    3498.0664898251885    350.0488810434129     25    
52096.88859815612    3392.4250005621525    351.20878512821497    25    
52097.38859815612    3293.489867924845     341.4248582095982     25    
52097.88859815612    3199.4091119583886    340.2646513650692     25    
52098.38859815612    3110.1369262789717    345.8642798212291     25    
52098.88859815612    3023.3720145473612    353.68894261519415    25    
52099.38859815612    2939.1986320543474    362.99838162294964    25    
52099.88859815612    2856.1484051745892    356.2780111679488     25    
52100.38859815612    2774.301923884208     333.74546711486175    25    
52100.88859815612    2694.2457845514473    311.2735727471591     25    
52101.38859815612    2615.9694634122006    288.5769529216935     25    
52101.88859815612    2540.2041887214764    263.06648540546996    25    
52102.38859815612    2466.9436197703294    233.2290415208545     25    
52102.88859815612    2396.671525895497     221.53226207687678    25    
52103.38859815612    2329.4153679107344    233.0225537444068     25    
52103.88859815612    2265.0468310538977    238.82377560729498    25    
52104.38859815612    2203.573942549542     237.4729335526424     25    
52104.88859815612    2144.8354891416748    231.91983320291166    25    
52105.38859815612    2088.83107320918      221.54468957812017    25    
52105.88859815612    2035.4109595199766    209.15135406497362    25    
52106.38859815612    1984.572510384894     194.40714397366182    25    
52106.88859815612    1936.1684935591995    180.1174309267142     25    
52107.38859815612    1890.193505447083     165.43991025735596    25    
52107.88859815612    1846.5033426297437    162.03319854181993    25    
52108.38859815612    1805.0893097661517    171.28905464496648    25    
52108.88859815612    1765.8107581020088    198.03050557142257    25    
52109.38859815612    1728.6551747124904    231.50049252627696    25    
52109.88859815612    1693.4859913463938    297.04271974348507    25    