57640.754636600504    120.03633295758364    15.040127601172324    25    
57641.254636600504    141.80839602582412    14.813300885599958    25    
57641.754636600504    164.95203446430776    15.078242349856042    25    
57642.254636600504    189.32544113110464    17.20829301769423     25    
57642.754636600504    214.88152759904517    19.546807939360026    25    
57643.254636600504    241.43868721123008    20.194511424042553    25    
57643.754636600504    268.98358318152856    20.02638871901018     25    
57644.254636600504    297.30690508593284    20.04998885405356     25    
57644.754636600504    326.4169720314902     20.112571351494005    25    
57645.254636600504    356.08886557494503    20.163494275133083    25    
57645.754636600504    386.3404649686627     20.203568182735573    25    
57646.254636600504    416.9433394979989     20.237498932164428    25    
57646.754636600504    447.9128328127785     20.26248561415785     25    
57647.254636600504    479.0322279373662     20.296832702012225    25    
57647.754636600504    510.31915177592106    20.28005706203154     25    
57648.254636600504    541.4975644096384     20.55292063656692     25    
57648.754636600504    572.6760030316108     21.35080228612584     25    
57649.254636600504    603.1060135127179     22.10267435386427     25    
57649.754636600504    632.6024950649054     22.518571371587527    25    
57650.254636600504    660.5175518379262     22.805835913564792    25    
57650.754636600504    686.2548442388936     23.042487945044904    25    
57651.254636600504    709.5654365515289     23.19624210357614     25    
57651.754636600504    729.5138766148054     23.196275360672644    25    
57652.254636600504    746.5165693027183     23.160597504898544    25    
57652.754636600504    760.8535012282861     23.408340136861447    25    
57653.254636600504    772.6763007769097     23.839566586621597    25    
57653.754636600504    783.046953519733      24.34404956188222     25    
57654.254636600504    791.8916690517498     24.903489604760004    25    
57654.754636600504    800.258317400269      25.065310209565304    25    
57655.254636600504    808.1301117579468     24.85342304464359     25    
57655.754636600504    815.3122191497735     24.10571285487166     25    
57656.254636600504    821.9014802599345     22.552005161164654    25    
57656.754636600504    827.1695797545278     21.584795409969605    25    
57657.254636600504    831.0721217205723     21.874688489079777    25    
57657.754636600504    833.1057534484729     22.214785335476435    25    
57658.254636600504    832.9396490279021     22.136630441634075    25    
57658.754636600504    830.8835744622405     21.99338677963995     25    
57659.254636600504    826.8836420496451     21.833110272618722    25    
57659.754636600504    821.3717276319248     21.769002245806437    25    
57660.254636600504    814.7665503483622     22.098502420931457    25    
57660.754636600504    807.208912498245      22.500562604274187    25    
57661.254636600504    799.3182098916883     22.587356994029612    25    
57661.754636600504    790.9421347429728     22.336209905961027    25    
57662.254636600504    782.1520557674145     20.98629235944398     25    
57662.754636600504    772.8798401562066     18.70771585163815     25    
57663.254636600504    762.7157176740006     17.716305119866377    25    
57663.754636600504    751.6899792520024     18.023403420224405    25    
57664.254636600504    739.3977088282944     18.14907733835394     25    
57664.754636600504    725.809973528585      18.062319348391117    25    
57665.254636600504    711.1422017478566     17.887610106040487    25    
57665.754636600504    695.3126792209866     17.5620172657593      25    
57666.254636600504    678.9040072599922     17.430800740887232    25    
57666.754636600504    661.9701028137277     17.71069143450562     25    
57667.254636600504    644.9509593855641     17.944457032770707    25    
57667.754636600504    628.0496178453791     17.884337281420105    25    
57668.254636600504    611.4311983464247     17.74237878888383     25    
57668.754636600504    595.3132875751367     17.601888126466267    25    
57669.254636600504    579.7197724379677     17.4784072242829      25    
57669.754636600504    564.7868206358825     17.480342845521438    25    
57670.254636600504    550.5430210109139     17.52797967650092     25    
57670.754636600504    537.161037168968      17.49744757155243     25    
57671.254636600504    524.6254671293469     17.403729350593274    25    
57671.754636600504    513.0458949226355     17.149434001447332    25    
57672.254636600504    502.4090486178424     16.765268679073266    25    
57672.754636600504    492.74181594196193    16.621988661992408    25    
57673.254636600504    484.0421771749994     16.72010703868888     25    
57673.754636600504    476.3409820049652     16.777151356680683    25    
57674.254636600504    469.66961376609873    16.77854237003311     25    
57674.754636600504    463.81124375904176    16.7185390163378      25    
57675.254636600504    458.8139917200014     16.603223595111153    25    
57675.754636600504    454.26383086874847    16.363540971577454    25    
57676.254636600504    450.0936941019828     15.865865013769627    25    
57676.754636600504    445.9969317852401     15.450933197502001    25    
57677.254636600504    441.75220002475777    15.448128675727192    25    
57677.754636600504    437.33830420535855    15.532181653303853    25    
57678.254636600504    432.5808914791395     15.378027260193148    25    
57678.754636600504    427.60084192773115    15.232228547268894    25    
57679.254636600504    422.4962925170526     15.455229226225207    25    
57679.754636600504    417.2864397413455     15.832753865880884    25    
57680.254636600504    412.1191227338102     15.986004315866575    25    
57680.754636600504    406.97545323876426    15.984828500685415    25    
57681.254636600504    401.92279287506966    15.765316429588774    25    
57681.754636600504    396.9522681392566     15.33522928803041     25    
57682.254636600504    391.9919622159282     15.079029994480717    25    
57682.754636600504    387.04747308463493    15.013662055157775    25    
57683.254636600504    382.04698021297696    15.04879730753547     25    
57683.754636600504    376.9921527633296     15.231099644004912    25    
57684.254636600504    371.820151024981      15.219486818214195    25    
57684.754636600504    366.52513947769637    14.793754957973086    25    
57685.254636600504    361.0565165814857     14.480463446813356    25    
57685.754636600504    355.3993170679995     14.598238455079876    25    
57686.254636600504    349.5149062622641     14.842685619688504    25    
57686.754636600504    343.36087535781303    15.140460611662212    25    
57687.254636600504    336.9496749557068     15.336623825349378    25    
57687.754636600504    330.2558398831461     15.250903798795186    25    
57688.254636600504    323.322387164524      14.764347288222277    25    
57688.754636600504    316.2213866450483     13.019292392898091    25    
57689.254636600504    308.95965839262556    10.200862836133538    25    
57689.754636600504    301.6301698766352     8.923373882199414     25    
57690.254636600504    294.22802183143807    9.198365855381251     25    
57690.754636600504    286.84694486486933    9.109633689485065     25    
57691.254636600504    279.4796221701692     8.745494818344705     25    
57691.754636600504    272.20919769124487    8.606350216184047     25    
57692.254636600504    265.030513370318      8.740110660549064     25    
57692.754636600504    258.0234352495104     8.97247733804015      25    
57693.254636600504    251.19374487342202    9.34554956138044      25    
57693.754636600504    244.58765376742411    9.501265945057785     25    
57694.254636600504    238.2263554974532     9.253239538830472     25    
57694.754636600504    232.10204114773398    8.868403445673069     25    
57695.254636600504    226.21783138846365    8.505402500535478     25    
57695.754636600504    220.57074929598758    8.006807622157497     25    
57696.254636600504    215.16025982122164    7.079307044286022     25    
57696.754636600504    209.98367243874378    6.020025645016308     25    
57697.254636600504    205.03833182651294    5.705232334239551     25    
57697.754636600504    200.32038603189073    5.829152293601876     25    
57698.254636600504    195.81768065257972    5.753286067058485     25    
57698.754636600504    191.5299204929188     5.61157808794832      25    
57699.254636600504    187.44234589444474    5.479816536410054     25    
57699.754636600504    183.55594917594485    5.354551408850078     25    
57700.254636600504    179.85538382152265    5.296448751225487     25    
57700.754636600504    176.34186567870674    5.3085055582936125    25    
57701.254636600504    173.00023135349235    5.3287212982943615    25    
57701.754636600504    169.83110692088334    5.254210813283508     25    
57702.254636600504    166.82032541003258    5.750821560546515     25    
57702.754636600504    163.9671098221534     7.043575031129205     25    
57703.254636600504    161.2591029108226     7.958267277421271     25    
57703.754636600504    158.69331130219584    8.06248831211086      25    
57704.254636600504    156.2600007755411     8.24812288108124      25    