@INSTRUMENT MEGACAMPSF
@BAND r
@MAGSYS AB
@WEIGHTMAT weightmat_SNLS_r.dat
@X_FOCAL_PLANE -12.068244
@Y_FOCAL_PLANE -1.80198
#Date : MJD
#Flux : 
#Fluxerr : errors (but look at the weight matrix)
#ZP : 
#end
53411.6  -0.13218835  0.294194562442  26.502965
53415.58  0.92962506  0.482029031068  26.502965
53419.64  -0.077373412  0.638831317141  26.502965
53440.56  20.547128  2.49806844857  26.502965
53446.51  35.565471  0.38732204923  26.502965
53461.54  38.621265  0.858314511008  26.502965
53466.58  31.314969  0.490552372162  26.502965
53469.49  26.117075  0.404545444398  26.502965
53473.56  19.174747  0.447733611982  26.502965
53494.51  5.0247277  0.57050036462  26.502965
53495.42  3.7898077  0.434798676958  26.502965
53498.38  3.57214  0.397139571114  26.502965
53502.36  3.1871996  0.332294155305  26.502965
53505.36  3.5196187  0.426556449737  26.502965
53508.35  1.0943667  0.626496506009  26.502965
53518.42  3.2550747  0.528831205769  26.502965
53523.39  2.0414881  0.399647455957  26.502965
53527.33  1.7031379  0.257534109502  26.502965
53531.38  3.0935171  0.423912102439  26.502965
53534.35  1.4331918  0.433041705079  26.502965
53550.4  1.283588  0.292143394631  26.502965
53553.39  1.3165785  0.33694114184  26.502965
53558.31  0.96627988  0.296073542594  26.502965
53565.31  1.6574381  0.383049456262  26.502965
53578.28  2.5274127  0.835525501295  26.502965
53583.28  0.41593943  0.423311118732  26.502965
53586.26  0.92579875  0.596430593453  26.502965
53737.63  -0.27909367  0.317278848817  26.502965
53743.65  0.11373141  0.269185810647  26.502965
