23 23
5.541088180240457  -0.13504302369598636  -0.032494832188209324  -0.004702307163231823  -0.10664104515557982  -0.10352624064183968  -0.07269633788858104  -0.09767037881603223  -0.1821659604672699  -0.11617904587388156  -0.03755470857759184  -0.014830614083927914  -0.02981947948880856  -0.11090550569581857  -0.17140850807063004  -0.11286558682566826  -0.16004002427205388  -0.10124523151058931  -0.008098116568136124  -0.020974122435506854  -0.0876685312314441  -0.07612266739573248  -0.17743126585438357  
-0.1350430236959863  5.266758708355436  -0.030542223578168437  -0.004317679930585663  -0.10011566033658731  -0.09842839490924711  -0.06856114714876144  -0.09245387997210432  -0.17714978793344396  -0.1121050277058319  -0.035635330544568446  -0.013890071575812362  -0.027846162276191112  -0.10293980109960671  -0.1666435547991842  -0.10779716645250714  -0.15575696628303692  -0.09546529560040883  -0.007355113887919159  -0.01923895424578259  -0.08160413074998682  -0.07063758983079163  -0.1689059122080768  
-0.03249483218820931  -0.030542223578168423  1.3297190809835187  -0.001260056779228013  -0.026089745881043052  -0.02441881785393391  -0.017503544231754396  -0.022867362053025683  -0.038955727531478114  -0.02569187173875207  -0.008826488017052651  -0.0036788495410695985  -0.007481864284616809  -0.0284014970199238  -0.0377257111995185  -0.02659889853577409  -0.03454919390507579  -0.0239951298410586  -0.002120149742800168  -0.005561312008554695  -0.0222637657012357  -0.019231582570211708  -0.04062842301801332  
-0.004702307163231822  -0.004317679930585663  -0.001260056779228013  0.20067877986276286  -0.004190859986778145  -0.0036165579366749163  -0.0027192571519493963  -0.003441691583779575  -0.004665567019970354  -0.0034875893653163108  -0.0013292558994107636  -0.0006011115492075319  -0.0012550544202073449  -0.0049358362646472745  -0.004886977988075854  -0.003974782244906753  -0.004320160665968499  -0.0037406694181243987  -0.00041658688147265223  -0.0010671295456693099  -0.0038399599689696094  -0.0033097834128325483  -0.00571478175910913  
-0.1066410451555798  -0.10011566033658731  -0.02608974588104305  -0.004190859986778145  4.327047310681675  -0.07983942252428014  -0.0581477556120397  -0.07538876879980394  -0.12411147867360128  -0.08445273160173508  -0.029124935641647115  -0.012175090369559322  -0.02491594013291178  -0.09412915230243529  -0.12267548229689097  -0.0873186530741224  -0.11210465208552073  -0.08106719788398194  -0.007171997498911425  -0.018714116453813486  -0.07449381673665535  -0.06478509420230658  -0.1320254190561298  
-0.10352624064183966  -0.09842839490924712  -0.024418817853933922  -0.003616557936674916  -0.07983942252428013  4.123389350133496  -0.054207190177061534  -0.07174717566962191  -0.12924290669707736  -0.08392517855840465  -0.027699024721626175  -0.011155789039340175  -0.02249792810084013  -0.08410499970984156  -0.12429848190149471  -0.08386336106285844  -0.11529476431395604  -0.07470206259431725  -0.0061379359851134385  -0.016016063476233373  -0.06641984197231865  -0.05738595834379713  -0.12897787406045486  
-0.07269633788858104  -0.06856114714876141  -0.0175035442317544  -0.0027192571519493967  -0.05814775561203971  -0.05420719017706155  2.9502685424667328  -0.051006728572893865  -0.08716515363149152  -0.05822788571920647  -0.019709167346916592  -0.008111512730918407  -0.01652703945530598  -0.062040276648831695  -0.08520744426562464  -0.059223714811660305  -0.0783962821765348  -0.054478823666685675  -0.00463949045367101  -0.012156264761352318  -0.04916869486069905  -0.04275898897715218  -0.09027609222935015  
-0.09767037881603223  -0.09245387997210433  -0.022867362053025683  -0.0034416915837795735  -0.07538876879980397  -0.07174717566962194  -0.051006728572893865  3.8814625624829056  -0.12127693928262717  -0.07895203718128116  -0.026117635154346088  -0.01051797314461332  -0.021286679337889507  -0.0797388502128447  -0.11580576530642965  -0.07858628947901172  -0.10696008866168573  -0.07108078031907708  -0.0058785424855132455  -0.015358580548210873  -0.06293853997125604  -0.05455949693042351  -0.1217731246343178  
-0.1821659604672699  -0.17714978793344405  -0.03895572753147813  -0.004665567019970357  -0.12411147867360135  -0.12924290669707736  -0.08716515363149152  -0.1212769392826272  6.844360812270344  -0.1578460130955571  -0.04654745893500052  -0.016951403046475914  -0.033407785385400256  -0.12029793556066248  -0.24229505025839648  -0.14169060791052177  -0.2332449223309858  -0.12180820158880763  -0.00762199765745311  -0.020955756395471266  -0.09561520847496721  -0.0833226419675085  -0.23414622413630792  
-0.11617904587388145  -0.11210502770583185  -0.025691871738752054  -0.003487589365316307  -0.08445273160173503  -0.08392517855840459  -0.05822788571920644  -0.0789520371812811  -0.15784601309555707  4.525275586370851  -0.03043582972869523  -0.011617499663058398  -0.023210344606188524  -0.08484562441682715  -0.14685771441817427  -0.09190245546932924  -0.13850801521720316  -0.081733811807147  -0.005881564178900438  -0.015607788819928067  -0.06765089306882721  -0.05890019371909487  -0.14598497247122225  
-0.03755470857759184  -0.035635330544568425  -0.008826488017052651  -0.0013292558994107634  -0.029124935641647125  -0.02769902472162617  -0.019709167346916592  -0.026117635154346095  -0.04654745893500053  -0.030435829728695227  1.5141994583001646  -0.004060526774669006  -0.008225526693967736  -0.030764029321725592  -0.04463195289728267  -0.030332940868581196  -0.041226508108643936  -0.027465025001114175  -0.002261471257231693  -0.005933035342727139  -0.02432624415259884  -0.02109958418447986  -0.04685969105989406  
-0.014830614083927919  -0.01389007157581236  -0.0036788495410695994  -0.0006011115492075319  -0.012175090369559325  -0.011155789039340176  -0.008111512730918409  -0.010517973144613323  -0.016951403046475917  -0.011617499663058401  -0.004060526774669007  0.6125126023239214  -0.0035122143106613986  -0.013370746256749062  -0.016827743926369626  -0.012198629058328064  -0.01528956701525112  -0.011209801774373118  -0.0010292241218989942  -0.0026606062453456976  -0.010516309358668863  -0.009087943777252883  -0.0183301477721475  
-0.029819479488808566  -0.02784616227619111  -0.007481864284616807  -0.0012550544202073442  -0.02491594013291178  -0.02249792810084014  -0.016527039455305984  -0.021286679337889504  -0.033407785385400256  -0.023210344606188524  -0.008225526693967736  -0.0035122143106613977  1.2373568355195375  -0.02759004565330206  -0.03344384210100556  -0.024648181638191158  -0.03029043920968729  -0.022942845481119897  -0.00215626427356211  -0.00559059119750349  -0.021727170540927168  -0.01883513207431758  -0.03679641323773663  
-0.11090550569581854  -0.10293980109960674  -0.028401497019923793  -0.004935836264647277  -0.0941291523024353  -0.08410499970984156  -0.06204027664883168  -0.0797388502128447  -0.1202979355606625  -0.08484562441682716  -0.030764029321725606  -0.013370746256749064  -0.02759004565330206  4.541643738684777  -0.12140531578675463  -0.0922316496340196  -0.10902747579221932  -0.085553119854193  -0.008514040697537433  -0.02189076050765115  -0.08342482654828393  -0.071966683829961  -0.13642102957688457  
-0.17140850807063004  -0.16664355479918427  -0.03772571119951852  -0.004886977988075856  -0.12267548229689103  -0.12429848190149478  -0.08520744426562465  -0.11580576530642969  -0.24229505025839654  -0.14685771441817433  -0.044631952897282674  -0.016827743926369626  -0.033443842101005566  -0.12140531578675466  6.598079264991491  -0.13557013657768544  -0.21264268683069582  -0.11884364623793156  -0.008129334830956202  -0.021833643833119133  -0.09698295081857741  -0.08439538556317251  -0.2168739955007061  
-0.11286558682566827  -0.10779716645250711  -0.026598898535774084  -0.003974782244906754  -0.08731865307412238  -0.08386336106285844  -0.05922371481166031  -0.07858628947901172  -0.14169060791052174  -0.09190245546932925  -0.030332940868581196  -0.012198629058328062  -0.02464818163819115  -0.0922316496340196  -0.13557013657768544  4.4994939480901355  -0.12513818343339214  -0.0820708188820504  -0.006744038611458336  -0.01769732726452919  -0.07284071754139522  -0.06276708467835106  -0.14112849622179421  
-0.16004002427205385  -0.155756966283037  -0.03454919390507579  -0.004320160665968498  -0.11210465208552071  -0.11529476431395605  -0.07839628217653484  -0.10696008866168573  -0.23324492233098576  -0.1385080152172032  -0.04122650810864394  -0.015289567015251112  -0.030290439209687298  -0.10902747579221929  -0.21264268683069584  -0.12513818343339214  6.127619180548676  -0.1094849926517078  -0.007208640027083675  -0.01933800453887477  -0.08742403247123655  -0.07642653388199919  -0.20218045496705778  
-0.10124523151058931  -0.09546529560040884  -0.023995129841058598  -0.0037406694181243956  -0.08106719788398194  -0.07470206259431725  -0.05447882366668567  -0.0710807803190771  -0.12180820158880755  -0.08173381180714698  -0.027465025001114172  -0.011209801774373118  -0.022942845481119894  -0.08555311985419296  -0.11884364623793145  -0.08207081888205035  -0.10948499265170776  4.087290980610023  -0.006400167054609168  -0.016938488308201497  -0.06829724712083562  -0.059874994361884676  -0.12569485033477476  
-0.008098116568136127  -0.007355113887919161  -0.0021201497428001695  -0.00041658688147265245  -0.007171997498911424  -0.006137935985113439  -0.004639490453671011  -0.005878542485513246  -0.007621997657453108  -0.0058815641789004384  -0.002261471257231694  -0.0010292241218989944  -0.0021562642735621098  -0.008514040697537435  -0.008129334830956203  -0.006744038611458339  -0.007208640027083678  -0.006400167054609169  0.3403328709779982  -0.0018521137669044738  -0.006633167000730823  -0.005704235194616007  -0.009558347724699611  
-0.020974122435506847  -0.01923895424578259  -0.005561312008554693  -0.0010671295456693103  -0.018714116453813483  -0.016016063476233373  -0.012156264761352321  -0.015358580548210878  -0.020955756395471266  -0.015607788819928069  -0.005933035342727141  -0.0026606062453456976  -0.005590591197503492  -0.02189076050765115  -0.02183364383311914  -0.01769732726452919  -0.01933800453887477  -0.0169384883082015  -0.0018521137669044742  0.8919347920748087  -0.017120959050482533  -0.014848963320216681  -0.025504890074253585  
-0.08766853123144408  -0.08160413074998683  -0.022263765701235706  -0.0038399599689696116  -0.07449381673665532  -0.06641984197231866  -0.049168694860699025  -0.06293853997125602  -0.09561520847496718  -0.0676508930688272  -0.02432624415259884  -0.010516309358668858  -0.021727170540927165  -0.08342482654828393  -0.09698295081857741  -0.07284071754139522  -0.08742403247123656  -0.06829724712083567  -0.006633167000730823  -0.017120959050482533  3.6172175633044  -0.056944962191632816  -0.10769331171073729  
-0.07612266739573247  -0.07063758983079162  -0.0192315825702117  -0.003309783412832548  -0.06478509420230655  -0.05738595834379713  -0.04275898897715218  -0.05455949693042351  -0.08332264196750848  -0.058900193719094864  -0.021099584184479866  -0.009087943777252881  -0.01883513207431757  -0.071966683829961  -0.0843953855631725  -0.06276708467835103  -0.07642653388199916  -0.05987499436188466  -0.005704235194616007  -0.014848963320216678  -0.05694496219163282  3.1506524027958287  -0.09357594395535715  
-0.1774312658543836  -0.16890591220807677  -0.04062842301801333  -0.005714781759109131  -0.13202541905612986  -0.1289778740604548  -0.0902760922293501  -0.12177312463431778  -0.234146224136308  -0.1459849724712222  -0.04685969105989403  -0.0183301477721475  -0.036796413237736636  -0.1364210295768846  -0.21687399550070605  -0.1411284962217942  -0.20218045496705783  -0.12569485033477476  -0.009558347724699613  -0.025504890074253585  -0.1076933117107373  -0.09357594395535715  6.868437483246445  
