@INSTRUMENT MEGACAMPSF
@BAND i
@MAGSYS AB
@WEIGHTMAT weightmat_SNLS_i.dat
@X_FOCAL_PLANE -1.4529375
@Y_FOCAL_PLANE 9.37035
#Date : MJD
#Flux : 
#Fluxerr : errors (but look at the weight matrix)
#ZP : 
#end
53227.57  -0.18899811  0.718639841318  26.347553
53231.56  -1.6551985  0.96581946865  26.347553
53234.61  0.49861222  0.471333133423  26.347553
53253.54  5.4587623  0.612675961476  26.347553
53257.52  11.443995  0.653743849315  26.347553
53266.52  24.791944  1.07315530887  26.347553
53270.53  25.878857  0.561753995096  26.347553
53282.46  23.123405  0.659716598254  26.347553
53287.43  18.507717  0.655195398715  26.347553
53293.4  16.047828  0.947852981383  26.347553
53297.38  15.427866  0.969571901457  26.347553
53300.35  10.990354  0.693084392661  26.347553
53311.42  7.1081237  0.806168969646  26.347553
53315.46  4.4122307  2.41180870035  26.347553
53316.38  3.8606076  0.827187446088  26.347553
53322.34  3.5930282  0.721302499352  26.347553
53328.33  4.1559172  0.789921849903  26.347553
53330.42  3.4517471  0.747602339376  26.347553
53343.33  1.1895806  1.21039521414  26.347553
53350.29  2.2568595  0.828046492592  26.347553
53353.25  2.329854  0.664123946659  26.347553
53356.23  1.0770535  1.11097935212  26.347553
53358.3  1.4133738  1.28138968705  26.347553
53376.26  0.2430065  0.884260314768  26.347553
53379.24  0.37137232  1.27307515418  26.347553
53385.26  0.41858893  1.40375566025  26.347553
53390.35  -2.9836535  4.97488196789  26.347553
53586.56  1.641042  0.637394675205  26.347553
