#Date  :
#Flux  :
#Fluxerr  :
#ZP  :
#end  :
@INSTRUMENT  CNIa02
@BAND  SDSS_g
@MAGSYS  AB
58133.01892000018  0.0  405.5085354483839  25.0
58133.27136000013  0.0  619.4410750767818  25.0
58134.01436999999  0.0  478.630092322638  25.0
58134.27108999994  0.0  505.8246620031148  25.0
58135.26725000003  0.0  575.4399373371566  25.0
58136.26331999991  0.0  534.5643593969719  25.0
58152.99812000012  0.0  855.0667128846823  25.0
58153.236940000206  0.0  1106.6237839776663  25.0
58154.01974999998  0.0  787.0457896950977  25.0
58155.011909999885  0.0  744.7319739059889  25.0
58157.01398999989  0.0  580.7644175213123  25.0
58158.008820000105  0.0  2013.7242498623916  25.0
58158.98080000002  0.0  1000.0  25.0
58159.2979100002  0.0  544.5026528424214  25.0
58160.3009899999  0.0  496.59232145033576  25.0
58161.28554000007  0.0  461.31757456037957  25.0
58162.28109999979  0.0  492.0395356814511  25.0
58162.967879999895  0.0  359.7493351557427  25.0
58163.274939999916  0.0  505.8246620031148  25.0
58164.94223000016  0.0  549.5408738576253  25.0
58170.23112000013  0.0  570.1642722807478  25.0
58171.94671999989  1819.7008586099826  117.32044997985632  25.0
58172.20012999978  1380.3842646028866  127.13808921007458  25.0
58174.19083000021  4168.693834703359  191.97544561929487  25.0
58175.03423999995  5495.408738576249  151.84375489500263  25.0
58175.342689999845  5970.352865838366  219.95592813887984  25.0
58176.14827999985  6792.03632617185  250.22786552940778  25.0
58180.28945000004  13677.288255958494  377.9174406059048  25.0
58180.913230000064  13803.842646028837  381.414267630223  25.0
58181.95942999981  14321.878992735454  395.7281408647736  25.0
58182.958779999986  15135.612484362071  278.80828543630724  25.0
58183.93587000016  15559.65631605075  286.61946148122206  25.0
58185.193200000096  14723.125024327193  271.20998562418384  25.0
58186.17614000011  14190.575216890926  261.40005564122816  25.0
58188.17175000021  13677.288255958494  251.9449604039365  25.0
58192.32060000021  10568.175092136586  292.0094691252408  25.0
58194.11043999996  9375.620069258803  259.05795610647067  25.0
58196.272900000215  7311.39083483418  202.02119454243868  25.0
58196.992000000086  7046.930689671467  194.71389068718668  25.0
58197.97153000021  6367.955209079162  175.95310484589814  25.0
58199.29968000017  5597.576014951099  206.22232142113288  25.0
58199.93172999984  5546.257129579105  153.2487478605019  25.0
58200.94817000022  4365.158322401661  201.02296963275649  25.0
58201.11364000011  4325.138310350088  159.34398397547508  25.0
58202.106709999964  4207.266283844446  193.7517725471309  25.0
58202.972550000064  3467.3685045253237  159.67822060742057  25.0
58204.08614999987  2831.391995799379  156.4685040455132  25.0
58205.2819099999  2032.3570109362208  187.18699827939884  25.0
58207.222169999965  3564.511334262439  328.30362648052477  25.0
58211.247880000155  1674.9428760264364  262.25549785877394  25.0
58214.30566000007  903.6494737223023  174.7813038272849  25.0
58215.297509999946  1306.1708881318405  156.3936200262952  25.0
58216.281049999874  0.0  570.1642722807478  25.0
58217.236099999864  0.0  534.5643593969719  25.0
58217.99923000019  879.0225168308842  89.05706232034304  25.0
58218.17323999992  0.0  772.6805850957021  25.0
58220.02084999997  625.1726927756849  80.61274608353857  25.0
58221.044840000104  698.2324040771712  109.32628770409299  25.0
58222.01781000011  0.0  501.18723362727246  25.0
58223.011080000084  0.0  409.26065973001135  25.0
58223.13730000006  0.0  636.7955209079169  25.0
58225.009459999856  619.4410750767818  114.10526283585644  25.0
58225.28633000003  0.0  452.89757990362136  25.0
58227.19236999983  0.0  972.7472237769641  25.0
58227.99129999988  654.6361740672747  78.3824857779337  25.0
58228.994169999845  0.0  369.828179780267  25.0
58229.9217699999  544.5026528424214  70.21076672513686  25.0
58230.052180000115  0.0  602.5595860743575  25.0
58230.92026000004  0.0  409.26065973001135  25.0
58231.11826999998  0.0  602.5595860743575  25.0
58233.15882000001  0.0  801.6780633876806  25.0
58238.029860000126  0.0  1644.3717232149306  25.0
58239.05125000002  0.0  2728.9777828080405  25.0
58240.2121100002  0.0  1213.3888504649788  25.0
58241.22383000003  0.0  990.8319448927665  25.0
58241.99693999998  0.0  534.5643593969719  25.0
58242.98107000021  0.0  580.7644175213123  25.0
58244.889950000215  0.0  369.828179780267  25.0
58247.957890000194  0.0  505.8246620031148  25.0
58249.1050900002  0.0  496.59232145033576  25.0
58250.933889999986  0.0  401.79081084894085  25.0
58251.93067000015  0.0  409.26065973001135  25.0
58252.940599999856  369.828179780267  68.1248682979297  25.0
58253.047609999776  0.0  390.8408957924025  25.0
58253.929119999986  0.0  353.18316979195737  25.0
58254.93286000006  0.0  366.43757464783334  25.0
58255.921879999805  0.0  322.10687912834345  25.0
58256.92990999995  0.0  363.078054770101  25.0
58258.95638999995  0.0  731.139083483418  25.0
58259.97844000021  0.0  648.6344335482395  25.0
58261.220290000085  0.0  549.5408738576253  25.0
58264.09990999987  0.0  972.7472237769641  25.0
58264.95332999993  0.0  2511.886431509582  25.0
58265.10001999978  0.0  1458.814260275349  25.0
58267.74827999994  0.0  1393.1568029453035  25.0
