54020.98814279695    4.553645410496798     0.9141006364644932     25    
54021.48814279695    5.378023850069305     0.9063601148921909     25    
54021.98814279695    6.2691479207483765    0.9115615721520725     25    
54022.48814279695    7.226178455518237     0.9841742258772316     25    
54022.98814279695    8.249273217618292     1.0967018762728507     25    
54023.48814279695    9.33737090951749      1.1576183582620279     25    
54023.98814279695    10.490630357280669    1.1616183839292034     25    
54024.48814279695    11.708210268241212    1.155426813623007      25    
54024.98814279695    12.989828395909667    1.1585055264607758     25    
54025.48814279695    14.335196114289154    1.1610216728658607     25    
54025.98814279695    15.743476389679392    1.162749289206416      25    
54026.48814279695    17.214825912274865    1.1637786109924388     25    
54026.98814279695    18.748183394763995    1.1642236096390095     25    
54027.48814279695    20.343708715817602    1.1639577713197922     25    
54027.98814279695    22.000558510723252    1.1636627324284        25    
54028.48814279695    23.720887245772644    1.1610940649579322     25    
54028.98814279695    25.499507718302112    1.1614183489296683     25    
54029.48814279695    27.337728636105073    1.1762168405443019     25    
54029.98814279695    29.232165012784783    1.2016025798143726     25    
54030.48814279695    31.10983858864618     1.2196358450964153     25    
54030.98814279695    32.987242580572726    1.228481379869857      25    
54031.48814279695    34.78330946341388     1.2352033493756944     25    
54031.98814279695    36.46923163446931     1.2428300063892284     25    
54032.48814279695    38.02527594561842     1.249084241538643      25    
54032.98814279695    39.369947085460666    1.2516015741461728     25    
54033.48814279695    40.52391177461094     1.2511209754713875     25    
54033.98814279695    41.51011555139177     1.2528786717023368     25    
54034.48814279695    42.31457086651948     1.2572774774026432     25    
54034.98814279695    43.00026248511101     1.263005137624659      25    
54035.48814279695    43.58700568421525     1.2713772303330937     25    
54035.98814279695    44.09062303762001     1.2791498939019672     25    
54036.48814279695    44.57020785211115     1.2882908042057322     25    
54036.98814279695    45.011263055417864    1.2959957041354104     25    
54037.48814279695    45.410391221886684    1.2418736365067222     25    
54037.98814279695    45.775511152282746    1.0840436693422564     25    
54038.48814279695    46.07215397618778     0.9346233466823561     25    
54038.98814279695    46.2899679560089      0.912568769584986      25    
54039.48814279695    46.420594040754445    0.9430966318864752     25    
54039.98814279695    46.43178161195781     0.9471457977022203     25    
54040.48814279695    46.33189768113449     0.9443576841662487     25    
54040.98814279695    46.13138841038431     0.9406343410288218     25    
54041.48814279695    45.823152525944764    0.9351406220313967     25    
54041.98814279695    45.43930001712295     0.9317983870349549     25    
54042.48814279695    44.98916449871712     0.9349170269303803     25    
54042.98814279695    44.48196658535786     0.9393904064761659     25    
54043.48814279695    43.9477145593175      0.9353262645222734     25    
54043.98814279695    43.379460848588025    0.9261922419929374     25    
54044.48814279695    42.785900230776626    0.9380499187772399     25    
54044.98814279695    42.16925041740276     0.9785233808716914     25    
54045.48814279695    41.52096319453647     1.0121119304287516     25    
54045.98814279695    40.83894681391888     1.0206045955604983     25    
54046.48814279695    40.12139623324013     1.0189338073745247     25    
54046.98814279695    39.360653622978795    1.0168679523979989     25    
54047.48814279695    38.55902712201282     1.012068761061566      25    
54047.98814279695    37.72471823846403     1.0054936169896282     25    
54048.48814279695    36.85401011064276     0.9959674762774197     25    
54048.98814279695    35.964190174522955    0.9886987252481015     25    
54049.48814279695    35.060030463175096    0.9883936316832528     25    
54049.98814279695    34.14718719111219     0.9901989693246154     25    
54050.48814279695    33.241517052976256    0.9933191559462586     25    
54050.98814279695    32.33979505618165     0.9963127982017985     25    
54051.48814279695    31.455759296036025    0.9617742633288984     25    
54051.98814279695    30.58826815340881     0.866456973346441      25    
54052.48814279695    29.743927239162236    0.7800923693299096     25    
54052.98814279695    28.925066760910056    0.7673158284498246     25    
54053.48814279695    28.13405479973763     0.7837229272639809     25    
54053.98814279695    27.37868619052512     0.7851944047254761     25    
54054.48814279695    26.657034780238753    0.7827914295014555     25    
54054.98814279695    25.969577448277168    0.7779108107985958     25    
54055.48814279695    25.31787762870365     0.7690026107122746     25    
54055.98814279695    24.69504053211863     0.7626327393064563     25    
54056.48814279695    24.099393138015703    0.7641878338804852     25    
54056.98814279695    23.52871170807263     0.7682353353660327     25    
54057.48814279695    22.976777251391       0.7690675446844061     25    
54057.98814279695    22.44495738088712     0.7680648612563999     25    
54058.48814279695    21.92968429788972     0.7651459370277912     25    
54058.98814279695    21.43066293997126     0.7641783944702136     25    
54059.48814279695    20.94885329821818     0.7475441589242615     25    
54059.98814279695    20.484353169826623    0.690258058531719      25    
54060.48814279695    20.037336772340943    0.6196077276659495     25    
54060.98814279695    19.60889977664039     0.5936184543903896     25    
54061.48814279695    19.198542869468294    0.6011900674411288     25    
54061.98814279695    18.80246110599417     0.6024119980280558     25    
54062.48814279695    18.42239228725169     0.5938589976178432     25    
54062.98814279695    18.05015919181136     0.5877287257033542     25    
54063.48814279695    17.68365969075765     0.5897129772995932     25    
54063.98814279695    17.320052158732913    0.5943727655564309     25    
54064.48814279695    16.950998927729067    0.5967818182345986     25    
54064.98814279695    16.57855001168162     0.5980135185937213     25    
54065.48814279695    16.201333934009032    0.5949720694855993     25    
54065.98814279695    15.81726276238426     0.5888017168103717     25    
54066.48814279695    15.435669625948858    0.5735509733340989     25    
54066.98814279695    15.058595376165277    0.5369856256649705     25    
54067.48814279695    14.689329168619658    0.49467708791376513    25    
54067.98814279695    14.336808349606521    0.4797788990306788     25    
54068.48814279695    13.99891842882796     0.48504450616331274    25    
54068.98814279695    13.678695947047865    0.48495897434416807    25    
54069.48814279695    13.378019543611106    0.477079139828059      25    
54069.98814279695    13.08857683104216     0.4705355669948054     25    
54070.48814279695    12.808714984226926    0.46931357031331195    25    
54070.98814279695    12.535397496741647    0.4704336411895089     25    
54071.48814279695    12.260833697812679    0.4724234748801613     25    
54071.98814279695    11.986802310228425    0.47538010301436       25    
54072.48814279695    11.709492522307723    0.4758040638296191     25    
54072.98814279695    11.427541731186952    0.4777878167895266     25    
54073.48814279695    11.146912100824746    0.46214085476177136    25    
54073.98814279695    10.868646411672714    0.39930001333068377    25    
54074.48814279695    10.595017374926572    0.31343083778316616    25    
54074.98814279695    10.331474035024561    0.2789216792881965     25    
54075.48814279695    10.076833711270027    0.2899954402731148     25    
54075.98814279695    9.834772773363802     0.2940376126976896     25    
54076.48814279695    9.605912941454562     0.2883275238847537     25    
54076.98814279695    9.38763607099462      0.28341362828024036    25    
54077.48814279695    9.17962462246937      0.28181293455304       25    
54077.98814279695    8.980817368810953     0.28204357987231693    25    
54078.48814279695    8.788901071781705     0.2842636742471565     25    
54078.98814279695    8.60435709938961      0.28810046913052223    25    
54079.48814279695    8.425299675089038     0.28867967503361186    25    
54079.98814279695    8.251575142853099     0.28528402932448554    25    
54080.48814279695    8.083781280955238     0.2809667451298998     25    
54080.98814279695    7.921919909536217     0.27932723341806803    25    
54081.48814279695    7.766265212869906     0.2748785441605877     25    
54081.98814279695    7.617364429729899     0.25612604646534143    25    
54082.48814279695    7.475088727332495     0.22452366974326612    25    
54082.98814279695    7.3396807467909815    0.20518442944495965    25    
54083.48814279695    7.211319262287971     0.2059541965638749     25    
54083.98814279695    7.089183102769085     0.20931616618077967    25    
54084.48814279695    6.973136336961025     0.20758904543570594    25    
54084.98814279695    6.862826265331808     0.2051401536837429     25    
54085.48814279695    6.757519556354146     0.20258461611868533    25    
54085.98814279695    6.657341689766338     0.19980469428711997    25    
54086.48814279695    6.561321396246359     0.19768352745520654    25    
54086.98814279695    6.469620203590849     0.1962743320286469     25    
54087.48814279695    6.381433442963709     0.19548029017023047    25    
54087.98814279695    6.2965533931313935    0.1939560835451568     25    
54088.48814279695    6.214663624263359     0.1945589659355836     25    
54088.98814279695    6.135032844714015     0.20308643720028854    25    
54089.48814279695    6.057785381957832     0.2166139993984808     25    
54089.98814279695    5.98195014466476      0.22489915844964478    25    
54090.48814279695    5.907689456911324     0.226300550649125      25    
54090.98814279695    5.8341968793096886    0.23109199044530218    25    