#mB  c  mBmB x1x1 cc mBx1 mBc x1c
14.163490224974005  -0.3  0.00013946771002754544  0.0018926975582971154  0.00013791070670752593  0.00014955000245814255  0.00010512914287995964  1.9140324759241766e-05
14.163921515549188  0.3  0.00015126782171492862  0.0015385101057187025  0.00014467327153359756  0.00011308961586162879  0.00011789000511788796  8.926345869345826e-06
14.668803361393007  0.0  0.00016280196477960003  0.0021899894474056354  0.00015073235224006022  0.00017628588938421556  0.0001224399681084214  2.6347842326218026e-05
15.168803361393007  0.0  0.00020359512757844365  0.0033056036539389176  0.00017366361303879655  0.0002858297751774362  0.00014807463900237512  5.827448029589694e-05
15.668803361393005  0.0  0.0002931273540072651  0.005687052879111279  0.00022499339501810248  0.0005251916326417976  0.00020538935590821183  0.00013539325939385488
15.167402573275666  -0.15  0.00020502184483399364  0.0037783851529958694  0.00017655075587668704  0.0003314787993645112  0.00014702477248780668  7.076883890801411e-05
15.167654824278479  0.15  0.0002030173711695583  0.0029121085271821986  0.00017229443022891228  0.00024762582777628433  0.00014962291639453358  4.784078459353834e-05
16.163490224974005  -0.3  0.0005319111234036042  0.015639457833354107  0.00040669016775782686  0.0015004386512247677  0.000360061868991263  0.000489308723705536
16.163921515549188  0.3  0.00045143724237435166  0.007155557216085309  0.00030554028848022623  0.0006815217736056002  0.0003159448102940132  0.0001947867865296332
