57489.16240693043    431.679391434999      82.12243585194028     25    
57489.66240693043    519.5701314393565     82.13049972001195     25    
57490.16240693043    614.896965382106      82.99055730764401     25    
57490.66240693043    717.4707602411983     86.75640017698697     25    
57491.16240693043    827.1415778806746     90.56691651059428     25    
57491.66240693043    943.7013964588991     91.52620867912209     25    
57492.16240693043    1067.0185997607357    91.51504888827913     25    
57492.66240693043    1196.8674109224905    91.85526316216625     25    
57493.16240693043    1333.1334018523207    92.14145151419498     25    
57493.66240693043    1475.5741744620036    92.34798977813762     25    
57494.16240693043    1624.0913549854615    92.4946481362437      25    
57494.66240693043    1778.4270579074687    92.58508124405452     25    
57495.16240693043    1938.4978299901843    92.66171654013343     25    
57495.66240693043    2104.2020130910787    92.46445697737397     25    
57496.16240693043    2275.095337486899     92.74819163700141     25    
57496.66240693043    2451.3126817914804    95.82616648698884     25    
57497.16240693043    2630.371180488649     99.91692813736952     25    
57497.66240693043    2806.8096584287314    101.77230365409821    25    
57498.16240693043    2978.892456643584     102.52672118048696    25    
57498.66240693043    3138.252498479532     103.38684482716026    25    
57499.16240693043    3284.3797670965805    104.08056855723491    25    
57499.66240693043    3408.4400971934238    104.30101177303803    25    
57500.16240693043    3512.64230311622      104.2554028072437     25    
57500.66240693043    3598.7073095850924    104.71508109905307    25    
57501.16240693043    3667.8648344522226    105.51410647297297    25    
57501.66240693043    3727.156723971011     106.56814345368451    25    
57502.16240693043    3776.6622688522343    107.72467570003275    25    
57502.66240693043    3823.4479297047997    108.48107266559477    25    
57503.16240693043    3866.576018792254     108.40340391515522    25    
57503.66240693043    3905.793421609703     101.82697694829102    25    
57504.16240693043    3940.689603640595     89.11385228297758     25    
57504.66240693043    3967.103444566842     83.88790151771923     25    
57505.16240693043    3985.104037833211     85.97606477905802     25    
57505.66240693043    3990.7030344526297    86.66293879923347     25    
57506.16240693043    3984.157661503353     86.39331913295091     25    
57506.66240693043    3966.583238941536     86.04128290839473     25    
57507.16240693043    3937.9878602381827    85.60193627222615     25    
57507.66240693043    3902.386174942006     85.804100822862       25    
57508.16240693043    3859.7049272500176    86.66768058246568     25    
57508.66240693043    3813.715388028904     86.7934233592525      25    
57509.16240693043    3764.500680026457     86.09441562064953     25    
57509.66240693043    3712.556135203215     85.98579787880969     25    
57510.16240693043    3658.0269288823515    86.59250611776619     25    
57510.66240693043    3599.420107035156     87.03360127094854     25    
57511.16240693043    3536.728382866031     87.2619172297347      25    
57511.66240693043    3468.700948342137     87.17525190188191     25    
57512.16240693043    3395.060610940723     86.73746468804        25    
57512.66240693043    3316.8490306087638    86.06575593130488     25    
57513.16240693043    3233.8523449796235    85.06887811269638     25    
57513.66240693043    3148.5813254829854    84.56818843730052     25    
57514.16240693043    3061.1423558754523    84.865305235118       25    
57514.66240693043    2973.7951945733776    85.0807153113399      25    
57515.16240693043    2886.8550887414076    85.68729047453049     25    
57515.66240693043    2801.639457986136     82.6858246829576      25    
57516.16240693043    2718.436235151211     72.55667406912295     25    
57516.66240693043    2637.90586966575      64.61884260639377     25    
57517.16240693043    2560.1660501542547    64.68153616761207     25    
57517.66240693043    2485.9243625328995    65.66043875143099     25    
57518.16240693043    2415.476926445662     65.500885251987       25    
57518.66240693043    2348.7787292728767    65.09592259172248     25    
57519.16240693043    2286.0178822764924    64.19065335523648     25    
57519.66240693043    2226.6019455906217    63.58976199272843     25    
57520.16240693043    2170.406427930842     63.857860960918785    25    
57520.66240693043    2116.9776688436164    64.19959945808138     25    
57521.16240693043    2066.1200080162266    64.30003799385223     25    
57521.66240693043    2017.5378466906452    64.19379300791645     25    
57522.16240693043    1971.0490598113313    64.20732893446005     25    
57522.66240693043    1926.479073907311     62.99525263257099     25    
57523.16240693043    1883.7138398811853    58.307982771822154    25    
57523.66240693043    1842.5635591682108    53.72027613677472     25    
57524.16240693043    1802.9350903267152    53.38684654778349     25    
57524.66240693043    1764.5471296175356    54.09397975262934     25    
57525.16240693043    1727.2330723585321    53.53822109024085     25    
57525.66240693043    1690.649689555027     53.09564191518189     25    
57526.16240693043    1654.480401585705     53.670585005338914    25    
57526.66240693043    1618.4595238843565    54.44090648189822     25    
57527.16240693043    1582.1022641614074    54.802194694894865    25    
57527.66240693043    1545.5495449354519    54.77589317287322     25    
57528.16240693043    1508.6066381122666    54.12430624907263     25    
57528.66240693043    1471.7269943360343    52.8119808092441      25    
57529.16240693043    1435.4006484598763    50.14348531922133     25    
57529.66240693043    1399.8672336404252    47.25438080018015     25    
57530.16240693043    1365.8239553067167    46.88764803331893     25    
57530.66240693043    1333.1427845460842    47.49036309697478     25    
57531.16240693043    1302.125177262418     46.832496979308836    25    
57531.66240693043    1272.3639011362084    45.85977439959719     25    
57532.16240693043    1243.2230671300708    45.66328982943522     25    
57532.66240693043    1214.5354690012114    45.88111718717835     25    
57533.16240693043    1185.4661183005376    46.28096569563908     25    
57533.66240693043    1156.110417180877     46.70214058817356     25    
57534.16240693043    1126.0564201604038    46.857893301061026    25    
57534.66240693043    1095.592681129328     46.210321389529206    25    
57535.16240693043    1065.3411097512717    41.333227598153634    25    
57535.66240693043    1035.3829777337228    33.104318587037135    25    
57536.16240693043    1006.4876406462455    30.069769477180486    25    
57536.66240693043    978.614978309699      31.16667067120731     25    
57537.16240693043    952.2527748124414     30.835791524679724    25    
57537.66240693043    927.2838198606769     29.98862668637243     25    
57538.16240693043    903.4743329406091     29.72277662263232     25    
57538.66240693043    880.8083417560072     29.910580491418557    25    
57539.16240693043    858.979775621292      30.381876151255426    25    
57539.66240693043    838.001729595575      31.05146029110233     25    
57540.16240693043    817.673049451039      31.0006477610549      25    
57540.66240693043    798.0167143910434     30.340212610881228    25    
57541.16240693043    779.1068694147615     29.735200633508306    25    
57541.66240693043    760.9443040155842     29.09928126125321     25    
57542.16240693043    743.6289906639926     26.777916990685114    25    
57542.66240693043    727.1580544882798     22.380375143979215    25    
57543.16240693043    711.5791307342886     20.004949215828265    25    
57543.66240693043    696.8927637320819     20.358255578920257    25    
57544.16240693043    683.0038280443714     20.42298532699107     25    
57544.66240693043    669.9147124415389     20.14568678929713     25    
57545.16240693043    657.5205012998625     19.873221450820775    25    
57545.66240693043    645.8226725189079     19.604446304968345    25    
57546.16240693043    634.7188682364026     19.448881161446867    25    
57546.66240693043    624.2097363839929     19.420820410721166    25    
57547.16240693043    614.1939137007627     19.41062390705916     25    
57547.66240693043    604.6708888835656     19.278017377414326    25    
57548.16240693043    595.5406225397107     20.39840812240254     25    
57548.66240693043    586.8011148643948     23.007155246445137    25    
57549.16240693043    578.3539796000198     24.62855481571149     25    
57549.66240693043    570.1953991732526     24.83493529242945     25    
57550.16240693043    562.2289697284599     25.755288051768055    25    