#Date  :
#Flux  :
#Fluxerr  :
#ZP  :
#end  :
@INSTRUMENT  SDSS
@BAND  SDSS_z
@MAGSYS  AB
54348.251357  0.8092  4.696  23.909419999999997
54357.221127  2.629  3.86  23.909419999999997
54365.218496  5.546  4.781  23.909419999999997
54376.278628  -3.881  4.791  23.909419999999997
54379.260111  2.732  3.731  23.909419999999997
54385.267462  5.391  3.897  23.909419999999997
54387.267739  -1.648  4.772  23.909419999999997
54392.262465  -5.275  4.747  23.909419999999997
54394.250276  6.014  6.461  23.909419999999997
54402.25993  7.77  5.34  23.909419999999997
54404.178285  -1.993  3.92  23.909419999999997
54408.173458  5.097  3.945  23.909419999999997
54411.131647  8.604  4.325  23.909419999999997
54413.171983  13.86  3.894  23.909419999999997
54418.171598  3.717  4.334  23.909419999999997
54422.175653  7.9  4.733  23.909419999999997
54424.163792  14.02  3.914  23.909419999999997
