@INSTRUMENT MOSAICII
@BAND MOSAICII_I
@MAGSYS Linear_AB11_off
#Date : MJD
#Flux : 
#Fluxerr : 
#ZP : 
#end
52931.0952  -0.8249  0.7736  25.0
52934.0812  1.1253  0.849  25.0
52940.1002  0.7301  0.6939  25.0
52958.0971  -0.3804  1.4011  25.0
52962.106  -1.5646  1.1713  25.0
52966.1079  -0.6637  1.0925  25.0
52972.1048  -0.91  0.8696  25.0
52974.0612  0.6339  0.816  25.0
52986.1046  -0.5213  0.7155  25.0
52990.0871  0.4942  1.0261  25.0
52994.0909  -1.484  0.7599  25.0
53000.0986  0.15  0.7389  25.0
53002.0805  0.7628  1.2899  25.0
53268.16  -1.0434  1.025  25.0
53283.1745  -2.1502  1.588  25.0
53289.0842  2.4724  1.3671  25.0
53293.0677  -0.1282  1.0497  25.0
53297.0925  -1.2125  0.9798  25.0
53301.1031  0.6998  0.9747  25.0
53315.1025  1.3682  0.9391  25.0
53323.1122  -0.9583  0.7754  25.0
53329.0651  -0.7482  0.852  25.0
53342.1101  0.6039  0.8675  25.0
53346.1038  2.8476  1.2286  25.0
53350.0843  0.5923  1.1726  25.0
53358.0836  -0.4777  0.9556  25.0
53639.1124  1.8759  0.9661  25.0
53696.1058  -0.2032  0.717  25.0
53702.136  0.2104  0.7384  25.0
53706.104  1.993  0.877  25.0
53708.1117  -1.4355  0.6483  25.0
53712.1157  0.8976  1.0054  25.0
53994.2581  -0.0581  0.7257  25.0
54003.2659  1.0403  0.8812  25.0
54021.2591  7.844  1.8714  25.0
54025.2623  9.8278  2.1754  25.0
54029.2677  9.4539  0.9846  25.0
54031.2644  7.2704  1.0415  25.0
54037.2682  8.3469  1.276  25.0
54039.2517  9.103  1.7703  25.0
54051.0767  9.8132  1.208  25.0
54055.2088  6.8218  2.16  25.0
54084.0922  4.1601  1.9069  25.0
54088.0792  2.4418  1.0851  25.0
54094.0922  0.9779  1.154  25.0
54096.0819  -0.4122  1.571  25.0
54098.0581  4.6523  1.7188  25.0
54099.0418  2.2795  2.4329  25.0
54111.0853  2.1412  1.2926  25.0
54113.0488  1.4773  1.1714  25.0
54357.3092  1.454  1.4641  25.0
54363.3141  -0.2187  1.3443  25.0
54377.2613  0.6984  0.8714  25.0
54379.2425  0.5933  1.2479  25.0
54383.2632  -0.746  0.9116  25.0
54409.2193  -0.2721  0.8773  25.0
54415.0525  1.0539  0.9948  25.0
54417.0578  -0.4026  0.8034  25.0
54419.0429  -1.6245  0.7637  25.0
54421.0613  -0.2118  0.692  25.0
54423.2208  0.5359  1.4648  25.0
54435.1468  1.3437  1.5366  25.0
54439.0687  -0.0848  0.6829  25.0
54443.053  1.8645  0.9779  25.0
54445.0748  -0.4311  0.8535  25.0
54474.0867  1.3207  1.495  25.0
