57538.46769693004    40.42166116427556     8.201375432832291     25    
57538.96769693004    47.908246458159425    8.217315222314612     25    
57539.46769693004    55.94416918887001     8.249338244494318     25    
57539.96769693004    64.49837827952659     8.344077096760255     25    
57540.46769693004    73.5660414719572      8.462592276601587     25    
57540.96769693004    83.10611386167486     8.521086642715582     25    
57541.46769693004    93.1212645527155      8.540122553907066     25    
57541.96769693004    103.56543974378222    8.561527837027505     25    
57542.46769693004    114.44382497032296    8.583647480654399     25    
57542.96769693004    125.7103424650271     8.602213067387126     25    
57543.46769693004    137.3677092639576     8.616894275886464     25    
57543.96769693004    149.3748085645873     8.630029469818826     25    
57544.46769693004    161.72690397279806    8.640566628616181     25    
57544.96769693004    174.39282464795798    8.654701428750025     25    
57545.46769693004    187.36937879829503    8.612644194095445     25    
57545.96769693004    200.60505558493827    8.669907409735568     25    
57546.46769693004    214.10887125858827    9.126316475971853     25    
57546.96769693004    227.73427243360777    9.714626180347151     25    
57547.46769693004    241.09033789027808    9.969179708364697     25    
57547.96769693004    254.18209743932218    10.019157126163655    25    
57548.46769693004    266.3845333413904     10.078854636758853    25    
57548.96769693004    277.76162474814754    10.138364092687125    25    
57549.46769693004    287.76635268443715    10.170964054167188    25    
57549.96769693004    296.2960003673038     10.163949886525435    25    
57550.46769693004    303.59863942763513    10.180765590814019    25    
57550.96769693004    309.60392745061625    10.248185787826454    25    
57551.46769693004    314.7130597160653     10.334952507356402    25    
57551.96769693004    319.12119466246014    10.44969781949449     25    
57552.46769693004    322.98325771043847    10.543655313029811    25    
57552.96769693004    326.69410436704106    10.604262704189173    25    
57553.46769693004    330.12062221002793    10.547741988649182    25    
57553.96769693004    333.2621917654134     9.94765582188979      25    
57554.46769693004    336.0847170503855     8.887436700768497     25    
57554.96769693004    338.2833782016623     8.39230016748842      25    
57555.46769693004    339.88938971429616    8.532272532752376     25    
57555.96769693004    340.62790231269895    8.62943468978022      25    
57556.46769693004    340.4505949064144     8.611988548013226     25    
57556.96769693004    339.46776216552087    8.584939473351355     25    
57557.46769693004    337.63315840995773    8.545739957475062     25    
57557.96769693004    335.1714940772385     8.530104180372442     25    
57558.46769693004    332.18542899839053    8.592259909555573     25    
57558.96769693004    328.76907269183727    8.658939549176795     25    
57559.46769693004    325.137200057091      8.660429454397491     25    
57559.96769693004    321.2359677066627     8.60133535953026      25    
57560.46769693004    317.1194472125465     8.386728989233763     25    
57560.96769693004    312.76458636739017    8.052430199035364     25    
57561.46769693004    308.0589239430293     7.900203285446565     25    
57561.96769693004    303.013797299726      7.932857459578209     25    
57562.46769693004    297.5260150098847     7.944562413755252     25    
57562.96769693004    291.56627419450933    7.91356669980695      25    
57563.46769693004    285.2386750447695     7.8686454925814955    25    
57563.96769693004    278.5147983159765     7.796522832172715     25    
57564.46769693004    271.5775090440952     7.7464384765447       25    
57564.96769693004    264.5094784418297     7.774544921465205     25    
57565.46769693004    257.39671019463975    7.817483518380171     25    
57565.96769693004    250.40857148690634    7.867883338936581     25    
57566.46769693004    243.5315571664936     7.841582390574956     25    
57566.96769693004    236.88550693377243    7.344847338171823     25    
57567.46769693004    230.45134681125097    6.444991415761937     25    
57567.96769693004    224.26243877981187    5.987440892749651     25    
57568.46769693004    218.31480900903347    6.042530358347778     25    
57568.96769693004    212.64241157251584    6.083317831890395     25    
57569.46769693004    207.2466503852323     6.060904007391798     25    
57569.96769693004    202.13853705741508    6.017654239150796     25    
57570.46769693004    197.32412342562458    5.9305949532923945    25    
57570.96769693004    192.79825033261105    5.857569045027894     25    
57571.46769693004    188.5607603958515     5.850737916168775     25    
57571.96769693004    184.60908273810057    5.864489635592092     25    
57572.46769693004    180.95012303444702    5.861058415335291     25    
57572.96769693004    177.56483416653055    5.849214179386985     25    
57573.46769693004    174.41389033394088    5.834933892382425     25    
57573.96769693004    171.49251585626322    5.805389959367852     25    
57574.46769693004    168.69553620419663    5.6226286834301735    25    
57574.96769693004    166.03460487888495    5.264859047148957     25    
57575.46769693004    163.40269405918187    5.049809469818497     25    
57575.96769693004    160.79632791162516    5.065180532453951     25    
57576.46769693004    158.17676551541967    5.088251072514901     25    
57576.96769693004    155.52241366944438    5.03997810185861      25    
57577.46769693004    152.85485981369854    5.012374830505849     25    
57577.96769693004    150.17757707022608    5.064828896292532     25    
57578.46769693004    147.49789546056684    5.132218071461635     25    
57578.96769693004    144.82629462540248    5.155791715461012     25    
57579.46769693004    142.16494676953113    5.149155782991173     25    
57579.96769693004    139.5285669743943     5.098197006040625     25    
57580.46769693004    136.91642910713904    5.002532341357129     25    
57580.96769693004    134.3463369762004     4.823884017886493     25    
57581.46769693004    131.81631253493228    4.544996487718905     25    
57581.96769693004    129.34504715319565    4.388187034567173     25    
57582.46769693004    126.9365993396128     4.423678862893013     25    
57582.96769693004    124.57843601823747    4.44057738403978      25    
57583.46769693004    122.2805547633836     4.354447550451911     25    
57583.96769693004    119.99929039689708    4.2764584490875786    25    
57584.46769693004    117.71731111907235    4.270929630269289     25    
57584.96769693004    115.41253450158072    4.2951230050389935    25    
57585.46769693004    113.04038009730567    4.33337713095716      25    
57585.96769693004    110.61161537243242    4.372865401562659     25    
57586.46769693004    108.10675435707175    4.379604598477364     25    
57586.96769693004    105.53757848137705    4.343781916571229     25    
57587.46769693004    102.97021743622476    4.06696305821851      25    
57587.96769693004    100.397202242624      3.483194634275766     25    
57588.46769693004    97.8916369186889      3.0983738255790834    25    
57588.96769693004    95.45514146888497     3.1150610028036834    25    
57589.46769693004    93.11735258420153     3.148785653187903     25    
57589.96769693004    90.89833467219434     3.0719410503548192    25    
57590.46769693004    88.7673331450839      3.008364479566884     25    
57590.96769693004    86.71713789517388     3.0098091253117794    25    
57591.46769693004    84.73288735335376     3.042854406816629     25    
57591.96769693004    82.7898532291451      3.102518090423608     25    
57592.46769693004    80.8903705972228      3.165342834473694     25    
57592.96769693004    79.01475549271683     3.1512639857510143    25    
57593.46769693004    77.16912101933008     3.0809497720683963    25    
57593.96769693004    75.37189302713648     3.0135020154213232    25    
57594.46769693004    73.62092659103922     2.949997864550113     25    
57594.96769693004    71.93892041249593     2.7594103683572144    25    
57595.46769693004    70.32595419321594     2.3387483779824914    25    
57595.96769693004    68.79340032965334     1.9886309519612404    25    
57596.46769693004    67.34769603845693     1.9572423037525482    25    
57596.96769693004    65.9804780683716      1.9993236142578583    25    
57597.46769693004    64.69036037775234     1.9750963087109072    25    
57597.96769693004    63.47290705917305     1.9477996712583587    25    
57598.46769693004    62.32218645914978     1.9234646669347248    25    
57598.96769693004    61.23706698100786     1.903043593523052     25    
57599.46769693004    60.20955485727725     1.8961765112941038    25    
57599.96769693004    59.240089000069176    1.9005900523982342    25    
57600.46769693004    58.319598586039405    1.8991523973229245    25    
57600.96769693004    57.44910613026156     1.8871397551830205    25    
57601.46769693004    56.619450659340465    2.013459198744358     25    
57601.96769693004    55.831251385489324    2.3041701481423016    25    
57602.46769693004    55.076244091084895    2.5048682974898284    25    
57602.96769693004    54.353657779656935    2.5298146374976875    25    
57603.46769693004    53.65711189517697     2.579565260046553     25    