53352.51468183499    1.141186295960463     0.13879843488637006     25    
53353.01468183499    1.278050318862847     0.13815703976347504     25    
53353.51468183499    1.4211493191002662    0.13733741140139386     25    
53354.01468183499    1.5695533559010075    0.13961374274697022     25    
53354.51468183499    1.7229952981987522    0.1481868061874257      25    
53355.01468183499    1.8818219320665601    0.16065737730480986     25    
53355.51468183499    2.045135254618581     0.17100997940602197     25    
53356.01468183499    2.2124090830475978    0.1753836688865621      25    
53356.51468183499    2.384153441509984     0.17576372100354792     25    
53357.01468183499    2.5595661407774677    0.17488014739906746     25    
53357.51468183499    2.7379258220736706    0.17496091487409726     25    
53358.01468183499    2.9197779960948163    0.1753406418206947      25    
53358.51468183499    3.10448016304195      0.1756767705009082      25    
53359.01468183499    3.2911796639412545    0.1759517549599567      25    
53359.51468183499    3.4803297444853407    0.1761579066759456      25    
53360.01468183499    3.6715114700763087    0.17631688547243388     25    
53360.51468183499    3.863804757314621     0.17645371424255812     25    
53361.01468183499    4.057442835345838     0.17652799944895486     25    
53361.51468183499    4.252294210544827     0.1765822651358955      25    
53362.01468183499    4.447428942139874     0.17672712349565378     25    
53362.51468183499    4.642885695539614     0.17593596198550746     25    
53363.01468183499    4.838788590778512     0.1747722354229528      25    
53363.51468183499    5.03379427562757      0.1766108748016696      25    
53364.01468183499    5.227973839800891     0.18480189639555877     25    
53364.51468183499    5.422127193793871     0.19766359518765783     25    
53365.01468183499    5.612246337547668     0.2091918428313976      25    
53365.51468183499    5.795680199493518     0.21517579312071175     25    
53366.01468183499    5.975177720928838     0.2172966274071992      25    
53366.51468183499    6.146334619716489     0.21795866105257686     25    
53367.01468183499    6.304510320178911     0.21906461567182692     25    
53367.51468183499    6.452403926630207     0.22023323278775087     25    
53368.01468183499    6.587480599813439     0.221092245936462       25    
53368.51468183499    6.705270850363972     0.22157757610738726     25    
53369.01468183499    6.804689910844837     0.22128287105108377     25    
53369.51468183499    6.888285372294293     0.22077804867752782     25    
53370.01468183499    6.9584871519081535    0.22103885021816833     25    
53370.51468183499    7.01382476728501      0.22250025450852595     25    
53371.01468183499    7.0553477334942425    0.2246456501958343      25    
53371.51468183499    7.088759968062081     0.22699900172685186     25    
53372.01468183499    7.115638088940422     0.22971079113685794     25    
53372.51468183499    7.133979616554263     0.23285431070343263     25    
53373.01468183499    7.148836249732701     0.23503920103818837     25    
53373.51468183499    7.163871434269026     0.23581198902156736     25    
53374.01468183499    7.1770052064107475    0.2361579945095026      25    
53374.51468183499    7.188393122137491     0.23345444687900233     25    
53375.01468183499    7.198651944688037     0.22401911841842848     25    
53375.51468183499    7.208279850802473     0.20463362065192703     25    
53376.01468183499    7.215524113657363     0.18250108488399913     25    
53376.51468183499    7.218534939357078     0.1692752849994239      25    
53377.01468183499    7.218262686010195     0.16882844384521595     25    
53377.51468183499    7.213862308379275     0.17382210277955695     25    
53378.01468183499    7.203504601999438     0.17667313281857902     25    
53378.51468183499    7.186777917614752     0.17628892728314374     25    
53379.01468183499    7.164440613216233     0.17519432343132268     25    
53379.51468183499    7.136938069233472     0.17407772382626413     25    
53380.01468183499    7.103848413377421     0.17289224960113156     25    
53380.51468183499    7.0653806899348615    0.17156837705070055     25    
53381.01468183499    7.023340380766499     0.17109518447844116     25    
53381.51468183499    6.978455330523379     0.1725726404104592      25    
53382.01468183499    6.929920938847656     0.17562253250758114     25    
53382.51468183499    6.879328214444247     0.1782253607600022      25    
53383.01468183499    6.828002342304099     0.17916140795336102     25    
53383.51468183499    6.775329327361668     0.17964467124475794     25    
53384.01468183499    6.72126173144885      0.17788462683957582     25    
53384.51468183499    6.665962824559585     0.17122723094436523     25    
53385.01468183499    6.609759626016323     0.15674035982921009     25    
53385.51468183499    6.551886681748879     0.13942595193053858     25    
53386.01468183499    6.491422568315348     0.12804803242884635     25    
53386.51468183499    6.428753616639684     0.12652757315778326     25    
53387.01468183499    6.363571044546241     0.12966695068194609     25    
53387.51468183499    6.294965124231123     0.1318223273351447      25    
53388.01468183499    6.222625646574975     0.1317115469666631      25    
53388.51468183499    6.146948567907747     0.13122550299938618     25    
53389.01468183499    6.068168845423128     0.13041585931393543     25    
53389.51468183499    5.986090815433475     0.12891606255236715     25    
53390.01468183499    5.900723838774809     0.12681288776067362     25    
53390.51468183499    5.813150318986646     0.1254679976408224      25    
53391.01468183499    5.723930813773418     0.1262573049145329      25    
53391.51468183499    5.632494586562136     0.12884387972847036     25    
53392.01468183499    5.5398122353463775    0.13135159112590147     25    
53392.51468183499    5.446739140416301     0.13222340800566795     25    
53393.01468183499    5.352777527812482     0.13194152972180662     25    
53393.51468183499    5.258312233719928     0.13095823529686174     25    
53394.01468183499    5.163896724833127     0.129486494945222       25    
53394.51468183499    5.069382197202601     0.12700506391934108     25    
53395.01468183499    4.974782723414494     0.1242439742937819      25    
53395.51468183499    4.880278555055328     0.12241280154957322     25    
53396.01468183499    4.785811367462156     0.1220248526165459      25    
53396.51468183499    4.691421283735297     0.12231867808490977     25    
53397.01468183499    4.597293097625115     0.12244357560968297     25    
53397.51468183499    4.5033340187938835    0.12221108955832344     25    
53398.01468183499    4.409586756194079     0.1218603785636833      25    
53398.51468183499    4.3165201853144834    0.121034400637008       25    
53399.01468183499    4.224235549704155     0.11920081647644507     25    
53399.51468183499    4.132531429406378     0.11645390906323169     25    
53400.01468183499    4.042114742204486     0.11402201953852031     25    
53400.51468183499    3.953445433138904     0.11310095341656151     25    
53401.01468183499    3.866108027556305     0.11344800852619233     25    
53401.51468183499    3.7806962036761966    0.11412186246747894     25    
53402.01468183499    3.697859189244431     0.11430388703284752     25    
53402.51468183499    3.6174686392040165    0.11424949890298805     25    
53403.01468183499    3.539339844516202     0.1139960904858242      25    
53403.51468183499    3.4634018225700793    0.11340954970715955     25    
53404.01468183499    3.39005729093584      0.1122922714624559      25    
53404.51468183499    3.318729147924603     0.11095631873739792     25    
53405.01468183499    3.248453216983704     0.10987983133961798     25    
53405.51468183499    3.1794079181598147    0.10916862064041857     25    
53406.01468183499    3.1115272628979427    0.10867301960359572     25    
53406.51468183499    3.043831561124077     0.10841004877132093     25    
53407.01468183499    2.975862555576932     0.10860258648908089     25    
53407.51468183499    2.9080172022534128    0.10915296487012646     25    
53408.01468183499    2.8402757436608095    0.1093470911629246      25    
53408.51468183499    2.772396378925995     0.10841922326808275     25    
53409.01468183499    2.704273943326353     0.10648795806072126     25    
53409.51468183499    2.636954320611777     0.1048762022987476      25    
53410.01468183499    2.5712188273406604    0.10493836901726199     25    
53410.51468183499    2.506406410495267     0.10659904291400521     25    
53411.01468183499    2.443385971718525     0.1085718389443565      25    
53411.51468183499    2.3832146520685074    0.10970934724067852     25    
53412.01468183499    2.325656497362174     0.11037781948485953     25    
53412.51468183499    2.2706239609583103    0.11052027777689999     25    
53413.01468183499    2.2182979653720927    0.1097370339487147      25    
53413.51468183499    2.1691573430690565    0.10792076043734754     25    
53414.01468183499    2.1225612747765514    0.10520993969690928     25    
53414.51468183499    2.07738245882276      0.10168155842269805     25    
53415.01468183499    2.0336674227558307    0.0964210901046926      25    
53415.51468183499    1.9915103754989596    0.08979338065690527     25    
53416.01468183499    1.9497100826801643    0.0843748516403961      25    
53416.51468183499    1.9076708411852796    0.08285948656075502     25    
53417.01468183499    1.8658858971824381    0.0842267873344153      25    
53417.51468183499    1.8240100668256027    0.08558521811741907     25    
53418.01468183499    1.7816180530986345    0.08453399545332736     25    
53418.51468183499    1.7386871926642449    0.08172906450872848     25    
53419.01468183499    1.6960214498490633    0.07889833166245784     25    
53419.51468183499    1.654289453328674     0.07777823206551858     25    
53420.01468183499    1.6129645051333426    0.07822157260203196     25    
53420.51468183499    1.5726888235195804    0.07939275038358126     25    
53421.01468183499    1.5343590164706895    0.08063808786494182     25    
53421.51468183499    1.4977951032090346    0.08244553014728116     25    
53422.01468183499    1.4629827807237277    0.08423509696940085     25    
53422.51468183499    1.43022829239686      0.08494715452687408     25    
53423.01468183499    1.3998918197147483    0.08418560157209569     25    
53423.51468183499    1.3715537482537454    0.0825077351284799      25    
53424.01468183499    1.3444493040054957    0.08045533990607817     25    
53424.51468183499    1.3185003942447977    0.07794291436576282     25    
53425.01468183499    1.2938838629568583    0.07483731286959258     25    
53425.51468183499    1.2697459600011018    0.07222739244503759     25    
53426.01468183499    1.245595898398233     0.07125619348132284     25    
53426.51468183499    1.2218144210071986    0.07162773788707592     25    
53427.01468183499    1.1980702833584456    0.07197680311532025     25    
53427.51468183499    1.1739837465635765    0.07101450016184153     25    
53428.01468183499    1.1495395117154552    0.06881362941906813     25    
53428.51468183499    1.1252326540237827    0.06655835278917166     25    
53429.01468183499    1.1015109438277384    0.06551960277883848     25    
53429.51468183499    1.0780485781019142    0.06566410252203812     25    
53430.01468183499    1.0552160820976941    0.06649153170116236     25    
53430.51468183499    1.0336219526742128    0.06765322001945318     25    
53431.01468183499    1.013169711153557     0.06964866571643791     25    
53431.51468183499    0.9938576075159757    0.07181766537802924     25    
53432.01468183499    0.9759818904720923    0.07293869669477375     25    
53432.51468183499    0.9597783640417484    0.07244592268802907     25    
53433.01468183499    0.9450175497815195    0.07097143725962951     25    
53433.51468183499    0.9312977727071277    0.06916206705869207     25    
53434.01468183499    0.9185271326961987    0.0674789317980497      25    
53434.51468183499    0.9068516347442058    0.06560860990110658     25    
53435.01468183499    0.8957962181996844    0.06317837397992347     25    
53435.51468183499    0.8850579617946176    0.059516661198173414    25    
53436.01468183499    0.874880935108246     0.054173571212696864    25    
53436.51468183499    0.8649773512485704    0.04880499105143143     25    
53437.01468183499    0.8550466488423154    0.04580699587496107     25    
53437.51468183499    0.845176863868634     0.04559715486245445     25    
53438.01468183499    0.835418560006782     0.04642495418511        25    
53438.51468183499    0.8257769760378295    0.04651113509725689     25    
53439.01468183499    0.8162273289175518    0.04595766653382891     25    
53439.51468183499    0.8068074516492737    0.04523645283824515     25    
53440.01468183499    0.7975762894435625    0.04447850358425943     25    
53440.51468183499    0.7885189004580775    0.04362573768991783     25    
53441.01468183499    0.7796437088415707    0.04271612475706565     25    
53441.51468183499    0.7710102913178802    0.0419476236904263      25    
53442.01468183499    0.7626247733274448    0.041408241980871945    25    
53442.51468183499    0.7544742843914588    0.04102850382366126     25    
53443.01468183499    0.746617997065269     0.04083077476399347     25    
53443.51468183499    0.739080906405899     0.040622607312212754    25    
53444.01468183499    0.7318351371791872    0.04034117213063579     25    
53444.51468183499    0.7249359970792468    0.04088457369096325     25    
53445.01468183499    0.7184232585736874    0.04318120302048943     25    
53445.51468183499    0.7122622260849983    0.04710674278200047     25    
53446.01468183499    0.7065002502400606    0.050914228329881316    25    
53446.51468183499    0.7011877887110545    0.05321383734779672     25    
53447.01468183499    0.6962915099891408    0.05386724252572764     25    
53447.51468183499    0.6918467154279554    0.05441140836633103     25    
53448.01468183499    0.687910455698248     0.056351973283866146    25    