#Date  :
#Flux  :
#Fluxerr  :
#ZP  :
#end  :
@INSTRUMENT  PS
@BAND  PS_g
@MAGSYS  AB
54979.5  -5.675000190734863  11.727999687194824  27.5002
54982.3984375  -9.071999549865723  7.609000205993652  27.5002
54993.3984375  -18.42099952697754  22.381999969482422  27.5002
54999.3984375  -18.367000579833984  9.934000015258789  27.5002
55002.3984375  -11.03499984741211  9.395000457763672  27.5002
55011.3984375  -3.75  9.473999977111816  27.5002
55014.30078125  42.58700180053711  19.118000030517578  27.5002
55029.30078125  -45.534000396728516  58.30699920654297  27.5002
55089.19921875  0.5410000085830688  9.062000274658203  27.5002
55092.19921875  6.9120001792907715  10.407999992370605  27.5002
55296.6015625  73.73699951171875  44.20199966430664  27.5002
55302.6015625  16.437000274658203  13.28600025177002  27.5002
55305.6015625  -1.906000018119812  12.996999740600586  27.5002
55326.5  1.9429999589920044  7.651000022888184  27.5002
55329.5  -0.6859999895095825  12.678000450134277  27.5002
55332.3984375  2.3929998874664307  8.437999725341797  27.5002
55335.3984375  -0.578000009059906  12.270000457763672  27.5002
55338.3984375  -5.190999984741211  23.113000869750977  27.5002
55347.3984375  77.89099884033203  16.66900062561035  27.5002
55350.5  113.89099884033203  13.043999671936035  27.5002
55353.3984375  119.39199829101562  8.45300006866455  27.5002
55362.3984375  89.64600372314453  11.534000396728516  27.5002
55365.30078125  79.89600372314453  10.692999839782715  27.5002
55368.3984375  53.33700180053711  13.435999870300293  27.5002
55377.3984375  26.350000381469727  14.086999893188477  27.5002
55389.30078125  13.831000328063965  7.116000175476074  27.5002
55407.30078125  16.554000854492188  12.604000091552734  27.5002
55413.30078125  6.908999919891357  11.569999694824219  27.5002
55416.30078125  21.785999298095703  8.940999984741211  27.5002
55425.30078125  0.44200000166893005  19.018999099731445  27.5002
55428.30078125  -8.777999877929688  16.617000579833984  27.5002
55437.30078125  7.5279998779296875  11.041000366210938  27.5002
55440.30078125  9.307999610900879  7.513999938964844  27.5002
55443.30078125  -3.759999990463257  9.767999649047852  27.5002
55446.30078125  5.785999774932861  9.388999938964844  27.5002
55449.19921875  -25.17300033569336  18.875  27.5002
55452.30078125  -2.4200000762939453  13.298999786376953  27.5002
55674.5  -27.52899932861328  11.576000213623047  27.5002
55701.6015625  -4.504000186920166  22.440000534057617  27.5002
55710.5  -6.730999946594238  6.001999855041504  27.5002
55722.3984375  -4.255000114440918  30.76099967956543  27.5002
55737.3984375  1.8530000448226929  7.821000099182129  27.5002
55743.30078125  4.630000114440918  8.227999687194824  27.5002
55746.30078125  0.05000000074505806  4.315000057220459  27.5002
55752.30078125  28.086999893188477  17.78499984741211  27.5002
55761.30078125  5.751999855041504  7.986999988555908  27.5002
55764.30078125  -14.125  11.722999572753906  27.5002
55767.30078125  -2.072000026702881  7.752999782562256  27.5002
55770.30078125  4.3429999351501465  5.703000068664551  27.5002
55773.30078125  -20.60300064086914  10.442999839782715  27.5002
55776.30078125  -1.9359999895095825  10.258000373840332  27.5002
55779.30078125  2.7019999027252197  17.81399917602539  27.5002
55791.30078125  3.680000066757202  6.074999809265137  27.5002
55794.30078125  0.6830000281333923  6.59499979019165  27.5002
55797.30078125  2.7820000648498535  5.810999870300293  27.5002
55803.30078125  -8.204000473022461  9.475000381469727  27.5002
55806.19921875  -4.857999801635742  13.196000099182129  27.5002
56059.3984375  6.336999893188477  13.121000289916992  27.5002
56062.6015625  -10.418999671936035  9.581000328063965  27.5002
56065.3984375  0.029999999329447746  5.795000076293945  27.5002
56067.5  -5.668000221252441  6.494999885559082  27.5002
56088.30078125  17.086000442504883  9.223999977111816  27.5002
56091.30078125  6.872000217437744  8.460000038146973  27.5002
56094.3984375  8.107999801635742  9.003000259399414  27.5002
56416.5  7.88100004196167  7.573999881744385  27.5002
56421.5  -0.5640000104904175  9.88599967956543  27.5002
56424.5  2.319000005722046  6.935999870300293  27.5002
56427.5  -1.0460000038146973  10.708000183105469  27.5002
56443.5  10.565999984741211  9.765000343322754  27.5002
56451.5  3.5329999923706055  9.357999801635742  27.5002
56460.5  -21.46500015258789  9.512999534606934  27.5002
56472.3984375  4.059000015258789  15.562000274658203  27.5002
56475.3984375  1.3539999723434448  9.814000129699707  27.5002
56478.30078125  1.8300000429153442  5.73799991607666  27.5002
56480.3984375  7.045000076293945  7.039000034332275  27.5002
56486.30078125  8.848999977111816  6.466000080108643  27.5002
56489.30078125  -19.481000900268555  13.574999809265137  27.5002
56501.3984375  -20.364999771118164  12.307999610900879  27.5002
56507.30078125  -3.48799991607666  7.431000232696533  27.5002
56512.30078125  -3.9170000553131104  7.863999843597412  27.5002
56518.30078125  -8.48900032043457  12.41100025177002  27.5002
56537.30078125  16.150999069213867  14.61299991607666  27.5002
