54029.736806665904    6.52682100365836      1.3424851531772597    25    
54030.236806665904    7.565585369245695     1.313166913106605     25    
54030.736806665904    8.662114327830047     1.324146715521259     25    
54031.236806665904    9.807009080432792     1.5602855941607638    25    
54031.736806665904    11.00279567175234     1.9279238268984809    25    
54032.236806665904    12.238570903685304    2.1458511868830605    25    
54032.736806665904    13.514798801883748    2.1770305591727706    25    
54033.236806665904    14.825608500021529    2.1546347782095387    25    
54033.736806665904    16.164057484682775    2.162452199758701     25    
54034.236806665904    17.53140261864847     2.1716620512402254    25    
54034.736806665904    18.916505486607974    2.1792369060714716    25    
54035.236806665904    20.321569730545242    2.1850007440174983    25    
54035.736806665904    21.738032981364185    2.1898653163560886    25    
54036.236806665904    23.16204360217036     2.1935300152028696    25    
54036.736806665904    24.5923200919099      2.197113455124055     25    
54037.236806665904    26.01956637851318     2.2079572696804917    25    
54037.736806665904    27.44726401438644     2.2294457599216293    25    
54038.236806665904    28.856939899336407    2.2200432588141563    25    
54038.736806665904    30.263936767251142    2.1381004379621804    25    
54039.236806665904    31.624118884278218    2.0500188562598467    25    
54039.736806665904    32.888563689248194    2.0531428432270236    25    
54040.236806665904    34.06777943605997     2.117654560826507     25    
54040.736806665904    35.063018897439534    2.1660758562894373    25    
54041.236806665904    35.88419815698913     2.1936144680468       25    
54041.736806665904    36.48099504836486     2.2074820465580296    25    
54042.236806665904    36.78443904318663     2.1968004798536422    25    
54042.736806665904    36.83927691998724     2.1732522254040574    25    
54043.236806665904    36.706981054775575    2.1726706749901274    25    
54043.736806665904    36.36037976721717     2.1936499797480145    25    
54044.236806665904    35.92982885370361     2.22394446954157      25    
54044.736806665904    35.43933766794901     2.2724324200572936    25    
54045.236806665904    34.9247747114336      2.315437835320474     25    
54045.736806665904    34.501851434558574    2.3155080782891413    25    
54046.236806665904    34.14315142146443     2.2820969241428086    25    
54046.736806665904    33.85266833831715     2.1942081582833763    25    
54047.236806665904    33.647113568658995    1.9996805800944812    25    
54047.736806665904    33.483080035937064    1.800307517731258     25    
54048.236806665904    33.33051494540614     1.7508841462133486    25    
54048.736806665904    33.19354242555045     1.7939395005977132    25    
54049.236806665904    33.02081323133351     1.8143641432201891    25    
54049.736806665904    32.815410656869325    1.8113538628277108    25    
54050.236806665904    32.57325414733905     1.813751114122012     25    
54050.736806665904    32.28523716481991     1.8281707145483792    25    
54051.236806665904    31.960165036964256    1.8533656900523738    25    
54051.736806665904    31.60855805674753     1.9031815071690366    25    
54052.236806665904    31.227679126353014    1.9779495694425286    25    
54052.736806665904    30.828293852792815    2.01390549724572      25    
54053.236806665904    30.415024874254474    1.9928605697078168    25    
54053.736806665904    29.981680573685544    1.9362790621756045    25    
54054.236806665904    29.52676272314125     1.8350872784453944    25    
54054.736806665904    29.049430678078227    1.6923238638415048    25    
54055.236806665904    28.532991710186984    1.6277098993712142    25    
54055.736806665904    27.980004110048817    1.6806301633300316    25    
54056.236806665904    27.38009960753487     1.7419677229146515    25    
54056.736806665904    26.72031776200126     1.7530815831541429    25    
54057.236806665904    26.011097521812562    1.7426473591175333    25    
54057.736806665904    25.265557905853193    1.703592927919969     25    
54058.236806665904    24.477001621637378    1.6272354516835434    25    
54058.736806665904    23.684329674992764    1.5716948741515047    25    
54059.236806665904    22.89060495922747     1.5739663963659254    25    
54059.736806665904    22.111044389263274    1.5944528714426733    25    
54060.236806665904    21.377084315124115    1.5929694004667199    25    
54060.736806665904    20.68057202081328     1.5810012461397551    25    
54061.236806665904    20.044292753434522    1.5900826408314985    25    
54061.736806665904    19.468803734121092    1.631957879305531     25    
54062.236806665904    18.95778941966782     1.6738388635211323    25    
54062.736806665904    18.516074504498555    1.6933623557642543    25    
54063.236806665904    18.1431656820414      1.7011965095495263    25    
54063.736806665904    17.848155145348464    1.7011501631113393    25    
54064.236806665904    17.63275433950386     1.6938106305913505    25    
54064.736806665904    17.48335841408235     1.674057334786371     25    
54065.236806665904    17.403170644210014    1.6292647363861217    25    
54065.736806665904    17.37800234066008     1.5783952469455724    25    
54066.236806665904    17.381306293757817    1.558965066205738     25    
54066.736806665904    17.420147708324976    1.564823536006065     25    
54067.236806665904    17.462132720982623    1.5705491431044707    25    
54067.736806665904    17.502391082538853    1.5728567054604736    25    
54068.236806665904    17.54175100917906     1.5723317699528943    25    
54068.736806665904    17.57071053458128     1.5650354259110077    25    
54069.236806665904    17.595153458846866    1.552343967127369     25    
54069.736806665904    17.634443545931713    1.5332640192152447    25    
54070.236806665904    17.684446618776743    1.5030200621701304    25    
54070.736806665904    17.760880573930095    1.4810710990361322    25    
54071.236806665904    17.87550609584294     1.4856653012705046    25    
54071.736806665904    18.021388729926347    1.5008386541408396    25    
54072.236806665904    18.198785383929533    1.5014106789633206    25    
54072.736806665904    18.410443906917642    1.4886512980631412    25    
54073.236806665904    18.625787030975985    1.4960764492460759    25    
54073.736806665904    18.84484390176352     1.5449405740104536    25    
54074.236806665904    19.05309598826693     1.5973064600136697    25    
54074.736806665904    19.225813371122594    1.6199016733216944    25    
54075.236806665904    19.3701973203339      1.6239772036665325    25    
54075.736806665904    19.477784926566915    1.6031483588401858    25    
54076.236806665904    19.542369675553093    1.5453143084913321    25    
54076.736806665904    19.584826529795254    1.486504354451117     25    
54077.236806665904    19.613950738536655    1.4570613085148947    25    
54077.736806665904    19.631550531687147    1.4441700094613297    25    
54078.236806665904    19.661920603709568    1.4474726827928093    25    
54078.736806665904    19.70199944320605     1.471632225255246     25    
54079.236806665904    19.7533977215547      1.483326499487371     25    
54079.736806665904    19.82531108165134     1.4578253443160318    25    
54080.236806665904    19.90091915963935     1.427489030930372     25    
54080.736806665904    19.96062225649552     1.4344500961076398    25    
54081.236806665904    20.0094196885187      1.4676750963941774    25    
54081.736806665904    20.01834829927088     1.4992464250624293    25    
54082.236806665904    19.98624448181649     1.5338399906585647    25    
54082.736806665904    19.90854776966504     1.5516447314961115    25    
54083.236806665904    19.773194366718553    1.533509248464117     25    
54083.736806665904    19.58772386214886     1.4848473119171743    25    
54084.236806665904    19.367433584581324    1.3858723525350236    25    
54084.736806665904    19.108303419698615    1.202704298396284     25    
54085.236806665904    18.826006752745474    1.0336547690203246    25    
54085.736806665904    18.526249325811463    0.9890616872122509    25    
54086.236806665904    18.210066410530935    1.0040504280336975    25    
54086.736806665904    17.88870812816644     0.9930723911649727    25    
54087.236806665904    17.559937270113036    0.9717468140849054    25    
54087.736806665904    17.222506214107238    0.9730622886320945    25    
54088.236806665904    16.876824521477566    1.009409699673339     25    
54088.736806665904    16.521644450009585    1.0568943309144008    25    
54089.236806665904    16.155131793375638    1.1049026809556362    25    
54089.736806665904    15.778141696682685    1.152682981769864     25    
54090.236806665904    15.392356856748163    1.1626904150794721    25    
54090.736806665904    14.99553205865267     1.1292860383266399    25    
54091.236806665904    14.596686535153399    1.0785126099815068    25    
54091.736806665904    14.198952179679614    1.0224358460514325    25    
54092.236806665904    13.804021029862767    0.9547395837826188    25    
54092.736806665904    13.422313315834817    0.8779765253189559    25    
54093.236806665904    13.051494970174804    0.7846190278207127    25    
54093.736806665904    12.698511876157196    0.7105372827701073    25    
54094.236806665904    12.366164126131281    0.6881113457143673    25    
54094.736806665904    12.05207308800429     0.6875241784029189    25    
54095.236806665904    11.755799244285042    0.6752251271382598    25    
54095.736806665904    11.477377140030944    0.6610718628939832    25    
54096.236806665904    11.214579565111991    0.648316343172585     25    
54096.736806665904    10.967749479039274    0.6366080745116709    25    
54097.236806665904    10.735381478534123    0.6277294113568287    25    
54097.736806665904    10.516509337731128    0.6240009319737808    25    
54098.236806665904    10.311077116283041    0.6239708213289622    25    
54098.736806665904    10.11702150381513     0.624930644274177     25    
54099.236806665904    9.934860132736057     0.6270327952706972    25    
54099.736806665904    9.76265076499993      0.6309015346098539    25    
54100.236806665904    9.600095315601823     0.633833935265815     25    
54100.736806665904    9.446495238912945     0.6413695082404858    25    
54101.236806665904    9.300147452588941     0.6538913181937739    25    
54101.736806665904    9.16149705845673      0.6700487704153307    25    
54102.236806665904    9.028381331406068     0.7437954917903457    25    