@INSTRUMENT DECam
@BAND DECam_r
@MAGSYS AB
#Date : MJD
#Flux : 
#Fluxerr : 
#ZP : 
#end
57325.214  27.628  12.539  27.498346442599363
57327.122  30.063  5.0173  27.498346442599363
57331.166  89.114  6.6815  27.498346442599363
57339.165  291.44  7.9653  27.498346442599363
57345.243  390.41  8.5388  27.498346442599363
57355.226  354.84  9.567  27.498346442599363
57365.123  240.37  5.0554  27.498346442599363
57372.115  166.84  5.9437  27.498346442599363
57385.08  109.26  4.501  27.498346442599363
57401.063  53.116  4.9007  27.498346442599363
57408.053  22.213  16.348  27.498346442599363
