57328.98804606507    4.357825341598299     1.1067857510588774     25    
57329.48804606507    5.056074645488345     1.099267632698495      25    
57329.98804606507    5.800834519249346     1.1010652629736002     25    
57330.48804606507    6.589135140433602     1.1664544158166448     25    
57330.98804606507    7.421931490436106     1.2940053764373545     25    
57331.48804606507    8.296377479591088     1.3913864610249975     25    
57331.98804606507    9.211641387922528     1.416027179406879      25    
57332.48804606507    10.167371578648284    1.4100710469988604     25    
57332.98804606507    11.160489344472571    1.41158725597098       25    
57333.48804606507    12.191929869545245    1.4172182203993196     25    
57333.98804606507    13.25898069560506     1.4224999966056797     25    
57334.48804606507    14.36057748504597     1.4273002678611904     25    
57334.98804606507    15.496586370781982    1.431797717247908      25    
57335.48804606507    16.663839557914358    1.4361720918270822     25    
57335.98804606507    17.863232636102733    1.4402603418714766     25    
57336.48804606507    19.092196677112895    1.4448793094489145     25    
57336.98804606507    20.351045431303515    1.457792082461409      25    
57337.48804606507    21.63789176844997     1.4699190652548346     25    
57337.98804606507    22.945206989137255    1.4465963132375586     25    
57338.48804606507    24.286738756620895    1.3700076897779754     25    
57338.98804606507    25.61476862331594     1.2996830868014904     25    
57339.48804606507    26.907997594053004    1.2954936197801512     25    
57339.98804606507    28.16607287412188     1.3275261683162076     25    
57340.48804606507    29.313264425735852    1.3518522263722237     25    
57340.98804606507    30.364016789037844    1.36785349378829       25    
57341.48804606507    31.275980187364357    1.3804573426930702     25    
57341.98804606507    31.998440877271772    1.386776550285372      25    
57342.48804606507    32.55456432661549     1.3887088610216007     25    
57342.98804606507    32.96504730867304     1.3948445448056879     25    
57343.48804606507    33.21462296381837     1.406497363623578      25    
57343.98804606507    33.34829900366096     1.4198840252205658     25    
57344.48804606507    33.401750830318655    1.4349408912403878     25    
57344.98804606507    33.36444683982078     1.450988575660574      25    
57345.48804606507    33.2932163607044      1.456949551531796      25    
57345.98804606507    33.19306669908015     1.4563940540577678     25    
57346.48804606507    33.059146748532555    1.4386228699298371     25    
57346.98804606507    32.90050526269279     1.3780584296206988     25    
57347.48804606507    32.713628101678474    1.2794368682664303     25    
57347.98804606507    32.47944373334935     1.213302876167502      25    
57348.48804606507    32.19939869065141     1.212428623519019      25    
57348.98804606507    31.865945490984647    1.230457492412889      25    
57349.48804606507    31.463905557281485    1.2280599250894093     25    
57349.98804606507    30.99782626801169     1.217486539231319      25    
57350.48804606507    30.48161684139302     1.206041438858518      25    
57350.98804606507    29.909096238880437    1.1925857281732462     25    
57351.48804606507    29.29766482433732     1.1812413173600058     25    
57351.98804606507    28.669515432060575    1.181198711047149      25    
57352.48804606507    28.017060047135633    1.1907305419114211     25    
57352.98804606507    27.36825268374933     1.1940701171420594     25    
57353.48804606507    26.729334998092128    1.193022910948028      25    
57353.98804606507    26.097554202971338    1.1787179139113844     25    
57354.48804606507    25.479743585803643    1.1241197095671955     25    
57354.98804606507    24.87496163095221     1.0242169022773533     25    
57355.48804606507    24.274119251026672    0.9442440116856281     25    
57355.98804606507    23.676834740190554    0.9292377382578075     25    
57356.48804606507    23.080438875145163    0.9401825161240935     25    
57356.98804606507    22.477396221997807    0.9373653220991425     25    
57357.48804606507    21.869555043928305    0.928941146820271      25    
57357.98804606507    21.25487142888787     0.9176186655013143     25    
57358.48804606507    20.631790577929177    0.8999588397598905     25    
57358.98804606507    20.001882533923535    0.8814320533189531     25    
57359.48804606507    19.36654565066327     0.873936903558106      25    
57359.98804606507    18.725257117689395    0.8774538142028034     25    
57360.48804606507    18.07983817504995     0.8796260220853945     25    
57360.98804606507    17.42954165964438     0.881859743299259      25    
57361.48804606507    16.77652236225484     0.876482621706272      25    
57361.98804606507    16.125795443042723    0.834055976957242      25    
57362.48804606507    15.47512466696426     0.7412884677077437     25    
57362.98804606507    14.83276005092839     0.6542946468279962     25    
57363.48804606507    14.201055708079604    0.6287391042541343     25    
57363.98804606507    13.580930075352578    0.6344241734849279     25    
57364.48804606507    12.98120332093929     0.6327703209344914     25    
57364.98804606507    12.40032241734782     0.6281413358420952     25    
57365.48804606507    11.840798080745996    0.6207533773107621     25    
57365.98804606507    11.305099944530394    0.6053961563135389     25    
57366.48804606507    10.791674444989424    0.586328362454625      25    
57366.98804606507    10.299390815879242    0.5740945437321441     25    
57367.48804606507    9.828606360342526     0.5696852219993209     25    
57367.98804606507    9.378247114238517     0.5673085426388983     25    
57368.48804606507    8.947676374613598     0.5644209458097911     25    
57368.98804606507    8.53705442380314      0.5617566847131001     25    
57369.48804606507    8.14549052455561      0.557080451696608      25    
57369.98804606507    7.773089252619918     0.553859298795095      25    
57370.48804606507    7.419634105882156     0.5397323549002869     25    
57370.98804606507    7.084956770874054     0.49390247601931286    25    
57371.48804606507    6.769075524898633     0.42346570823972285    25    
57371.98804606507    6.4716463757936245    0.3778882367688476     25    
57372.48804606507    6.193347644876306     0.3776765209421325     25    
57372.98804606507    5.932034454097454     0.38758861721602944    25    
57373.48804606507    5.686881043588199     0.3812553764614403     25    
57373.98804606507    5.457737548094272     0.37027634578983337    25    
57374.48804606507    5.2392969209772       0.3648651855879906     25    
57374.98804606507    5.0326157775407205    0.3678251821942305     25    
57375.48804606507    4.834359385213272     0.37227822115099224    25    
57375.98804606507    4.640661824189388     0.3738758214087961     25    
57376.48804606507    4.452955246512715     0.3741325323743984     25    
57376.98804606507    4.270315590559455     0.3698699603457256     25    
57377.48804606507    4.091174917619185     0.3596129983940899     25    
57377.98804606507    3.9194917436358048    0.3458985287286097     25    
57378.48804606507    3.7583422281452363    0.32925760518699343    25    
57378.98804606507    3.6067604106535627    0.3090614384955343     25    
57379.48804606507    3.470145824029123     0.29654326840329415    25    
57379.98804606507    3.3495422968604576    0.2986784515750482     25    
57380.48804606507    3.2436470222203933    0.3038690525661146     25    
57380.98804606507    3.1535639780678073    0.2998130798068115     25    
57381.48804606507    3.079083546722293     0.29000177989890186    25    
57381.98804606507    3.0112683186147984    0.28439867269240293    25    
57382.48804606507    2.9509366852302397    0.2867032651910793     25    
57382.98804606507    2.8937592807107593    0.2920030935102845     25    
57383.48804606507    2.832162077414507     0.297447342733677      25    
57383.98804606507    2.7684246340513305    0.3040445895132569     25    
57384.48804606507    2.6993115098594704    0.3062643693762626     25    
57384.98804606507    2.6219591041451715    0.3035346886913262     25    
57385.48804606507    2.540962329071216     0.2951236799169946     25    
57385.98804606507    2.4608818472670326    0.27487585864495084    25    
57386.48804606507    2.3800426985435257    0.23939787354076048    25    
57386.98804606507    2.305113384744793     0.21027130748940356    25    
57387.48804606507    2.2375503352415556    0.20612084097187297    25    
57387.98804606507    2.177344637761026     0.21195016038965278    25    
57388.48804606507    2.127797969414001     0.2099792104140868     25    
57388.98804606507    2.0887293160694522    0.20281233532246584    25    
57389.48804606507    2.0555717618700817    0.19984562887359753    25    
57389.98804606507    2.0281017879555145    0.20601381337836525    25    
57390.48804606507    2.0048191683010788    0.2160774842226314     25    
57390.98804606507    1.9811067586241957    0.22599278243807866    25    
57391.48804606507    1.958171210549797     0.23749313579991366    25    
57391.98804606507    1.933508823157839     0.2432403425635676     25    
57392.48804606507    1.9053132058835813    0.23809382795647815    25    
57392.98804606507    1.8751277599833385    0.22710341472429565    25    
57393.48804606507    1.8442656739345709    0.21683316843807887    25    
57393.98804606507    1.8121959593633474    0.20581013158246084    25    
57394.48804606507    1.7807775258290794    0.1964619899217671     25    
57394.98804606507    1.7507299948936352    0.19134828629725165    25    
57395.48804606507    1.7219853323511292    0.18910234319907546    25    
57395.98804606507    1.695947172213885     0.18852928874158847    25    
57396.48804606507    1.6725613953279224    0.19052898889461017    25    
57396.98804606507    1.651325682886294     0.1916370586731357     25    
57397.48804606507    1.6321850491128485    0.18924894377379423    25    
57397.98804606507    1.6150366574359385    0.18501095874717335    25    
57398.48804606507    1.599279887705802     0.18045380212799206    25    
57398.98804606507    1.5850843359664173    0.17513135790914658    25    
57399.48804606507    1.5719635293547964    0.17015307746841687    25    
57399.98804606507    1.559673740503523     0.16658965810522694    25    
57400.48804606507    1.548227108918908     0.16398488496910846    25    
57400.98804606507    1.5370106341630432    0.16203234166801106    25    
57401.48804606507    1.5261826653843584    0.1600704889592645     25    
57401.98804606507    1.5152857842000333    0.16061937902032541    25    
57402.48804606507    1.5040359618669386    0.16597800935753135    25    
57402.98804606507    1.4924790785780264    0.17444747382701592    25    
57403.48804606507    1.4799927614824329    0.1828542203483078     25    
57403.98804606507    1.4667203638678576    0.18662521091287146    25    
57404.48804606507    1.4522353963142354    0.20044071226763618    25    
57404.98804606507    1.436215403185317     0.22684417828818054    25    