53677.20748894395    4.883003688994161     0.9865473256864232     25    
53677.70748894395    5.778593536761808     0.9794717072787745     25    
53678.20748894395    6.746938032098776     0.9858566712945513     25    
53678.70748894395    7.7868750647885445    1.0589257713094429     25    
53679.20748894395    8.898561008281119     1.1674334305508214     25    
53679.70748894395    10.080486943401736    1.2219110418723278     25    
53680.20748894395    11.332906106258669    1.2236064654929997     25    
53680.70748894395    12.65446266131887     1.2192103186608667     25    
53681.20748894395    14.04500681474889     1.2225279471172839     25    
53681.70748894395    15.50378882798499     1.2252428550681818     25    
53682.20748894395    17.029896622469256    1.2271560287022991     25    
53682.70748894395    18.623314633870685    1.228398063706387      25    
53683.20748894395    20.28260901813721     1.2290488216803268     25    
53683.70748894395    22.008054798912674    1.2290695841615005     25    
53684.20748894395    23.798386945020717    1.2290335693033665     25    
53684.70748894395    25.65616059499864     1.2260880091447528     25    
53685.20748894395    27.57226787100532     1.2300157407078958     25    
53685.70748894395    29.557843211188477    1.2528887101580057     25    
53686.20748894395    31.581912971110242    1.2822247985462183     25    
53686.70748894395    33.584698296794265    1.298697754666812      25    
53687.20748894395    35.57570197744175     1.3067851414979887     25    
53687.70748894395    37.45131124598453     1.3144716439672361     25    
53688.20748894395    39.22237174462469     1.3225537445845539     25    
53688.70748894395    40.81848852537522     1.3283722025421392     25    
53689.20748894395    42.19125411932061     1.3296298413703993     25    
53689.70748894395    43.376455310403564    1.329897518031621      25    
53690.20748894395    44.380191579255694    1.3336807861258786     25    
53690.70748894395    45.21125647213217     1.3394906105254212     25    
53691.20748894395    45.94361515740086     1.3469647918693044     25    
53691.70748894395    46.56508606001136     1.3569303024008916     25    
53692.20748894395    47.137177202060634    1.3632316778017297     25    
53692.70748894395    47.68201864594731     1.3787560136900066     25    
53693.20748894395    48.18166220341428     1.3633806712734637     25    
53693.70748894395    48.64172925607171     1.2452894107344568     25    
53694.20748894395    49.04840551102925     1.0652704513832882     25    
53694.70748894395    49.361835957676604    0.985851546457795      25    
53695.20748894395    49.589338923372416    1.0077042401419016     25    
53695.70748894395    49.6915584716126      1.0247638939170245     25    
53696.20748894395    49.65944551611727     1.0231489054777319     25    
53696.70748894395    49.51047938102922     1.0197722932961026     25    
53697.20748894395    49.240716496800495    1.0148637909015048     25    
53697.70748894395    48.869167885392265    1.0102091722697921     25    
53698.20748894395    48.429511667032806    1.011422768930705      25    
53698.70748894395    47.91657554477342     1.0166105155457852     25    
53699.20748894395    47.37208323466547     1.0161721452807013     25    
53699.70748894395    46.79546986610685     1.0059098107672264     25    
53700.20748894395    46.189354219997185    1.0095106998155643     25    
53700.70748894395    45.560857976522264    1.0452578919751618     25    
53701.20748894395    44.89840278263055     1.0832736029006862     25    
53701.70748894395    44.19291498056151     1.0954633049439844     25    
53702.20748894395    43.44486442369113     1.0942662444623161     25    
53702.70748894395    42.6398121391335      1.0918684449923883     25    
53703.20748894395    41.77812851955994     1.0870773420680309     25    
53703.70748894395    40.87128969195882     1.0804075798744097     25    
53704.20748894395    39.9143869244698      1.0706379741437568     25    
53704.70748894395    38.92844790877723     1.0623511898264213     25    
53705.20748894395    37.92564983404792     1.0610936285632997     25    
53705.70748894395    36.90987019740627     1.062590614398386      25    
53706.20748894395    35.90593420819388     1.065289392744928      25    
53706.70748894395    34.90930559167603     1.0691843296706842     25    
53707.20748894395    33.93766273829368     1.0323705468574886     25    
53707.70748894395    32.99053788100797     0.9268960039198442     25    
53708.20748894395    32.074756629198006    0.831177274451805      25    
53708.70748894395    31.192875426912153    0.8176173317301328     25    
53709.20748894395    30.347905594065235    0.8350301656551029     25    
53709.70748894395    29.548297727294774    0.8357353127905369     25    
53710.20748894395    28.791600856811595    0.8330385031650562     25    
53710.70748894395    28.077498960008864    0.8276631585728278     25    
53711.20748894395    27.407477662231518    0.8185305724708496     25    
53711.70748894395    26.77114282092997     0.8130516515454045     25    
53712.20748894395    26.167961831297557    0.8155598676264726     25    
53712.70748894395    25.59228551308869     0.8195908581645212     25    
53713.20748894395    25.037308025180515    0.8204511279263937     25    
53713.70748894395    24.50418701034378     0.8195539243674538     25    
53714.20748894395    23.987465152072538    0.8179293278532141     25    
53714.70748894395    23.487879442136364    0.8165348159991009     25    
53715.20748894395    23.0057991220124      0.7912940060185638     25    
53715.70748894395    22.541198643203415    0.7212508446819954     25    
53716.20748894395    22.094153681039547    0.6540868728231469     25    
53716.70748894395    21.665875049149953    0.6414877619180394     25    
53717.20748894395    21.254057253420086    0.6518350324941391     25    
53717.70748894395    20.85580989956115     0.6485607161877702     25    
53718.20748894395    20.471230690218096    0.6403092203128413     25    
53718.70748894395    20.09000184624621     0.6378108591448173     25    
53719.20748894395    19.713671839940485    0.6427324922725087     25    
53719.70748894395    19.333471696441723    0.6474675077159006     25    
53720.20748894395    18.945255142044473    0.6501637742604919     25    
53720.70748894395    18.550735352968886    0.6501043648345614     25    
53721.20748894395    18.146892214939356    0.6456648410694221     25    
53721.70748894395    17.736616688069788    0.6360555809548143     25    
53722.20748894395    17.330703620143378    0.6108544587099203     25    
53722.70748894395    16.927084412485428    0.5652649839035683     25    
53723.20748894395    16.537059226220713    0.5326548357043297     25    
53723.70748894395    16.16292399155187     0.5315384161433346     25    
53724.20748894395    15.804947842060242    0.5369199677199225     25    
53724.70748894395    15.46756969186324     0.5306801015976966     25    
53725.20748894395    15.14610211725076     0.5220726580166936     25    
53725.70748894395    14.83223859189767     0.518629268191958      25    
53726.20748894395    14.527509614172068    0.5191912766086703     25    
53726.70748894395    14.221225482822332    0.5207826725800453     25    
53727.20748894395    13.91303026784014     0.5241730176298589     25    
53727.70748894395    13.600931922610059    0.5253950508944537     25    
53728.20748894395    13.280927834612957    0.5282340043348315     25    
53728.70748894395    12.958098145305193    0.5205736703053558     25    
53729.20748894395    12.637582210389324    0.468699612319928      25    
53729.70748894395    12.318865199565371    0.3739074661966646     25    
53730.20748894395    12.010235642112747    0.3148280482576061     25    
53730.70748894395    11.710870072304315    0.3194774462399912     25    
53731.20748894395    11.424539995123764    0.3287804314313209     25    
53731.70748894395    11.153497394631238    0.32305951220462176    25    
53732.20748894395    10.895233815912848    0.316995343135029      25    
53732.70748894395    10.648724420964369    0.3147062632829499     25    
53733.20748894395    10.413700772520345    0.31465911291662985    25    
53733.70748894395    10.187492203967166    0.3165469265837269     25    
53734.20748894395    9.970540647087528     0.32069379442895024    25    
53734.70748894395    9.761068895555178     0.3218802494515885     25    
53735.20748894395    9.558682152291867     0.3184151010967963     25    
53735.70748894395    9.36376331473396      0.3135439962529285     25    
53736.20748894395    9.176272947041069     0.3115132634005087     25    
53736.70748894395    8.99633511405214      0.30689117831503887    25    
53737.20748894395    8.82424847111553      0.2858575409912233     25    
53737.70748894395    8.659946871139017     0.24870520093005818    25    
53738.20748894395    8.503379661699766     0.2253793019283349     25    
53738.70748894395    8.354740370816732     0.22602429137062124    25    
53739.20748894395    8.213091147467386     0.22965390208720857    25    
53739.70748894395    8.078289629800143     0.22771385608731146    25    
53740.20748894395    7.949864866285169     0.2251452200065287     25    
53740.70748894395    7.827064974323369     0.2225439082189102     25    
53741.20748894395    7.709945595587366     0.21985067660141477    25    
53741.70748894395    7.597434476022339     0.21796844284389455    25    
53742.20748894395    7.48973011810167      0.21687264990484334    25    
53742.70748894395    7.385798560356305     0.21633316870101477    25    
53743.20748894395    7.285618859287327     0.2145428619687818     25    
53743.70748894395    7.188542283597142     0.2166370261845872     25    
53744.20748894395    7.094012244603596     0.22966177571928387    25    
53744.70748894395    7.001931611436375     0.24632512256446462    25    
53745.20748894395    6.911310699509699     0.25398183655738543    25    
53745.70748894395    6.822335644901817     0.2550720097790616     25    
53746.20748894395    6.733914649464891     0.2620525713395852     25    