58180.10140632825    2475.3961578087806    598.6117929581484     25    
58180.60140632825    2962.837054089189     593.0029192304345     25    
58181.10140632825    3485.385991660935     623.2296333624962     25    
58181.60140632825    4040.8045623671246    760.0900075439899     25    
58182.10140632825    4627.128536621496     879.2731026334814     25    
58182.60140632825    5241.985212753173     902.5542457973428     25    
58183.10140632825    5883.542418072835     897.6736488724617     25    
58183.60140632825    6549.297630629729     903.8817317383717     25    
58184.10140632825    7237.54626139732      908.6614241357033     25    
58184.60140632825    7945.66044137914      911.5512440634291     25    
58185.10140632825    8672.05869197733      913.2052923535084     25    
58185.60140632825    9413.992270383786     913.7493871319438     25    
58186.10140632825    10169.998335195216    914.6331790560993     25    
58186.60140632825    10938.493336276237    917.955857674591      25    
58187.10140632825    11714.86069137164     923.8691844717171     25    
58187.60140632825    12500.692359583943    932.4641340171568     25    
58188.10140632825    13271.928836732186    946.2486789323113     25    
58188.60140632825    13996.911132957193    973.1994757651998     25    
58189.10140632825    14654.421801577944    1003.102382488038     25    
58189.60140632825    15193.934589639995    1022.036265946007     25    
58190.10140632825    15605.524969426426    1032.8117318923732    25    
58190.60140632825    15830.125946005628    1028.4687814671393    25    
58191.10140632825    15897.991617602182    1019.8329054284272    25    
58191.60140632825    15830.121581739262    1030.428639149103     25    
58192.10140632825    15652.216069255583    1051.2197638891548    25    
58192.60140632825    15429.226707817015    1079.9129429644477    25    
58193.10140632825    15172.235835050878    1105.4820661109748    25    
58193.60140632825    14951.940233410749    1099.4675775728172    25    
58194.10140632825    14755.91022486131     1065.8272463855842    25    
58194.60140632825    14598.291166797351    978.2137077846413     25    
58195.10140632825    14468.871637727016    860.3498264507965     25    
58195.60140632825    14348.61005736196     835.536171624778      25    
58196.10140632825    14235.255916516575    866.4579531245355     25    
58196.60140632825    14108.942310034832    872.6415175572297     25    
58197.10140632825    13971.493010210388    872.5522781183794     25    
58197.60140632825    13815.15711993232     878.4665461056389     25    
58198.10140632825    13641.418029307413    890.2768584474609     25    
58198.60140632825    13450.33977796365     922.0376910392083     25    
58199.10140632825    13241.889691958508    959.8093504795147     25    
58199.60140632825    13016.131615882787    957.9679690377898     25    
58200.10140632825    12772.560568114282    925.0108342275154     25    
58200.60140632825    12509.180245971553    852.8106756917905     25    
58201.10140632825    12225.578499236828    748.7679793371977     25    
58201.60140632825    11918.129413558767    722.0767701024773     25    
58202.10140632825    11586.893087901779    754.177751039435      25    
58202.60140632825    11227.286994487893    764.0166215631934     25    
58203.10140632825    10841.927383121847    761.0961279713341     25    
58203.60140632825    10442.351387505043    737.6221206015948     25    
58204.10140632825    10030.606196837385    697.9362536118842     25    
58204.60140632825    9631.055165412092     687.1666496129395     25    
58205.10140632825    9243.961738823273     699.1174337958801     25    
58205.60140632825    8894.330510705488     699.9516381412182     25    
58206.10140632825    8580.811148459341     694.6825594881905     25    
58206.60140632825    8313.941059195302     713.1230419969921     25    
58207.10140632825    8092.692440057674     749.6322570355532     25    
58207.60140632825    7915.054190245422     775.0981681927888     25    
58208.10140632825    7780.981373379887     791.9253599819517     25    
58208.60140632825    7689.206937872615     798.3110515041745     25    
58209.10140632825    7639.3809929495665    794.6356068655174     25    
58209.60140632825    7622.437606480616     777.1336276538441     25    
58210.10140632825    7638.254096581877     745.710969570693      25    
58210.60140632825    7670.199150433761     733.5154965842722     25    
58211.10140632825    7718.458482040677     740.6345526533441     25    
58211.60140632825    7766.068994347994     744.4406049776976     25    
58212.10140632825    7813.1529313610745    745.1211898667332     25    
58212.60140632825    7855.870623201648     738.0437997964563     25    
58213.10140632825    7893.97015579923      722.8111779716936     25    
58213.60140632825    7937.559920589777     703.599931761869      25    
58214.10140632825    7986.54068210923      679.548537496191      25    
58214.60140632825    8050.922415865256     671.247826024407      25    
58215.10140632825    8131.250603081968     681.157125726612      25    
58215.60140632825    8225.716499471673     684.2925362525983     25    
58216.10140632825    8335.257293583547     678.1320966139531     25    
58216.60140632825    8444.255708238143     688.0091646310851     25    
58217.10140632825    8552.743223131058     716.9818198401924     25    
58217.60140632825    8645.406040243        733.7776861606171     25    
58218.10140632825    8721.125959372272     736.8024007002656     25    
58218.60140632825    8775.480125657938     726.2699467917629     25    
58219.10140632825    8806.857992051991     699.5889366592378     25    
58219.60140632825    8824.842111132142     672.0727854374102     25    
58220.10140632825    8829.502003687718     643.8658427466353     25    
58220.60140632825    8829.914129933552     634.1507502076661     25    
58221.10140632825    8827.389752670617     651.4911180837653     25    
58221.60140632825    8823.038495991275     653.4355687205482     25    
58222.10140632825    8818.620742285584     628.4358827531233     25    
58222.60140632825    8804.01277324721      617.2538666302545     25    
58223.10140632825    8778.890009244655     630.4459916511987     25    
58223.60140632825    8733.660873164721     645.1469872005463     25    
58224.10140632825    8666.567343910257     661.2659623368944     25    
58224.60140632825    8574.960968291496     657.6833831441278     25    
58225.10140632825    8456.55083457321      626.3460334776582     25    
58225.60140632825    8319.448933416283     577.1082363427278     25    
58226.10140632825    8164.088310481423     498.0898532930057     25    
58226.60140632825    7997.9048923331175    438.5942054812699     25    
58227.10140632825    7822.239275554072     435.9107627157728     25    
58227.60140632825    7641.779520244309     436.60561648414057    25    
58228.10140632825    7458.188778598401     422.5234720434546     25    
58228.60140632825    7271.701562545001     416.9485396135542     25    
58229.10140632825    7082.592802022371     427.22900346152886    25    
58229.60140632825    6891.344045602003     442.6569211489316     25    
58230.10140632825    6697.857780557811     464.68377810769465    25    
58230.60140632825    6503.577063417816     473.73027056690114    25    
58231.10140632825    6308.328704288897     459.4421337011227     25    
58231.60140632825    6115.267740874206     436.817322083074      25    
58232.10140632825    5925.012395045227     409.97517404996825    25    
58232.60140632825    5740.530795690585     376.99311054905826    25    
58233.10140632825    5562.929056455264     331.4037965761366     25    
58233.60140632825    5393.877563340854     293.5368862755052     25    
58234.10140632825    5234.712270740625     286.38923121340673    25    
58234.60140632825    5084.480926469351     286.0540329613604     25    
58235.10140632825    4943.17439245156      280.7328681497841     25    
58235.60140632825    4810.062381976193     275.9473835782455     25    
58236.10140632825    4684.890167669383     271.97396527505674    25    
58236.60140632825    4567.042411439342     269.37056612798057    25    
58237.10140632825    4456.241789439502     268.96698455279005    25    
58237.60140632825    4351.896021609658     269.384637271098      25    
58238.10140632825    4253.704264512805     269.4006663441123     25    
58238.60140632825    4161.098219238041     270.65205410790634    25    
58239.10140632825    4073.7525996401787    271.3697906200348     25    
58239.60140632825    3991.1240110753656    279.8372416731768     25    
58240.10140632825    3912.86180157249      291.7417682173693     25    
58240.60140632825    3838.448403872509     333.34778068157624    25    