#mB  c  mBmB x1x1 cc mBx1 mBc x1c
18.209311887810305  -0.3  1.642696885573885  1.614013559140597  0.0163732832477772  -1.0223557831094556  0.1266129810340254  -0.07412081540714269
18.208939407173844  0.3  1.638738329734632  2.2431595304220755  0.015825480750817238  -1.2207882641270593  0.10085861735335086  -0.033893772581349096
18.714173586194725  0.0  1.8350030039504677  2.1926436058743213  0.016801735330765344  -1.303175763175912  0.12389541208404103  -0.06666500993790608
19.214173586194725  0.0  2.265533099737403  2.855808460921084  0.020028154779737063  -1.6723905356919428  0.14725786959583567  -0.08046925552925498
19.714173586194722  0.0  3.140373899925805  4.11913500306058  0.02696048044396503  -2.345544943828276  0.19637129537132733  -0.10066372406802764
19.212986291393293  -0.15  2.367699025812055  2.5825070351895216  0.021094372415057225  -1.6257887300750564  0.16706647766394428  -0.10807790360471739
19.21283635685515  0.15  2.1566896581890678  3.242055550909857  0.02053345132093484  -1.7085075576362267  0.12773651304922054  -0.03989057221935591
20.209311887810305  -0.3  6.815236900779999  5.33110860874012  0.057098011815243356  -4.265197503531931  0.5132665653039614  -0.376879509206632
20.208939407173844  0.3  3.844323698209206  11.87827745432022  0.05722767415885525  -3.890075557741011  0.1323066454057951  0.3444877422272164
