53257.29615823439    0.23030555024316446    0.0706225901917124      25    
53257.79615823439    0.25526441037221825    0.06906401249270275     25    
53258.29615823439    0.281530448198185      0.06629483072922462     25    
53258.79615823439    0.30911798809876145    0.06619280881255585     25    
53259.29615823439    0.3380412405181797     0.07245500291320879     25    
53259.79615823439    0.36829310959373757    0.08708456922120317     25    
53260.29615823439    0.39987200040411164    0.1040993775545911      25    
53260.79615823439    0.43279223732699784    0.11818497635426535     25    
53261.29615823439    0.4670676890062348     0.12627372168354498     25    
53261.79615823439    0.5026890218090224     0.12867820134679056     25    
53262.29615823439    0.5396572203845282     0.12810948277365813     25    
53262.79615823439    0.577986609110448      0.12658951984620007     25    
53263.29615823439    0.6176904869632988     0.12607574512949069     25    
53263.79615823439    0.6587577382740398     0.12618418014918398     25    
53264.29615823439    0.701191699395402      0.12627949644008526     25    
53264.79615823439    0.7450066947050803     0.12635727179326703     25    
53265.29615823439    0.7902152256453389     0.12641336326069197     25    
53265.79615823439    0.836804850244759      0.12644888884179853     25    
53266.29615823439    0.8847810286927024     0.12646578108548873     25    
53266.79615823439    0.9341580853668632     0.12646508946437257     25    
53267.29615823439    0.984947496308327      0.12644684494621888     25    
53267.79615823439    1.037135948977149      0.12640528584114832     25    
53268.29615823439    1.0907307995323952     0.12634790340528895     25    
53268.79615823439    1.1457463723517647     0.1262852873588377      25    
53269.29615823439    1.2022119012656722     0.12630113750981728     25    
53269.79615823439    1.2601895238676477     0.12668861150964963     25    
53270.29615823439    1.319569163088112      0.12697816711271143     25    
53270.79615823439    1.3802143633929005     0.12658071245126695     25    
53271.29615823439    1.4422138751668079     0.1248139448622751      25    
53271.79615823439    1.506152664725596      0.12136075160467485     25    
53272.29615823439    1.5710596720950984     0.1172915929796927      25    
53272.79615823439    1.635772900926428      0.11392731328327768     25    
53273.29615823439    1.6998132646748305     0.11248028435158001     25    
53273.79615823439    1.7644078983810527     0.11252511766602893     25    
53274.29615823439    1.8282257621033788     0.11328824000634229     25    
53274.79615823439    1.8896777999583372     0.11402906783223485     25    
53275.29615823439    1.9481435923943986     0.1143060182311901      25    
53275.79615823439    2.00492265623811       0.11454923547260558     25    
53276.29615823439    2.0588058437363848     0.11476746108159505     25    
53276.79615823439    2.1084125425590425     0.11492827889570484     25    
53277.29615823439    2.1529375754458533     0.11499101342377573     25    
53277.79615823439    2.1931370734228723     0.11496078179032196     25    
53278.29615823439    2.2293035220207664     0.11490888540988824     25    
53278.79615823439    2.2616968630300804     0.11490829937225468     25    
53279.29615823439    2.2900366840104764     0.1149919052230877      25    
53279.79615823439    2.3141141748747023     0.1151180509906972      25    
53280.29615823439    2.3349437811451086     0.1152777410398604      25    
53280.79615823439    2.3535573430834544     0.11546296628828615     25    
53281.29615823439    2.3698444760805577     0.11571422714918599     25    
53281.79615823439    2.3833203254015722     0.1160283803472422      25    
53282.29615823439    2.3949206445434865     0.11630711563501439     25    
53282.79615823439    2.4055863339395063     0.11645296207144037     25    
53283.29615823439    2.415422603671942      0.11713120769605917     25    
53283.79615823439    2.4239983083193213     0.11810233707949061     25    
53284.29615823439    2.431394181208849      0.11801545971484767     25    
53284.79615823439    2.437692527961645      0.11548731376715991     25    
53285.29615823439    2.4431001819167615     0.10860988981053907     25    
53285.79615823439    2.4474573822290417     0.09831982089397313     25    
53286.29615823439    2.450388505230677      0.08737904983908738     25    
53286.79615823439    2.451531406772607      0.07987261690575091     25    
53287.29615823439    2.4511174980402215     0.07768480225000769     25    
53287.79615823439    2.4491273590145637     0.07870932201735863     25    
53288.29615823439    2.445224778619756      0.08064129985288228     25    
53288.79615823439    2.4390833662470324     0.08134083720616028     25    
53289.29615823439    2.4307047824955235     0.0812905039243949      25    
53289.79615823439    2.4202570856444128     0.08116924143602498     25    
53290.29615823439    2.407861116233682      0.08101254455153961     25    
53290.79615823439    2.393603548548245      0.08084852633587972     25    
53291.29615823439    2.377222408018257      0.08062237930378358     25    
53291.79615823439    2.3589446513663366     0.08037511266999142     25    
53292.29615823439    2.3391639342905255     0.08018387212995456     25    
53292.79615823439    2.3181905898094213     0.08012855662344424     25    
53293.29615823439    2.2956596087150536     0.08024235060808146     25    
53293.79615823439    2.2717766743621417     0.08042384557695835     25    
53294.29615823439    2.246928392480093      0.08055592832453226     25    
53294.79615823439    2.221401420085777      0.08065937726341062     25    
53295.29615823439    2.194889303763315      0.08122130329648257     25    
53295.79615823439    2.1675378991858962     0.08155516454211313     25    
53296.29615823439    2.1396026319289856     0.08079019020068946     25    
53296.79615823439    2.1112496656982134     0.07785655667437152     25    
53297.29615823439    2.082273842326061      0.07208644326374228     25    
53297.79615823439    2.0527903541767025     0.06489974694589933     25    
53298.29615823439    2.022966660785504      0.05844580253075079     25    
53298.79615823439    1.9928833929631191     0.05528658105867489     25    
53299.29615823439    1.9623915785238089     0.054947185193437734    25    
53299.79615823439    1.931620697288321      0.05597629414931804     25    
53300.29615823439    1.9007279589070307     0.056900157146157426    25    
53300.79615823439    1.869799377680997      0.05687217722733631     25    
53301.29615823439    1.8387355919651542     0.05671805473175971     25    
53301.79615823439    1.8075595522883183     0.05651242128647163     25    
53302.29615823439    1.7763037335525713     0.05626085830588222     25    
53302.79615823439    1.745004689729108      0.05592966865650339     25    
53303.29615823439    1.7136531422631103     0.05549663139911566     25    
53303.79615823439    1.6821886570185605     0.055067967290022564    25    
53304.29615823439    1.6505498615374552     0.05475643379721121     25    
53304.79615823439    1.6187329989249801     0.0546505321436847      25    
53305.29615823439    1.5867745104737956     0.05469230626633281     25    
53305.79615823439    1.5546230200685163     0.054772588226631926    25    
53306.29615823439    1.5222259341229485     0.05478244085330048     25    
53306.79615823439    1.4895074102192927     0.054975134858026305    25    
53307.29615823439    1.4565075770731237     0.05534785755876469     25    
53307.79615823439    1.4233645137983069     0.05527547738296102     25    
53308.29615823439    1.3902162198612946     0.054120610191088915    25    
53308.79615823439    1.3569285945579384     0.05099542548522552     25    
53309.29615823439    1.3235060478561635     0.04621682816912199     25    
53309.79615823439    1.2902477331153164     0.04102406918532103     25    
53310.29615823439    1.2574484415007003     0.03725916729692612     25    
53310.79615823439    1.2249445948882671     0.03595655140143963     25    
53311.29615823439    1.1927211591880893     0.036198110877973894    25    
53311.79615823439    1.1610727917817276     0.03694890045553773     25    
53312.29615823439    1.130285293773863      0.037204853306550295    25    
53312.79615823439    1.1002668202908628     0.03712076903378553     25    
53313.29615823439    1.07096143081173       0.03702987119140176     25    
53313.79615823439    1.0424653416448855     0.0368986945598897      25    
53314.29615823439    1.0148739857074696     0.03669025779291516     25    
53314.79615823439    0.9882179837583978     0.03634713130452415     25    
53315.29615823439    0.9624168574285495     0.0359393732649785      25    
53315.79615823439    0.9373793239949634     0.03557700195412945     25    
53316.29615823439    0.9130283205716462     0.03537027660912213     25    
53316.79615823439    0.8894489391042749     0.03532818450295374     25    
53317.29615823439    0.8665977753313263     0.035372928268386596    25    
53317.79615823439    0.8443773957362138     0.035427090606332624    25    
53318.29615823439    0.8227095135597049     0.03542710890593949     25    
53318.79615823439    0.8016698074676034     0.035424209484647036    25    
53319.29615823439    0.7812267133240601     0.035405151129937217    25    
53319.79615823439    0.7613132688695459     0.035332727112649544    25    
53320.29615823439    0.7418795183236163     0.035234551159887446    25    
53320.79615823439    0.7229742176610795     0.03532924375187955     25    
53321.29615823439    0.7045788483015002     0.035284493432570944    25    
53321.79615823439    0.6866586974796967     0.034680001937204157    25    
53322.29615823439    0.6691935760955461     0.03296369275080192     25    
53322.79615823439    0.6522153722825533     0.02972370605925546     25    
53323.29615823439    0.6356996323137282     0.025617359800101963    25    
53323.79615823439    0.6196139732685497     0.02176213490760657     25    
53324.29615823439    0.6039382356852517     0.019765188509126494    25    
53324.79615823439    0.5886931737765002     0.01953047984324155     25    
53325.29615823439    0.5738743035574287     0.020159725531139733    25    
53325.79615823439    0.5594741617924565     0.02068390049646242     25    
53326.29615823439    0.5454821079174758     0.02055150808006892     25    
53326.79615823439    0.5318971047962865     0.020271211697527318    25    
53327.29615823439    0.5187404430406918     0.019976565700508733    25    
53327.79615823439    0.5060342069189201     0.01977083767924107     25    
53328.29615823439    0.4937815950900849     0.019732248476678895    25    
53328.79615823439    0.4819668477596972     0.019811797469509517    25    
53329.29615823439    0.47061108972084986    0.019934524380407104    25    
53329.79615823439    0.459736512804408      0.020026969242374973    25    
53330.29615823439    0.44936866808023535    0.02007770566110356     25    
53330.79615823439    0.4394958867025549     0.020127813064159186    25    
53331.29615823439    0.43007476528974625    0.02014021287935283     25    
53331.79615823439    0.42106170233795076    0.02007686515207246     25    
53332.29615823439    0.4125061312385904     0.019892712426988143    25    
53332.79615823439    0.4044152939902239     0.019613288522243377    25    
53333.29615823439    0.39665829024553373    0.01931315808134039     25    
53333.79615823439    0.3891043782014846     0.019071012548902373    25    
53334.29615823439    0.3818098730055758     0.01889367930348452     25    
53334.79615823439    0.3747998581751116     0.018748126057540438    25    
53335.29615823439    0.36793893396164296    0.018642554987319485    25    
53335.79615823439    0.36109341056303274    0.018585906945015343    25    
53336.29615823439    0.35429093762030606    0.018628851549713388    25    
53336.79615823439    0.3475681557562962     0.01873370531005209     25    
53337.29615823439    0.3408816163001862     0.018810349382657025    25    
53337.79615823439    0.33418676088435784    0.018769973673688496    25    
53338.29615823439    0.32743564535315955    0.01856972654974124     25    
53338.79615823439    0.32068903790745873    0.018283037373771203    25    
53339.29615823439    0.31404061275369505    0.018004350802392065    25    
53339.79615823439    0.3075742438183428     0.017829271844577985    25    
53340.29615823439    0.30120630033374196    0.01774850627145125     25    
53340.79615823439    0.2949723157732673     0.01772244385177544     25    
53341.29615823439    0.2889761503654739     0.01772940555911137     25    
53341.79615823439    0.28331021717503224    0.017753822327321908    25    
53342.29615823439    0.27792242020349245    0.017836268818982877    25    
53342.79615823439    0.27280897625481426    0.017940819876521498    25    
53343.29615823439    0.26799902545991916    0.018008660078100435    25    
53343.79615823439    0.26352818698272223    0.018008448714938903    25    
53344.29615823439    0.25943457267519676    0.018056096086713793    25    
53344.79615823439    0.25564007443937803    0.018030762762463765    25    
53345.29615823439    0.2520486526265761     0.017757102675706824    25    
53345.79615823439    0.248598616086308      0.01700524959467901     25    
53346.29615823439    0.24538764130588042    0.015557058599317504    25    
53346.79615823439    0.2423404180776534     0.013716667872878478    25    
53347.29615823439    0.23934947126187883    0.011995197572163026    25    
53347.79615823439    0.2363453033502538     0.011095379357320821    25    
53348.29615823439    0.23340669511473147    0.010991412136336504    25    
53348.79615823439    0.23049843719632113    0.011280148067056581    25    
53349.29615823439    0.22756823613642385    0.011538163245998755    25    
53349.79615823439    0.2245690829459836     0.011490163117281325    25    
53350.29615823439    0.22151401975804144    0.011346994233448976    25    
53350.79615823439    0.21845417345419027    0.01118821395424945     25    
53351.29615823439    0.21544127596140406    0.011073961787445909    25    
53351.79615823439    0.2124863019300737     0.011045647657563485    25    
53352.29615823439    0.2095450467598806     0.011072809553758904    25    
53352.79615823439    0.20667562085139837    0.011135413319632277    25    
53353.29615823439    0.20394108379904938    0.011214952108058753    25    
53353.79615823439    0.2013605684975801     0.01132320969982823     25    
53354.29615823439    0.19889443528223494    0.011476059980989398    25    
53354.79615823439    0.19657012815940458    0.011616464758773043    25    
53355.29615823439    0.19441697279734205    0.011688363020989478    25    
53355.79615823439    0.19246249071620133    0.011655601279715204    25    
53356.29615823439    0.1906902419928715     0.011549154410098163    25    
53356.79615823439    0.1890579531290615     0.011411255793608101    25    
53357.29615823439    0.18752325340593515    0.011285488270397112    25    
53357.79615823439    0.18610103420641974    0.011174447449967102    25    
53358.29615823439    0.18480542165925407    0.011057934551826479    25    
53358.79615823439    0.18358495525935342    0.010952470849691368    25    
53359.29615823439    0.18238832430140944    0.01087521774044115     25    
53359.79615823439    0.18123023821241224    0.0108348588697455      25    
53360.29615823439    0.18012352830841172    0.010820803680172264    25    
53360.79615823439    0.17903233725957657    0.010820429379649079    25    
53361.29615823439    0.17792122389715545    0.010821378709798072    25    
53361.79615823439    0.1767909326155993     0.01083492643040981     25    
53362.29615823439    0.1756558360900428     0.010858292136430758    25    
53362.79615823439    0.17451761780644975    0.010872561861828035    25    
53363.29615823439    0.17337770894752919    0.010859092244491832    25    
53363.79615823439    0.17223165495037707    0.010812816247572079    25    
53364.29615823439    0.17108260171277145    0.010746681571775123    25    
53364.79615823439    0.16993775215083104    0.010674421405217243    25    
53365.29615823439    0.16880351724357553    0.010608782817382608    25    
53365.79615823439    0.16767380553382413    0.010540577822397179    25    
53366.29615823439    0.1665510730234151     0.010471720586772969    25    
53366.79615823439    0.16544252262846632    0.010411821034909384    25    
53367.29615823439    0.16435408202978632    0.010370060082718622    25    
53367.79615823439    0.16327915737509302    0.010345258480440095    25    
53368.29615823439    0.16222119035953717    0.010332805464174432    25    
53368.79615823439    0.16118738389923698    0.010328997160231192    25    
53369.29615823439    0.1601830677954506     0.010331055284566345    25    
53369.79615823439    0.15920137496347175    0.010342482493469774    25    
53370.29615823439    0.1582466182104261     0.010361103779682608    25    
53370.79615823439    0.15732600045243142    0.010383272844296952    25    
53371.29615823439    0.15644413902985646    0.010402866375532959    25    
53371.79615823439    0.15559412278824927    0.010412098056347767    25    
53372.29615823439    0.15478102106537064    0.01042877526937656     25    
53372.79615823439    0.15401203677733852    0.01047353914090914     25    
53373.29615823439    0.1532909602222927     0.010539533001247015    25    
53373.79615823439    0.1526110653387141     0.010573771402462412    25    
53374.29615823439    0.1519780634136594     0.010668581311484033    25    
53374.79615823439    0.15139915736324622    0.010925948243128869    25    
53375.29615823439    0.15087719586204812    0.011339287128920622    25    