55065.51308579203    5090.335831148028     1455.6756611855014    25    
55066.01308579203    6086.61835588503      1411.5861256204184    25    
55066.51308579203    7149.17888763158      1524.7214236170935    25    
55067.01308579203    8272.105560466713     2072.0836777181617    25    
55067.51308579203    9450.269870616963     2516.099373729902     25    
55068.01308579203    10677.376959152443    2590.9460995872364    25    
55068.51308579203    11948.674364856783    2559.5730650587884    25    
55069.01308579203    13257.498136694834    2570.821801880015     25    
55069.51308579203    14599.457955103635    2577.481494496557     25    
55070.01308579203    15967.53467784647     2577.8669286582135    25    
55070.51308579203    17357.68622611012     2574.2711435793894    25    
55071.01308579203    18762.55216735995     2567.1264770985786    25    
55071.51308579203    20178.424762628823    2561.901720046494     25    
55072.01308579203    21599.659870994954    2592.3725671345887    25    
55072.51308579203    23017.739702593288    2595.236304845147     25    
55073.01308579203    24431.70876279019     2410.077083720672     25    
55073.51308579203    25802.917174557944    2183.8998714307486    25    
55074.01308579203    27075.718452547397    2245.859015671488     25    
55074.51308579203    28216.69615403768     2418.073921210559     25    
55075.01308579203    29138.914067766626    2505.151243369067     25    
55075.51308579203    29827.888089491684    2564.2035110163138    25    
55076.01308579203    30182.519140844797    2585.3597375682143    25    
55076.51308579203    30256.301434174224    2614.342359399288     25    
55077.01308579203    30094.15492424778     2770.2796982404298    25    
55077.51308579203    29739.941112857843    2978.558030788933     25    
55078.01308579203    29318.53931751071     3182.9441143969284    25    
55078.51308579203    28847.385952044282    3336.999572536511     25    
55079.01308579203    28462.027194008286    3257.221878922053     25    
55079.51308579203    28134.727420683168    3007.88096702507      25    
55080.01308579203    27880.100451697097    2631.6361464039733    25    
55080.51308579203    27676.44878501866     2146.143262323332     25    
55081.01308579203    27467.59012355054     1972.4043227151403    25    
55081.51308579203    27248.89381087273     2038.6688798429063    25    
55082.01308579203    26960.898892342073    2066.2843836651696    25    
55082.51308579203    26614.322141843404    2104.137434340072     25    
55083.01308579203    26204.47911103295     2153.620344491788     25    
55083.51308579203    25739.628858104108    2223.4613761262985    25    
55084.01308579203    25250.387392578068    2380.0912978249726    25    
55084.51308579203    24737.97375080715     2563.433602871874     25    
55085.01308579203    24234.487017491607    2569.7076989549582    25    
55085.51308579203    23734.51812879432     2447.71584735155      25    
55086.01308579203    23236.513323212203    2269.6319114587286    25    
55086.51308579203    22736.43365323264     2040.0065157388844    25    
55087.01308579203    22208.738976074765    2000.4096500512692    25    
55087.51308579203    21653.23707309981     2110.6680587493647    25    
55088.01308579203    21042.830956605325    2159.2263594121264    25    
55088.51308579203    20382.38605205374     2170.6422697240146    25    
55089.01308579203    19686.14920528888     2148.7271112866615    25    
55089.51308579203    18957.435494962967    2104.0547693742587    25    
55090.01308579203    18242.617203515434    2182.62236639061      25    
55090.51308579203    17541.61853257034     2350.7837689022604    25    
55091.01308579203    16901.115385436264    2419.7979933383303    25    
55091.51308579203    16319.258799555397    2411.421071782447     25    
55092.01308579203    15816.376097946135    2383.542970945615     25    
55092.51308579203    15391.360979424284    2336.1193630146918    25    
55093.01308579203    15042.21183870466     2363.2067085510635    25    
55093.51308579203    14768.901809302764    2457.0708186588718    25    
55094.01308579203    14570.87681692997     2477.092839314512     25    
55094.51308579203    14448.097861231388    2426.9853885347065    25    
55095.01308579203    14384.282074673556    2283.9940198600857    25    
55095.51308579203    14379.84350595358     2025.7276132722816    25    
55096.01308579203    14403.634065776827    1862.5868473813484    25    
55096.51308579203    14455.98363461051     1827.537654601055     25    
55097.01308579203    14505.538681064765    1823.9059805663624    25    
55097.51308579203    14551.139808499645    1851.7023133814123    25    
55098.01308579203    14591.698496204384    1845.1111381254564    25    
55098.51308579203    14625.200108985311    1795.8036013525852    25    
55099.01308579203    14681.79016898301     1779.5557842190426    25    
55099.51308579203    14761.404647732244    1804.0793196238194    25    
55100.01308579203    14893.246274181014    1840.5433268372683    25    
55100.51308579203    15080.519098669098    1890.8925547110118    25    
55101.01308579203    15319.577237325464    1898.7339704556725    25    
55101.51308579203    15614.57198028083     1848.357893793945     25    
55102.01308579203    15924.708716605966    1848.8122840045885    25    
55102.51308579203    16249.3881758103      1925.2913006995545    25    
55103.01308579203    16549.758084479345    1955.7258039541928    25    
55103.51308579203    16820.55302731673     1923.0365277136934    25    
55104.01308579203    17053.456139976875    1851.9267683410887    25    
55104.51308579203    17242.095280585992    1711.8378928946504    25    
55105.01308579203    17415.97310117668     1717.7483603844425    25    
55105.51308579203    17576.11243616953     1941.1387300645456    25    
55106.01308579203    17749.55831666861     2104.6875774354075    25    
55106.51308579203    17942.9782368373      2169.4147807858517    25    
55107.01308579203    18155.211317377874    2220.1572375174337    25    
55107.51308579203    18393.997110449553    2244.1102368309735    25    
55108.01308579203    18619.91328405449     2385.938810401725     25    
55108.51308579203    18829.957862882675    2701.339498610558     25    
55109.01308579203    18988.041851603102    2941.7039582282896    25    
55109.51308579203    19085.126502111667    3094.063554168228     25    
55110.01308579203    19107.693806028346    3077.55415267948      25    
55110.51308579203    19045.41357945576     2808.963813826612     25    
55111.01308579203    18917.974120452236    2429.984717478005     25    
55111.51308579203    18727.0283597643      1899.4910824111582    25    
55112.01308579203    18489.049888111913    1415.8691892761585    25    
55112.51308579203    18208.441959662225    1320.120112762001     25    
55113.01308579203    17896.127648235717    1353.2529602265552    25    
55113.51308579203    17557.056117663495    1387.7962999998063    25    
55114.01308579203    17194.13196251755     1490.3753416176048    25    
55114.51308579203    16808.88087273566     1675.00522086778      25    
55115.01308579203    16404.852511176374    1844.4127170826616    25    
55115.51308579203    15982.75106413779     1993.1818343618036    25    
55116.01308579203    15548.043064669322    2047.403681197124     25    
55116.51308579203    15101.511874415251    1937.1552903903303    25    
55117.01308579203    14651.917802524329    1755.8473151496626    25    
55117.51308579203    14202.40675441595     1523.307196216094     25    
55118.01308579203    13761.016495060181    1271.740898809967     25    
55118.51308579203    13332.434288744325    1054.4967776528836    25    
55119.01308579203    12921.145863772545    888.3953463560167     25    
55119.51308579203    12532.22728711205     852.716259159666      25    
55120.01308579203    12163.450143006914    870.3143942977939     25    
55120.51308579203    11814.981705659471    875.831354684045      25    
55121.01308579203    11485.544013251028    885.2040569691634     25    
55121.51308579203    11174.446508824749    891.2087440139699     25    
55122.01308579203    10880.761451873936    896.0639011982215     25    
55122.51308579203    10603.743413770113    901.3943944412019     25    
55123.01308579203    10342.52054376837     901.3309136301514     25    
55123.51308579203    10096.290505388328    887.3124680981491     25    
55124.01308579203    9864.238964541912     869.0906761591026     25    
55124.51308579203    9645.505868572165     838.6249107402535     25    
55125.01308579203    9439.334195717012     840.6936588055345     25    
55125.51308579203    9244.807588214337     865.0738864274495     25    
55126.01308579203    9061.224316751775     1048.5591537395462    25    
55126.51308579203    8887.613749207632     1376.1221990956865    25    