#Date  :
#Flux  :
#Fluxerr  :
#ZP  :
#end  :
@INSTRUMENT  SDSS
@BAND  SDSS_g
@MAGSYS  AB
53975.438998  0.1038  0.6891  23.897
53994.463556  0.541  0.598  23.897
53996.447103  0.02323  0.678  23.897
54005.460964  0.7889  0.5322  23.897
54008.407748  -0.3116  0.7997  23.897
54009.475011  0.5158  0.5161  23.897
54010.402263  0.7993  0.4911  23.897
54012.395109  -0.9136  0.8528  23.897
54020.433723  0.2784  1.034  23.897
54024.483396  3.354  0.8356  23.897
54028.471676  15.23  0.6768  23.897
54030.427175  18.85  0.6926  23.897
54035.471226  28.17  0.775  23.897
54037.376813  30.35  0.6503  23.897
54040.391614  29.63  0.7587  23.897
54041.427113  29.77  0.737  23.897
54047.421932  27.15  2.124  23.897
54049.417933  23.04  1.233  23.897
54050.378266  23.13  1.505  23.897
54053.397788  23.97  1.387  23.897
54056.383858  13.86  0.7423  23.897
54059.378065  9.903  0.7126  23.897
54061.389026  8.294  0.7788  23.897
54062.382862  6.54  0.553  23.897
54064.379321  7.194  0.6787  23.897
