#mB  c  mBmB x1x1 cc mBx1 mBc x1c
20.47794244136349  -0.3  0.00075440280690056  0.02659687811444221  0.0004614486820212061  0.0021474082894048277  0.00033324957821221783  -0.00046717148251022183
20.47827748881925  0.3  0.0007327844479742149  0.013242351182134127  0.0004457419613433733  0.0009505872208107245  0.00042405537873515316  -0.00046359543095992966
20.983201530563022  0.0  0.0012267456554379912  0.034426356084488435  0.0006741280707368637  0.0028189368445588644  0.000605724069729502  -0.00059930088559976
21.48320153056302  0.0  0.0024226095023420196  0.07372017902040419  0.001228566122428933  0.006236806716048845  0.001136993463817173  -0.0009796841259211188
21.983201530563022  0.0  0.0053986676593574924  0.1713009302978972  0.0026047274148381476  0.014727610686928792  0.0024588806635806766  -0.0019326950618341974
21.481826304831277  -0.15  0.0024347332013942872  0.0943460304462908  0.0012774074738084683  0.007891782901584024  0.0009933591778188112  -0.0012068060116757306
21.482030396910297  0.15  0.002401154952628127  0.057112665607640486  0.0011891397548356765  0.00487487392704301  0.0012355206373667576  -0.0008008830040729018
22.477942441363492  -0.3  0.012874358004455069  0.6929524399622503  0.00674132790908939  0.05757406128837051  0.003610261782323512  -0.007592970196670614
22.47827748881925  0.3  0.01227478932512843  0.2275055126362629  0.005343645523411311  0.020642242276481957  0.006538669624353876  -0.0020131023675233977
