53317.367840999126    2.297640656520325     0.4725351377157208     25    
53317.867840999126    2.6890876505147387    0.46848253498660697    25    
53318.367840999126    3.1120958932120617    0.46882750780591376    25    
53318.867840999126    3.5671323738612832    0.5006553960903096     25    
53319.367840999126    4.054045027435504     0.5637476625998308     25    
53319.867840999126    4.573262308837259     0.6125025295048916     25    
53320.367840999126    5.124945437276367     0.6250594433295723     25    
53320.867840999126    5.709110742819964     0.6215276907375855     25    
53321.367840999126    6.326254500820349     0.6208508796826877     25    
53321.867840999126    6.9762369772414905    0.6224076362196548     25    
53322.367840999126    7.65944192714403      0.6235827723677724     25    
53322.867840999126    8.376098390187556     0.6242806802295016     25    
53323.367840999126    9.126164124232583     0.6245718789850276     25    
53323.867840999126    9.910152359743847     0.6245070622415642     25    
53324.367840999126    10.727948024667072    0.6239940479351763     25    
53324.867840999126    11.579884008725543    0.6233573909925473     25    
53325.367840999126    12.467193434463095    0.6221275467969923     25    
53325.867840999126    13.389175265302816    0.6207088479958023     25    
53326.367840999126    14.34191971992284     0.6235723461946        25    
53326.867840999126    15.336252409983222    0.633109533672591      25    
53327.367840999126    16.344967863851164    0.6438633089196195     25    
53327.867840999126    17.344535856611074    0.6506070402868499     25    
53328.367840999126    18.34366793072826     0.6550822959810504     25    
53328.867840999126    19.28977814528012     0.659121918973663      25    
53329.367840999126    20.18358505133795     0.6633788479656249     25    
53329.867840999126    21.008026200597644    0.666875258742336      25    
53330.367840999126    21.72109555275119     0.6683890367818002     25    
53330.867840999126    22.332228849992585    0.667966602361522      25    
53331.367840999126    22.85536330715387     0.6682951691741164     25    
53331.867840999126    23.283227536704853    0.670402442137492      25    
53332.367840999126    23.633124548372464    0.6734056143908937     25    
53332.867840999126    23.93728786929129     0.6773175340011184     25    
53333.367840999126    24.18504523584739     0.6826163942793156     25    
53333.867840999126    24.40625454508328     0.6860173212473728     25    
53334.367840999126    24.617030793289405    0.6922674092190791     25    
53334.867840999126    24.807891861847985    0.6926291974995378     25    
53335.367840999126    24.980963486524534    0.6595478247814784     25    
53335.867840999126    25.139410777210866    0.5777184527688302     25    
53336.367840999126    25.267732806608002    0.49737866306262213    25    
53336.867840999126    25.359765000081676    0.4784541437705973     25    
53337.367840999126    25.415982592222036    0.4936041031359347     25    
53337.867840999126    25.420784972358213    0.5003079185227288     25    
53338.367840999126    25.373577796651684    0.4992206078751188     25    
53338.867840999126    25.279444408433886    0.49715155326014776    25    
53339.367840999126    25.137654087779246    0.4944357740855451     25    
53339.867840999126    24.950041743411685    0.49117740964784284    25    
53340.367840999126    24.731178502429877    0.49014065029845005    25    
53340.867840999126    24.47822605685699     0.4926210069065349     25    
53341.367840999126    24.1996791845085      0.4951067651789578     25    
53341.867840999126    23.90525324395736     0.49267270984639616    25    
53342.367840999126    23.591491040756424    0.48745821952047763    25    
53342.867840999126    23.263825874681906    0.4913425120226592     25    
53343.367840999126    22.923226907798075    0.5107070764497579     25    
53343.867840999126    22.56854375227037     0.531356011479392      25    
53344.367840999126    22.199742294653056    0.5401318860556739     25    
53344.867840999126    21.816827745448816    0.5414173009987238     25    
53345.367840999126    21.41991011488652     0.5407425960602655     25    
53345.867840999126    21.00787626081054     0.5391266814353073     25    
53346.367840999126    20.58299285667758     0.53601065152748       25    
53346.867840999126    20.14787263451234     0.5317891735470984     25    
53347.367840999126    19.701241489642342    0.5259985218873688     25    
53347.867840999126    19.249315165019006    0.5218553250920661     25    
53348.367840999126    18.79273149727306     0.5216736906852338     25    
53348.867840999126    18.333031566894917    0.5229153395439825     25    
53349.367840999126    17.875946447594714    0.5236562884802846     25    
53349.867840999126    17.419834371515382    0.5263346350679714     25    
53350.367840999126    16.968551378482655    0.5186040934416367     25    
53350.867840999126    16.523618977681558    0.4843818619787723     25    
53351.367840999126    16.08489914212552     0.43629540669600464    25    
53351.867840999126    15.655332386519914    0.41068130614526743    25    
53352.367840999126    15.234053380319974    0.41326340076210377    25    
53352.867840999126    14.823403208972591    0.42094830584710335    25    
53353.367840999126    14.424977985975307    0.4209705924007476     25    
53353.867840999126    14.038147537446433    0.41972239991502874    25    
53354.367840999126    13.664006035951825    0.4170637250094049     25    
53354.867840999126    13.302764887124447    0.41196291753309466    25    
53355.367840999126    12.953588067989875    0.40768911838296573    25    
53355.867840999126    12.616086957595332    0.4077972894278269     25    
53356.367840999126    12.290351341810306    0.4105055218717888     25    
53356.867840999126    11.975500069101276    0.4121347935838753     25    
53357.367840999126    11.671777762255914    0.4125647272399754     25    
53357.867840999126    11.378456587011977    0.4118561296680234     25    
53358.367840999126    11.094873780132762    0.41078491021392166    25    
53358.867840999126    10.821246914965034    0.40896405512268014    25    
53359.367840999126    10.55613862201979     0.39769076693349725    25    
53359.867840999126    10.29970344735824     0.367352654964274      25    
53360.367840999126    10.051257386393452    0.33267757430838096    25    
53360.867840999126    9.809738080290966     0.31862772869209316    25    
53361.367840999126    9.575517717736348     0.3217256101610708     25    
53361.867840999126    9.347394281716795     0.32423301291455764    25    
53362.367840999126    9.125296827105934     0.3199359598666548     25    
53362.867840999126    8.908927995714418     0.31517693123199164    25    
53363.367840999126    8.697459916875186     0.31436153839720365    25    
53363.867840999126    8.491186260276644     0.31698857022086435    25    
53364.367840999126    8.289196055827446     0.31953337416464916    25    
53364.867840999126    8.091186030186208     0.32124114952400784    25    
53365.367840999126    7.897237563324886     0.32203843042759916    25    
53365.867840999126    7.706929029519693     0.3202338453544704     25    
53366.367840999126    7.5202484128647695    0.3164811881743642     25    
53366.867840999126    7.337607023540586     0.3083252494947824     25    
53367.367840999126    7.159100831568595     0.2902421917456812     25    
53367.867840999126    6.984772348311337     0.26674285660817976    25    
53368.367840999126    6.815059902205605     0.2537796040896661     25    
53368.867840999126    6.649915890199412     0.2545385978407861     25    
53369.367840999126    6.4893747154414045    0.25734343579073304    25    
53369.867840999126    6.333593130774473     0.2543876964608911     25    
53370.367840999126    6.182438266805003     0.24983089101270012    25    
53370.867840999126    6.035509861437418     0.247307681922377      25    
53371.367840999126    5.892913431302221     0.24731480254565238    25    
53371.867840999126    5.75434752313153      0.24827467815446602    25    
53372.367840999126    5.619535228467052     0.24971060997597577    25    
53372.867840999126    5.488574356854608     0.2516487938034009     25    
53373.367840999126    5.361230481899453     0.25193432701248336    25    
53373.867840999126    5.2374389251956215    0.2528859328669537     25    
53374.367840999126    5.11733636354652      0.24828201799035815    25    
53374.867840999126    5.000997452556763     0.22596017410108127    25    
53375.367840999126    4.888396179350031     0.18437226422056352    25    
53375.867840999126    4.779690963759334     0.15027706327830576    25    
53376.367840999126    4.6749076540534835    0.14621709717553094    25    
53376.867840999126    4.574032275089682     0.1536011109742979     25    
53377.367840999126    4.47711997611837      0.15321916960070167    25    
53377.867840999126    4.384171101083285     0.15002467836588937    25    
53378.367840999126    4.294973984341653     0.1475126224946613     25    
53378.867840999126    4.209530227512802     0.14657311312613056    25    
53379.367840999126    4.127760389318813     0.1465267767522142     25    
53379.867840999126    4.049479366712654     0.14741530932974223    25    
53380.367840999126    3.9747644313201747    0.14950700154792476    25    
53380.867840999126    3.9033300376337503    0.1506551017325721     25    
53381.367840999126    3.8351696980382535    0.14953167497679656    25    
53381.867840999126    3.7701582131166727    0.1473182203737583     25    
53382.367840999126    3.7078716667035936    0.14558255896701952    25    
53382.867840999126    3.648452314548222     0.14480608708031278    25    
53383.367840999126    3.59149058620085      0.14160495960865394    25    
53383.867840999126    3.5368130453995765    0.13154851967732542    25    
53384.367840999126    3.484431021382767     0.11748176398775204    25    
53384.867840999126    3.4339387686040372    0.10941245360459408    25    
53385.367840999126    3.385402570316602     0.10980120455147116    25    
53385.867840999126    3.3386858391391074    0.11183881281540871    25    
53386.367840999126    3.2936852908794636    0.11121422300920868    25    
53386.867840999126    3.250425200117538     0.10997386322169975    25    
53387.367840999126    3.2087164645950046    0.10863853034013203    25    
53387.867840999126    3.168601554031402     0.10710505780677898    25    
53388.367840999126    3.1299576085953698    0.1056565130469289     25    
53388.867840999126    3.092677341432609     0.1046414685402481     25    
53389.367840999126    3.0567934091538245    0.10393734055573745    25    
53389.867840999126    3.0221146868227815    0.1035200542967901     25    
53390.367840999126    2.988669991138029     0.10291859658901997    25    
53390.867840999126    2.956357510675561     0.10329638838365457    25    
53391.367840999126    2.925049479049599     0.10640465652813128    25    
53391.867840999126    2.8947910681400852    0.11154631072477457    25    
53392.367840999126    2.86539399739015      0.11556193008991182    25    
53392.867840999126    2.836868879470383     0.11663871678775863    25    
53393.367840999126    2.809137226867596     0.11809890677197764    25    
53393.867840999126    2.782053069168059     0.12263299579534749    25    