#mB  c  mBmB x1x1 cc mBx1 mBc x1c
12.308943154608698  -0.3  0.003357366879282442  0.12375132416022498  0.0008196817694055566  0.006607705012183695  0.0011918828290594366  -0.00031460611107943264
12.310628639473656  0.3  0.003469588437831024  0.11595399297825179  0.0008796421333299932  0.0049145205178007245  0.0012758393912323184  -0.0009005468978420964
12.814960416487422  0.0  0.00349341324950708  0.12173222499555773  0.0008708477650688723  0.005717524557801519  0.0012706583381873228  -0.0006581441016465785
13.314960416487423  0.0  0.0037030530783698857  0.1272297518742301  0.0009247717797367182  0.005770217919110194  0.0013654205902828057  -0.0007073454595273463
13.814960416487423  0.0  0.004190094750184456  0.14047811328718254  0.0010511791124700864  0.005860234395480926  0.0015854665498919573  -0.0008450458455341914
13.313226541139253  -0.15  0.0037184515540258536  0.13229178681183779  0.0009200699180020355  0.00641656263610892  0.0013612871508687952  -0.000499960143763857
13.314106412174471  0.15  0.003700670476295913  0.12324052225194583  0.0009323307557508884  0.005231852006936146  0.0013742935650730092  -0.0008768417168190692
14.3089431546087  -0.3  0.005826832992238732  0.2200585296132947  0.0014509585653126975  0.009194275144125137  0.0022617857705620015  -0.00050413065853351
14.310628639473657  0.3  0.004915646474383713  0.1437558898606805  0.0012692292642779261  0.004087499655907017  0.0019525560805039618  -0.001629813454885963
