51231.92813902566    42.31784992104746     8.180770119939712     25    
51232.42813902566    49.02491586239819     7.781141894763016     25    
51232.92813902566    55.980709413929716    7.966195699990811     25    
51233.42813902566    63.089126946739455    10.625488533297922    25    
51233.92813902566    70.35447516874275     13.734760735067713    25    
51234.42813902566    77.6493232923191      14.948927645613052    25    
51234.92813902566    84.99420277634799     14.84696031075837     25    
51235.42813902566    92.26056048999847     14.715361486306925    25    
51235.92813902566    99.45494782760677     14.748326666074025    25    
51236.42813902566    106.47789413063904    14.767712969435985    25    
51236.92813902566    113.29176591338033    14.768940008195669    25    
51237.42813902566    119.84990924067833    14.753670988857959    25    
51237.92813902566    126.05971262453025    14.717475412569721    25    
51238.42813902566    131.9230712714045     14.664912960985697    25    
51238.92813902566    137.31335144517428    14.581455895900094    25    
51239.42813902566    142.25066883933346    14.446095604834609    25    
51239.92813902566    146.60960813102818    14.66379877045244     25    
51240.42813902566    150.39066818375468    15.407819924704691    25    
51240.92813902566    153.52624189937828    16.061079436153943    25    
51241.42813902566    155.98884453239737    16.318162757592635    25    
51241.92813902566    157.75089702824266    16.432552299710974    25    
51242.42813902566    158.74803490084705    16.552949832548776    25    
51242.92813902566    158.99419566460023    16.627277880391045    25    
51243.42813902566    158.420423761728      16.590542479887873    25    
51243.92813902566    157.01724710945828    16.439772397874783    25    
51244.42813902566    155.194686050584      16.41095641353936     25    
51244.92813902566    152.87718123246708    16.549066191026604    25    
51245.42813902566    150.5652755072731     16.760347937508033    25    
51245.92813902566    148.40876275271037    17.094122695348286    25    
51246.42813902566    146.60450321538303    17.365833272459316    25    
51246.92813902566    145.6183948923878     17.456216899007565    25    
51247.42813902566    145.26380535984552    17.266172616163114    25    
51247.92813902566    145.41548051022872    15.88576508550196     25    
51248.42813902566    146.10285258633266    13.01711886205821     25    
51248.92813902566    146.77575722489198    11.063995597734687    25    
51249.42813902566    147.472512095114      11.267898711310115    25    
51249.92813902566    147.80691115529442    11.736201464565962    25    
51250.42813902566    147.5350591530726     11.698437241246568    25    
51250.92813902566    146.8216938130359     11.621290342864137    25    
51251.42813902566    145.6444728482919     11.578183782259178    25    
51251.92813902566    144.11220697456434    11.581810740058863    25    
51252.42813902566    142.60209174332869    11.831514130696963    25    
51252.92813902566    141.05656886500762    12.289208412474375    25    
51253.42813902566    139.8588337715363     12.480070213718461    25    
51253.92813902566    139.0747801093613     12.32265954145519     25    
51254.42813902566    138.51242847507825    12.129585264254661    25    
51254.92813902566    138.24360129925074    11.979732321655572    25    
51255.42813902566    137.95673635587977    11.908933771913585    25    
51255.92813902566    137.36355922727       12.088073822884269    25    
51256.42813902566    136.43869961844115    12.372267412194718    25    
51256.92813902566    134.71410649787853    12.456938685085571    25    
51257.42813902566    132.26413027469195    12.394153651883501    25    
51257.92813902566    129.1055579004141     12.234966425698152    25    
51258.42813902566    125.17040034105955    11.9219302720708      25    
51258.92813902566    120.81045635279607    11.74510883402317     25    
51259.42813902566    116.07221809730757    11.922732180984685    25    
51259.92813902566    111.13857887109394    12.148927983025576    25    
51260.42813902566    106.2310442567076     12.151297234842968    25    
51260.92813902566    101.34332570108387    12.074989427108934    25    
51261.42813902566    96.70503628740293     12.084215806104353    25    
51261.92813902566    92.28009961426721     12.150488546358389    25    
51262.42813902566    88.21911955131263     12.248691668942017    25    
51262.92813902566    84.50470281105021     12.395952484365203    25    
51263.42813902566    81.26349442170407     12.487215878115439    25    
51263.92813902566    78.55989026636139     12.492254325513214    25    
51264.42813902566    76.33805827271968     12.409485664274744    25    
51264.92813902566    74.6186329733592      12.153739936048785    25    
51265.42813902566    73.33133855898767     11.831303255837003    25    
51265.92813902566    72.30361532388233     11.739475365472893    25    
51266.42813902566    71.55914905490232     11.8210996555918      25    
51266.92813902566    70.89126880973511     11.872157175567914    25    
51267.42813902566    70.29730532885209     11.889808859178155    25    
51267.92813902566    69.77384872129441     11.876219507372795    25    
51268.42813902566    69.26874489051687     11.776083159921763    25    
51268.92813902566    68.90956288605487     11.732165655307934    25    
51269.42813902566    68.77250820834607     11.927435786966301    25    
51269.92813902566    68.88185249736705     12.206298972206136    25    
51270.42813902566    69.39747985025171     12.33642207906296     25    
51270.92813902566    70.28576281923655     12.369598283934428    25    
51271.42813902566    71.52983557198445     12.32371113191785     25    
51271.92813902566    73.1659703836356      12.15813362459907     25    
51272.42813902566    74.95390300524889     12.141420902500963    25    
51272.92813902566    76.88196921804126     12.442348219429281    25    
51273.42813902566    78.80169908498527     12.750612906705616    25    
51273.92813902566    80.55384816280647     12.870848919746086    25    
51274.42813902566    82.18373592033159     12.870444471116512    25    
51274.92813902566    83.6124249010558      12.680307013242308    25    
51275.42813902566    84.87392883512808     12.321926760955181    25    
51275.92813902566    86.18559095004495     11.980829766545785    25    
51276.42813902566    87.51501861622607     11.632788521125729    25    
51276.92813902566    89.07296051079628     11.450056621473076    25    
51277.42813902566    90.92245990975618     11.5899665932948      25    
51277.92813902566    93.03464904942066     11.723569443206296    25    
51278.42813902566    95.49155223763898     11.526950844546464    25    
51278.92813902566    98.1503663813895      11.272293812262918    25    
51279.42813902566    100.78383387365345    11.37390869453705     25    
51279.92813902566    103.41324171118883    11.708721266526425    25    
51280.42813902566    105.72467801861418    12.015862935333477    25    
51280.92813902566    107.74916698090014    12.337061778076826    25    
51281.42813902566    109.32017674131147    12.412580119498179    25    
51281.92813902566    110.38162824934976    12.22142150019473     25    
51282.42813902566    110.98115748770381    11.632114891463601    25    
51282.92813902566    111.1190865718096     10.101966187673911    25    
51283.42813902566    110.8084037613653     8.048822571380073     25    
51283.92813902566    110.06933414806988    7.2105742711664735    25    
51284.42813902566    108.90462542159581    7.403880010635622     25    
51284.92813902566    107.37349170149983    7.36872660629218      25    
51285.42813902566    105.45950077822947    7.127557302099305     25    
51285.92813902566    103.28652230078704    7.013038630270536     25    
51286.42813902566    100.85215949579958    7.1094302791885875    25    
51286.92813902566    98.24754469222073     7.29015350929267      25    
51287.42813902566    95.52562988723305     7.561013261369407     25    
51287.92813902566    92.71135608797627     7.798058592186321     25    
51288.42813902566    89.89679317978741     7.737811279399966     25    
51288.92813902566    87.0681851386042      7.469892301694529     25    
51289.42813902566    84.29416232017066     7.195022568031035     25    
51289.92813902566    81.5641999442427      6.918798448070427     25    
51290.42813902566    78.94157567645703     6.388000251368284     25    
51290.92813902566    76.43068560602374     5.2703737973503015    25    
51291.42813902566    74.05745433251066     4.124646648462614     25    
51291.92813902566    71.85077741075071     3.89104656028755      25    
51292.42813902566    69.79123103733468     4.075912502172107     25    
51292.92813902566    67.86962507176486     4.018356713319947     25    
51293.42813902566    66.08481438967283     3.901170966024421     25    
51293.92813902566    64.41453892658404     3.7770556830510986    25    
51294.42813902566    62.86233760484362     3.6384946175809065    25    
51294.92813902566    61.4061591534877      3.5330043872971317    25    
51295.42813902566    60.04695892883769     3.4761234296028016    25    
51295.92813902566    58.76786974451031     3.452191271239368     25    
51296.42813902566    57.562062353689285    3.306033971571058     25    
51296.92813902566    56.421857414072385    3.3788766474486676    25    
51297.42813902566    55.33103187143276     4.2672073569392905    25    
51297.92813902566    54.29010503730471     5.34219330478145      25    
51298.42813902566    53.277251474102506    5.769901359320001     25    
51298.92813902566    52.29599448220207     5.727422019180492     25    
51299.42813902566    51.32410515373283     5.910066408477368     25    