@INSTRUMENT DECam
@BAND DECam_i
@MAGSYS AB
#Date : MJD
#Flux : 
#Fluxerr : 
#ZP : 
#end
56536.245  51.432  24.442  27.50049715930016
56543.287  395.25  11.018  27.50049715930016
56547.244  513.15  11.036  27.50049715930016
56551.235  570.79  23.181  27.50049715930016
56559.223  512.71  32.93  27.50049715930016
56563.248  453.71  10.204  27.50049715930016
56567.189  362.76  11.032  27.50049715930016
56575.168  285.97  8.8971  27.50049715930016
56579.157  280.82  16.468  27.50049715930016
56590.315  230.28  25.976  27.50049715930016
56594.123  195.29  18.891  27.50049715930016
56602.095  135.5  8.7125  27.50049715930016
56606.085  183.92  29.502  27.50049715930016
56609.087  105.58  13.078  27.50049715930016
56616.077  33.34  30.529  27.50049715930016
