54368.03969479683    130.59065419494104    19.715715773059966    25    
54368.53969479683    155.07766476446275    19.689823870436094    25    
54369.03969479683    181.21383281630793    19.83733018137218     25    
54369.53969479683    208.86272973344686    20.63737836310372     25    
54370.03969479683    237.95813197303647    21.532934137306405    25    
54370.53969479683    268.3323421689676     21.790187094082587    25    
54371.03969479683    299.9473384970646     21.763845912833236    25    
54371.53969479683    332.61028890296194    21.818098729377937    25    
54372.03969479683    366.305239220329      21.873501505410896    25    
54372.53969479683    400.8203567673683     21.91644440113686     25    
54373.03969479683    436.1556209747678     21.949261689667747    25    
54373.53969479683    472.0863325941231     21.97701686116155     25    
54374.03969479683    508.62227059231776    22.001177082511397    25    
54374.53969479683    545.5451801883836     21.958679908637396    25    
54375.03969479683    582.8713195099303     21.82815552121553     25    
54375.53969479683    620.2850527286264     22.859408457133412    25    
54376.03969479683    657.8992604754642     25.12323569450944     25    
54376.53969479683    694.3501344991856     26.494040583040302    25    
54377.03969479683    729.7168079464044     26.756499546673513    25    
54377.53969479683    762.367340734262      26.88916559582124     25    
54378.03969479683    792.1541946303028     27.0710850895059      25    
54378.53969479683    817.8760677383854     27.17254530641129     25    
54379.03969479683    838.8099101174574     27.12969277098949     25    
54379.53969479683    855.820753401206      27.162680868700527    25    
54380.03969479683    868.8115216411961     27.417550124620124    25    
54380.53969479683    878.9739367447592     27.752693879246852    25    
54381.03969479683    886.9824244024824     28.185785475869842    25    
54381.53969479683    893.4632943581677     28.502453842140994    25    
54382.03969479683    899.547336449923      28.643034969261       25    
54382.53969479683    904.8679627781058     28.21191229750501     25    
54383.03969479683    909.5962414572086     25.80618715152499     25    
54383.53969479683    913.4042274245804     22.474656580336525    25    
54384.03969479683    915.6852841037006     21.661026919230512    25    
54384.53969479683    916.401810156974      22.344911862014566    25    
54385.03969479683    914.8414128608114     22.421299133599774    25    
54385.53969479683    911.1692569147731     22.28033833657497     25    
54386.03969479683    905.5530812866258     22.130749247764747    25    
54386.53969479683    898.0333404582192     21.973736983338767    25    
54387.03969479683    889.3566054153597     22.09391027602619     25    
54387.53969479683    879.4822382042518     22.477068657198195    25    
54388.03969479683    869.1273842211087     22.64224956378668     25    
54388.53969479683    858.3044785764382     22.628097912687085    25    
54389.03969479683    847.1052951553764     21.728049961960707    25    
54389.53969479683    835.5843706058675     19.423432136806824    25    
54390.03969479683    823.4766701740905     17.828268109362522    25    
54390.53969479683    810.7708256820581     17.955737364246662    25    
54391.03969479683    797.2769408667218     18.217980885440358    25    
54391.53969479683    782.9015827656241     18.162306729485955    25    
54392.03969479683    767.7366620310463     18.033947487316112    25    
54392.53969479683    751.740852893945      17.760591976859242    25    
54393.03969479683    735.1234412903783     17.586665332665973    25    
54393.53969479683    717.9782338027634     17.795495950365986    25    
54394.03969479683    700.4355007190908     18.041253449113956    25    
54394.53969479683    682.6325411309242     18.134174255865513    25    
54395.03969479683    664.6593281392833     17.954705755962912    25    
54395.53969479683    646.6923912203084     16.928217310347048    25    
54396.03969479683    628.7873568286961     15.565318360864559    25    
54396.53969479683    611.1550683166657     15.162310060676955    25    
54397.03969479683    593.8206311458765     15.28917427597418     25    
54397.53969479683    577.0332517925106     15.255449759126268    25    
54398.03969479683    560.7703529249601     15.170310909473857    25    
54398.53969479683    545.167562332499      14.924339072973932    25    
54399.03969479683    530.2072965204235     14.552845188614       25    
54399.53969479683    515.8933381626764     14.388260526398232    25    
54400.03969479683    502.2250159628809     14.416097122799089    25    
54400.53969479683    489.21064925351163    14.420896074492376    25    
54401.03969479683    476.8567201680377     14.40172703734375     25    
54401.53969479683    465.07021053305306    14.345347604330623    25    
54402.03969479683    453.86762505598887    14.25750684202044     25    
54402.53969479683    443.05907256452895    14.052909027672246    25    
54403.03969479683    432.6400402473916     13.648558849811886    25    
54403.53969479683    422.44256745011387    13.377442718128968    25    
54404.03969479683    412.4193019820485     13.425952083901556    25    
54404.53969479683    402.5328974226358     13.451936679355661    25    
54405.03969479683    392.73216606120224    13.243842926526403    25    
54405.53969479683    383.08796433708426    13.112941567744231    25    
54406.03969479683    373.6197702832932     13.311227554592215    25    
54406.53969479683    364.3654383990552     13.547845571947132    25    
54407.03969479683    355.36919067312084    13.636396194861799    25    
54407.53969479683    346.6311250593909     13.600709259105443    25    
54408.03969479683    338.18162908298723    13.377122737664203    25    
54408.53969479683    330.0009145747734     12.956530124155814    25    
54409.03969479683    322.0706061466454     12.136990748192657    25    
54409.53969479683    314.38623929106296    11.130002731316825    25    
54410.03969479683    306.92656380732984    10.877094323727832    25    
54410.53969479683    299.68521787543       11.101281657769562    25    
54411.03969479683    292.6189948801246     10.958445567764855    25    
54411.53969479683    285.7246047325307     10.595238209631825    25    
54412.03969479683    278.9199087726401     10.47507399533575     25    
54412.53969479683    272.2091030235976     10.571253900078949    25    
54413.03969479683    265.50271930680714    10.722363474514793    25    
54413.53969479683    258.8019187043365     10.938530620890333    25    
54414.03969479683    252.08715891519506    10.987386150487378    25    
54414.53969479683    245.34498194854535    10.867561930894375    25    
54415.03969479683    238.67298039989845    10.414109958224609    25    
54415.53969479683    232.07039354794836    9.394093908687841     25    
54416.03969479683    225.62737293304394    8.630496262339452     25    
54416.53969479683    219.36255791772197    8.632040134570314     25    
54417.03969479683    213.3132013586288     8.663744063418275     25    
54417.53969479683    207.51070920972083    8.380672158461877     25    
54418.03969479683    201.91992715410174    8.154299599635886     25    
54418.53969479683    196.53500012151792    8.182857700388976     25    
54419.03969479683    191.33448267322046    8.32611287000003      25    
54419.53969479683    186.2973720380571     8.584352704955418     25    
54420.03969479683    181.42207008317513    8.792790678991041     25    
54420.53969479683    176.68958199486923    8.68932581760292      25    
54421.03969479683    172.1165116466378     8.42851864886285      25    
54421.53969479683    167.71964327448302    8.212856866590684     25    
54422.03969479683    163.50426235721196    7.9059208862558865    25    
54422.53969479683    159.49710238429995    7.087666611396567     25    
54423.03969479683    155.69592257305717    5.875850783860472     25    
54423.53969479683    152.11880398618553    5.377352413483186     25    
54424.03969479683    148.7604309674991     5.5134801436075485    25    
54424.53969479683    145.6020248076173     5.493098118885865     25    
54425.03969479683    142.64420042328086    5.383795959368058     25    
54425.53969479683    139.86361614379146    5.275074794295657     25    
54426.03969479683    137.2616024037773     5.164505577009567     25    
54426.53969479683    134.81523822051125    5.097561181423694     25    
54427.03969479683    132.52547603374435    5.080462576510179     25    
54427.53969479683    130.37007673386051    5.080062337275045     25    
54428.03969479683    128.3490070092661     5.028056807462379     25    
54428.53969479683    126.441317379924      5.334565973335083     25    
54429.03969479683    124.64538102642703    6.172831871057794     25    
54429.53969479683    122.94214585478606    6.784904524578612     25    
54430.03969479683    121.32778378131152    6.866771827338497     25    
54430.53969479683    119.78574785453081    7.084298793074201     25    