#mB  c  mBmB x1x1 cc mBx1 mBc x1c
23.07240520466239  -0.3  0.00027623966506998114  0.03359287979801904  0.0008090836808833658  0.0013505327683026123  0.00013035225617505928  0.0008059462165849538
23.073125989354093  0.3  0.0002849974253684191  0.032738038334837544  0.000775622806410003  0.0013093839486388946  0.00022347164631701164  0.0005690591255992751
23.577880899543317  0.0  0.000373593666530588  0.06442948648428172  0.0010684012654870291  0.002321865424917205  0.00016548790992910352  0.0013610068165948494
24.07788089954332  0.0  0.00059717011866919  0.1397608502272634  0.00158195188373045  0.00460398172667379  0.00011581892018261456  0.002907617863418508
24.577880899543317  0.0  0.00114314008560497  0.3267771644178186  0.002693499734004876  0.010178038282096343  -2.792598384800311e-05  0.006646213166151388
24.076403223094168  -0.15  0.0006095028656085434  0.13605957537355323  0.0015596510084409433  0.004482871397512687  3.875620839904239e-05  0.0030271249853404954
24.076800335919128  0.15  0.0005898521157575752  0.14157283429853063  0.0015976311332718044  0.004653392708640044  0.00019339889642350382  0.002721724133366552
25.072405204662395  -0.3  0.002726354511249198  0.7131843131939383  0.004927857440704666  0.02137583275298329  -0.0011520487143467837  0.015340553287928781
25.07312598935409  0.3  0.0023876403704438283  0.8176432754678931  0.0058136896272650476  0.02478813372302048  0.0004095324906950674  0.014464824015567998
