#mB  c  mBmB x1x1 cc mBx1 mBc x1c
15.593725410264234  -0.3  0.0006566767229108215  0.04739347788233058  0.00040595025367624936  0.0004159326530785103  0.0004013920817762701  0.00024343181353634157
15.594830877758769  0.3  0.0006993851809458729  0.04060687334943027  0.00042406716122950856  0.00030286603112724325  0.0004373082130073352  0.00014591841037094763
16.09941708511904  0.0  0.0007093536151711841  0.04848285570379472  0.00043173870251107116  0.0005092199134754664  0.00043964202909519567  0.0003098258947808752
16.59941708511904  0.0  0.0007920271475612013  0.06132723585298346  0.0004775662386264049  0.0009168979152494974  0.0004935686457152874  0.0006237542748191372
17.099417085119036  0.0  0.0009881166836663254  0.090657754997905  0.0005816380620258375  0.001841598192595947  0.0006191916666302023  0.0013044291911916616
16.597837243176087  -0.15  0.0008004928867549499  0.06988739085099774  0.0004911690129951509  0.0011021457950704952  0.0004992018363909917  0.0007850877521199105
16.598426855412033  0.15  0.0007880364732858483  0.05503474193836563  0.0004700775001398511  0.0007700103803538384  0.0004918191492195818  0.0004988052901655809
17.593725410264234  -0.3  0.0016544945924296603  0.2588501257861124  0.001056122438522836  0.005631008659054995  0.0010668476117909472  0.004264640917340201
17.59483087775877  0.3  0.0012945184415591984  0.10090832195298972  0.0006949715381681716  0.0024919384085731926  0.0008054694775221523  0.0016964865876036657
