#Date  :
#Flux  :
#Fluxerr  :
#ZP  :
#end  :
@INSTRUMENT  PS
@BAND  PS_z
@MAGSYS  AB
54998.6015625  19.93600082397461  18.089000701904297  27.5198
55013.6015625  -10.49899959564209  31.488000869750977  27.5198
55016.6015625  -7.98799991607666  18.323999404907227  27.5198
55034.5  13.019000053405762  20.827999114990234  27.5198
55082.30078125  33.37200164794922  20.756000518798828  27.5198
55091.30078125  -11.093999862670898  14.192999839782715  27.5198
55094.3984375  -39.029998779296875  78.23300170898438  27.5198
55097.30078125  12.192999839782715  22.895999908447266  27.5198
55388.6015625  -16.2189998626709  23.19099998474121  27.5198
55400.6015625  83.88400268554688  61.96900177001953  27.5198
55409.5  2.046999931335449  11.152999877929688  27.5198
55412.5  -24.006999969482422  12.45300006866455  27.5198
55415.6015625  -40.74800109863281  18.37299919128418  27.5198
55424.5  -21.69499969482422  17.54599952697754  27.5198
55427.5  10.821000099182129  11.677000045776367  27.5198
55436.3984375  -3.450000047683716  16.33799934387207  27.5198
55439.30078125  9.039999961853027  13.286999702453613  27.5198
55442.5  16.28499984741211  15.402000427246094  27.5198
55445.3984375  9.567999839782715  16.20400047302246  27.5198
55448.3984375  -24.02899932861328  16.990999221801758  27.5198
55451.5  21.465999603271484  17.708999633789062  27.5198
55454.3984375  -3.928999900817871  19.684999465942383  27.5198
55466.3984375  -17.940000534057617  14.255999565124512  27.5198
55475.19921875  -20.84000015258789  16.628000259399414  27.5198
55478.19921875  -16.007999420166016  11.187999725341797  27.5198
55481.19921875  20.75  20.735000610351562  27.5198
55484.19921875  -4.355000019073486  12.980999946594238  27.5198
55496.30078125  -76.8489990234375  37.25600051879883  27.5198
55499.19921875  -7.859000205993652  16.808000564575195  27.5198
55502.30078125  3.934000015258789  19.145999908447266  27.5198
55508.19921875  -5.486000061035156  21.08300018310547  27.5198
55535.19921875  -24.179000854492188  13.555999755859375  27.5198
55547.19921875  8.557000160217285  13.352999687194824  27.5198
55739.5  22.753000259399414  17.417999267578125  27.5198
55742.6015625  -16.32200050354004  10.041999816894531  27.5198
55751.6015625  -8.71399974822998  15.293000221252441  27.5198
55754.6015625  -32.862998962402344  18.295000076293945  27.5198
55763.6015625  2.697999954223633  26.465999603271484  27.5198
55769.6015625  6.257999897003174  7.460999965667725  27.5198
55775.6015625  11.84000015258789  12.125  27.5198
55793.6015625  -27.549999237060547  14.079999923706055  27.5198
55796.6015625  6.039000034332275  11.763999938964844  27.5198
55799.30078125  -1.9490000009536743  11.295000076293945  27.5198
55802.5  1.7890000343322754  16.98699951171875  27.5198
55805.30078125  -15.057000160217285  19.625  27.5198
55808.30078125  13.807999610900879  17.100000381469727  27.5198
55811.30078125  -13.09000015258789  14.923999786376953  27.5198
55823.30078125  5.7820000648498535  8.28600025177002  27.5198
55827.3984375  7.031000137329102  10.343999862670898  27.5198
55830.30078125  59.895999908447266  23.11400032043457  27.5198
55832.30078125  -19.322999954223633  25.76300048828125  27.5198
55854.30078125  23.099000930786133  14.694000244140625  27.5198
55857.19921875  8.425000190734863  10.3149995803833  27.5198
55860.19921875  6.269999980926514  16.003999710083008  27.5198
55862.19921875  -13.937999725341797  68.47899627685547  27.5198
55891.19921875  3.8380000591278076  20.086000442504883  27.5198
56137.6015625  -10.916999816894531  16.076000213623047  27.5198
56146.3984375  -8.857999801635742  13.45300006866455  27.5198
56149.6015625  2.690000057220459  16.204999923706055  27.5198
56155.5  -10.095000267028809  14.647000312805176  27.5198
56157.3984375  30.46500015258789  41.763999938964844  27.5198
56160.5  16.165000915527344  14.335000038146973  27.5198
56165.3984375  -8.368000030517578  10.579999923706055  27.5198
56203.3984375  113.43099975585938  181.38999938964844  27.5198
56205.3984375  10.779000282287598  9.66100025177002  27.5198
56208.3984375  -0.640999972820282  8.57699966430664  27.5198
56211.30078125  9.680000305175781  11.074000358581543  27.5198
56214.19921875  28.03499984741211  25.054000854492188  27.5198
56216.19921875  -28.844999313354492  19.30900001525879  27.5198
56219.30078125  14.246000289916992  16.475000381469727  27.5198
56222.19921875  -0.04600000008940697  8.4350004196167  27.5198
56229.30078125  -33.53799819946289  36.7140007019043  27.5198
56283.19921875  -5.743000030517578  21.62299919128418  27.5198
56453.5  9.38599967956543  15.906999588012695  27.5198
56456.6015625  -48.06100082397461  24.97100067138672  27.5198
56474.6015625  -2.055999994277954  9.9350004196167  27.5198
56477.5  5.954999923706055  10.005000114440918  27.5198
56480.5  8.12399959564209  15.017000198364258  27.5198
56482.5  9.321999549865723  16.214000701904297  27.5198
56485.6015625  1.5470000505447388  12.196999549865723  27.5198
56488.3984375  -16.503000259399414  11.230999946594238  27.5198
56490.5  -2.7669999599456787  9.840999603271484  27.5198
56492.5  6.385000228881836  12.022000312805176  27.5198
56506.6015625  8.555999755859375  11.916000366210938  27.5198
56511.6015625  -37.215999603271484  18.405000686645508  27.5198
56517.3984375  -19.150999069213867  16.655000686645508  27.5198
56519.6015625  2.4609999656677246  13.404000282287598  27.5198
56521.6015625  9.071999549865723  10.859000205993652  27.5198
56530.3984375  0.39899998903274536  11.178999900817871  27.5198
56536.5  9.829999923706055  11.793000221252441  27.5198
56541.30078125  -15.394000053405762  22.84000015258789  27.5198
56544.30078125  3.8519999980926514  11.805999755859375  27.5198
56549.30078125  -2.7790000438690186  11.111000061035156  27.5198
56557.5  7.7129998207092285  19.101999282836914  27.5198
56568.30078125  -16.097999572753906  94.3489990234375  27.5198
56570.30078125  6.328000068664551  13.003000259399414  27.5198
56584.30078125  5.433000087738037  15.645999908447266  27.5198
56592.30078125  22.590999603271484  14.852999687194824  27.5198
56595.19921875  81.1240005493164  11.765000343322754  27.5198
56600.30078125  153.67100524902344  19.128999710083008  27.5198
56613.30078125  224.69900512695312  19.481000900268555  27.5198
56628.19921875  133.45899963378906  19.27899932861328  27.5198
