56590.40939298629    2.463034748230582     0.644844899274059      25    
56590.90939298629    2.8694767177692806    0.6383518593561951     25    
56591.40939298629    3.307013111042271     0.636780907091906      25    
56591.90939298629    3.775695364842478     0.675493288773104      25    
56592.40939298629    4.275506590461133     0.7590760205717137     25    
56592.90939298629    4.806488113312685     0.8286823736523049     25    
56593.40939298629    5.368666206881001     0.849735635495649      25    
56593.90939298629    5.96203262035929      0.8455490952263642     25    
56594.40939298629    6.586642980695718     0.8424605515621622     25    
56594.90939298629    7.242488294145826     0.8441371138120649     25    
56595.40939298629    7.929595827263433     0.8454903631719974     25    
56595.90939298629    8.648006155066122     0.8464048887860202     25    
56596.40939298629    9.397702646436628     0.8469226417380962     25    
56596.90939298629    10.17873722351404     0.8471075878013102     25    
56597.40939298629    10.991116682482492    0.8468818706994162     25    
56597.90939298629    11.834850283553093    0.8464096477827489     25    
56598.40939298629    12.710288874547537    0.8457165034162344     25    
56598.90939298629    13.618409117414888    0.8436230197917344     25    
56599.40939298629    14.555326533385431    0.8446780874996045     25    
56599.90939298629    15.525503688406486    0.8541234205832516     25    
56600.40939298629    16.52416272356891     0.8686660397965573     25    
56600.90939298629    17.516377460000484    0.879520245551374      25    
56601.40939298629    18.512079571813       0.8849355154864891     25    
56601.90939298629    19.484690192695727    0.8885042906410879     25    
56602.40939298629    20.399400729602615    0.8926177442680738     25    
56602.90939298629    21.2698192530129      0.896652599991898      25    
56603.40939298629    22.05774755260863     0.8995088674765295     25    
56603.90939298629    22.744074609372984    0.9000688790426383     25    
56604.40939298629    23.344733409065793    0.8997223910021978     25    
56604.90939298629    23.866983490752254    0.9008855739653887     25    
56605.40939298629    24.30261233629517     0.9033536971700458     25    
56605.90939298629    24.680462469771893    0.906576957036452      25    
56606.40939298629    25.015984427336573    0.9110700072735336     25    
56606.90939298629    25.30448327381343     0.9162736960606456     25    
56607.40939298629    25.57704338210127     0.9196305848953563     25    
56607.90939298629    25.837455621020574    0.9305926948467186     25    
56608.40939298629    26.079241765032805    0.9265593627936771     25    
56608.90939298629    26.30418423638872     0.8684292723571572     25    
56609.40939298629    26.513129754997838    0.7503964692922228     25    
56609.90939298629    26.688682838424167    0.6486818741457918     25    
56610.40939298629    26.82897990621338     0.6308054363869512     25    
56610.90939298629    26.931141929841075    0.6519162103340393     25    
56611.40939298629    26.979650740697064    0.6589516213526451     25    
56611.90939298629    26.975658632540842    0.657845104339363      25    
56612.40939298629    26.923345691191376    0.6557669193061989     25    
56612.90939298629    26.821364022106085    0.6529102988591879     25    
56613.40939298629    26.67172537671682     0.6494169551681381     25    
56613.90939298629    26.48815197002116     0.6479478532168625     25    
56614.40939298629    26.268125773499975    0.6498246175823291     25    
56614.90939298629    26.01857830295125     0.6520155083352661     25    
56615.40939298629    25.74982758340189     0.6495621377171614     25    
56615.90939298629    25.458441060550275    0.6429704221905129     25    
56616.40939298629    25.147333659228597    0.646832388030755      25    
56616.90939298629    24.818630606759967    0.6728690198381403     25    
56617.40939298629    24.46998611908166     0.7045136598244944     25    
56617.90939298629    24.098860596635856    0.7202580504200954     25    
56618.40939298629    23.706008654723348    0.7220373733762159     25    
56618.90939298629    23.2898137303921      0.719773639442021      25    
56619.40939298629    22.846821597571953    0.7183663818017813     25    
56619.90939298629    22.37979017138285     0.7154563268373686     25    
56620.40939298629    21.897870867211648    0.7118145986784108     25    
56620.90939298629    21.396546319109987    0.706670234782278      25    
56621.40939298629    20.887436176753468    0.7019520420725155     25    
56621.90939298629    20.382678190666276    0.700502286919321      25    
56622.40939298629    19.877339739597033    0.7016256620624837     25    
56622.90939298629    19.388303355933562    0.7020559567553508     25    
56623.40939298629    18.919539028520152    0.7061208383495637     25    
56623.90939298629    18.469928090795772    0.7055058630340715     25    
56624.40939298629    18.04614150759326     0.6795990433048683     25    
56624.90939298629    17.647746345923427    0.6194565002880079     25    
56625.40939298629    17.271902897252584    0.5623730149761739     25    
56625.90939298629    16.917806272205176    0.5477663410248697     25    
56626.40939298629    16.58555015626836     0.5573534174022227     25    
56626.90939298629    16.272535743588534    0.562882321367163      25    
56627.40939298629    15.97956143647825     0.562539871252436      25    
56627.90939298629    15.704551202461898    0.5610893218853805     25    
56628.40939298629    15.445390808495194    0.5579283280544909     25    
56628.90939298629    15.202983905513939    0.5530361002434707     25    
56629.40939298629    14.973350795433129    0.5501684724316918     25    
56629.90939298629    14.75640820131161     0.5516298673628491     25    
56630.40939298629    14.551045844398555    0.5546245490814307     25    
56630.90939298629    14.353664515809223    0.5559465171937419     25    
56631.40939298629    14.16540223020935     0.5561945971882062     25    
56631.90939298629    13.983766664264444    0.5551423979838833     25    
56632.40939298629    13.80739398918303     0.5552120498820111     25    
56632.90939298629    13.636710128766813    0.5535725351079773     25    
56633.40939298629    13.46954530362001     0.5368790080117687     25    
56633.90939298629    13.306395360479794    0.49368661987828577    25    
56634.40939298629    13.145988747154732    0.44656695797196677    25    
56634.90939298629    12.98697252752694     0.42845147871382394    25    
56635.40939298629    12.829905081322787    0.4327139826621528     25    
56635.90939298629    12.672452130809168    0.4366871818850818     25    
56636.40939298629    12.514694259366882    0.4327064465945039     25    
56636.90939298629    12.355782918164616    0.4282079588529559     25    
56637.40939298629    12.193442704831009    0.4274036184037278     25    
56637.90939298629    12.028515559492748    0.4302774206804862     25    
56638.40939298629    11.85885382618576     0.4332695988245046     25    
56638.90939298629    11.682832562303256    0.43487121904426257    25    
56639.40939298629    11.501392274948325    0.43565751449939244    25    
56639.90939298629    11.314875302813734    0.4340092586294819     25    
56640.40939298629    11.122003269604937    0.43115186608210426    25    
56640.90939298629    10.926239392411853    0.4236902314293026     25    
56641.40939298629    10.730406735035924    0.4045468850351427     25    
56641.90939298629    10.533365153839732    0.3739713623612486     25    
56642.40939298629    10.339817381853312    0.3509262990250043     25    
56642.90939298629    10.150700679480172    0.34751954099685084    25    
56643.40939298629    9.965671784294754     0.3517784287895016     25    
56643.90939298629    9.786451971879366     0.35058261622056136    25    
56644.40939298629    9.613352704542237     0.3454817896726565     25    
56644.90939298629    9.443054440083733     0.3411341064823411     25    
56645.40939298629    9.274560166212055     0.34005313301205525    25    
56645.90939298629    9.10784054899022      0.34069153369624244    25    
56646.40939298629    8.939102816948179     0.3416331500574663     25    
56646.90939298629    8.768501098775697     0.34352801025233926    25    
56647.40939298629    8.59589219559068      0.3446509205314896     25    
56647.90939298629    8.419893981670546     0.34508180508156566    25    
56648.40939298629    8.24093519849321      0.3450351578729658     25    
56648.90939298629    8.062823063218206     0.3320487657892255     25    
56649.40939298629    7.88529344201311      0.29001984862375935    25    
56649.90939298629    7.709832706632165     0.2330470550703671     25    
56650.40939298629    7.540057076017564     0.20197675659306524    25    
56650.90939298629    7.374914004000146     0.20456065812505797    25    
56651.40939298629    7.216225866578675     0.21226010165589385    25    
56651.90939298629    7.0655450342528265    0.20973584961068478    25    
56652.40939298629    6.9218239689776695    0.20598014387635458    25    
56652.90939298629    6.784026005036262     0.2035525789165628     25    
56653.40939298629    6.6525288776803935    0.20262244931510967    25    
56653.90939298629    6.526352968623222     0.20258384580757613    25    
56654.40939298629    6.404563329998005     0.20361953084198234    25    
56654.90939298629    6.287520145448288     0.2056666597123835     25    
56655.40939298629    6.174248758180452     0.20635768473026658    25    
56655.90939298629    6.064505884339897     0.20462056646879664    25    
56656.40939298629    5.958498251073304     0.20188850843418743    25    
56656.90939298629    5.8561712467419005    0.20007567067746188    25    
56657.40939298629    5.75752433153032      0.19959486306067148    25    
56657.90939298629    5.6626270927982665    0.19579085833983456    25    
56658.40939298629    5.571540382755646     0.18291108468983605    25    
56658.90939298629    5.484212737388117     0.16464276644648174    25    
56659.40939298629    5.400569401730107     0.15350029453503175    25    
56659.90939298629    5.3207410360367815    0.15331268478294272    25    
56660.40939298629    5.244349569253451     0.1559005630420672     25    
56660.90939298629    5.171124147918046     0.15513333369338517    25    
56661.40939298629    5.101168993331714     0.15336375952885417    25    
56661.90939298629    5.033944873444099     0.1514648239428629     25    
56662.40939298629    4.9694892774017125    0.1494198020861389     25    
56662.90939298629    4.907599464136269     0.14740334280977976    25    
56663.40939298629    4.847836445275454     0.14593278311130167    25    
56663.90939298629    4.790373285999932     0.14492517419904394    25    
56664.40939298629    4.734736255734338     0.14429908331285482    25    
56664.90939298629    4.680785316138457     0.14351167623297278    25    
56665.40939298629    4.628502035308766     0.14325863402290276    25    
56665.90939298629    4.5773633303200985    0.14574268249557545    25    
56666.40939298629    4.527517347629142     0.15180189455571097    25    
56666.90939298629    4.478601386924245     0.15784966944845685    25    
56667.40939298629    4.4303099684637415    0.16030596033653619    25    
56667.90939298629    4.382758401343558     0.16083490950012222    25    
56668.40939298629    4.335407673580817     0.16498333458677417    25    