57610.03807168288    116.32564145754878    17.95535143291678     25    
57610.53807168288    140.44059404326381    17.89446231304757     25    
57611.03807168288    166.82951499703864    18.19812418465395     25    
57611.53807168288    195.49393244665043    19.793688040084554    25    
57612.03807168288    226.43466694240522    21.476375032684675    25    
57612.53807168288    259.65356687072403    21.92516905382155     25    
57613.03807168288    295.15115934734166    21.86959087554163     25    
57613.53807168288    332.92955936917684    21.968206546536994    25    
57614.03807168288    372.9890542655408     22.065986697072262    25    
57614.53807168288    415.33197199570265    22.14273753519038     25    
57615.03807168288    459.95841375069506    22.202829290786813    25    
57615.53807168288    506.87086680399335    22.24967663439457     25    
57616.03807168288    556.0692998564978     22.28791078119699     25    
57616.53807168288    607.5947683010725     22.315859605019373    25    
57617.03807168288    661.4294199269503     22.347515510702713    25    
57617.53807168288    717.4293646028528     22.73284942117473     25    
57618.03807168288    775.6744762264879     23.461420895384858    25    
57618.53807168288    833.4337056182494     24.00855224432471     25    
57619.03807168288    890.9047663122886     24.35326153421785     25    
57619.53807168288    944.5019487632703     24.661521686616137    25    
57620.03807168288    994.1831391826132     24.95374030250663     25    
57620.53807168288    1037.0257012353056    25.15238303992654     25    
57621.03807168288    1072.1327931660305    25.20843796844349     25    
57621.53807168288    1100.6669294970377    25.305256210397026    25    
57622.03807168288    1122.2816497990225    25.5063736570617      25    
57622.53807168288    1139.226687377758     25.74588334174414     25    
57623.03807168288    1152.0546653767728    26.06265027920454     25    
57623.53807168288    1162.2417757808344    26.269846610735076    25    
57624.03807168288    1171.0328135342245    26.47854579684078     25    
57624.53807168288    1178.0163289706024    26.032961525735175    25    
57625.03807168288    1183.5288275320438    23.610795514439527    25    
57625.53807168288    1186.8730774157773    20.81535334926594     25    
57626.03807168288    1187.4601976099293    20.428828888881736    25    
57626.53807168288    1185.0583916751118    20.97889911338454     25    
57627.03807168288    1178.8074884744524    20.942092010739085    25    
57627.53807168288    1169.0902519004535    20.785980635721092    25    
57628.03807168288    1156.0684296477955    20.59615289024523     25    
57628.53807168288    1140.0257251335274    20.40288113807259     25    
57629.03807168288    1121.936542439359     20.42027927193724     25    
57629.53807168288    1101.8288858590442    20.554320840323864    25    
57630.03807168288    1080.763614983327     20.443740282446527    25    
57630.53807168288    1058.6428691424787    20.184966526362086    25    
57631.03807168288    1035.9092710636235    20.33578650114963     25    
57631.53807168288    1012.5246897472695    20.829069604306678    25    
57632.03807168288    988.4929505105257     21.09266472473877     25    
57632.53807168288    963.8124264951858     21.141225222745867    25    
57633.03807168288    938.5086478548351     21.08553766903395     25    
57633.53807168288    912.5726601260488     20.923396238115142    25    
57634.03807168288    886.1141822545801     20.693724421356563    25    
57634.53807168288    859.1233176273317     20.368387712905918    25    
57635.03807168288    831.7598152845159     20.179779483476334    25    
57635.53807168288    804.0296281229059     20.23635676325212     25    
57636.03807168288    776.0799757676899     20.26516768724893     25    
57636.53807168288    747.9070855495294     20.350640702621114    25    
57637.03807168288    719.7405283988604     19.825964951635513    25    
57637.53807168288    691.6153348822545     17.78531090354533     25    
57638.03807168288    663.7899671825681     15.822732091901434    25    
57638.53807168288    636.3800593279091     15.642508879411183    25    
57639.03807168288    609.5784508278654     15.935399861523937    25    
57639.53807168288    583.5863835493095     15.87201917859696     25    
57640.03807168288    558.4351567186877     15.734905695909527    25    
57640.53807168288    534.2664761746664     15.439259734032067    25    
57641.03807168288    511.0426160057688     15.131678583477063    25    
57641.53807168288    488.7765250992808     15.103710755754216    25    
57642.03807168288    467.46739369380964    15.195576834834227    25    
57642.53807168288    447.1327252326552     15.200943460054877    25    
57643.03807168288    427.7527152198258     15.152078673881103    25    
57643.53807168288    409.2887347288551     15.047390167637921    25    
57644.03807168288    391.7241592463389     14.823567654071345    25    
57644.53807168288    374.9443392131559     13.976787797600918    25    
57645.03807168288    358.9511349597208     12.581218998134837    25    
57645.53807168288    343.618476465116      11.961918510724301    25    
57646.03807168288    328.9548280820994     12.10723811032712     25    
57646.53807168288    314.91303937744794    12.044278961360348    25    
57647.03807168288    301.4920955807653     11.769576404544457    25    
57647.53807168288    288.7442556805728     11.68465696772743     25    
57648.03807168288    276.66755284973766    11.835108773610553    25    
57648.53807168288    265.3125209925898     11.94686614803051     25    
57649.03807168288    254.69427903384087    12.003821926954107    25    
57649.53807168288    244.76089847247502    11.923690849023176    25    
57650.03807168288    235.53614347325382    11.678265475127782    25    
57650.53807168288    226.85318281152712    11.254248268042193    25    
57651.03807168288    218.69283136164458    10.493298388117704    25    
57651.53807168288    210.91570858800196    9.906508454327154     25    
57652.03807168288    203.45967890122873    9.950653050883034     25    
57652.53807168288    196.2868894914765     10.040900345539315    25    
57653.03807168288    189.33327514278542    9.79370744505046      25    
57653.53807168288    182.65951000992274    9.530133602529256     25    
57654.03807168288    176.28689398017573    9.459324705814764     25    
57654.53807168288    170.24376272030972    9.474683939108669     25    
57655.03807168288    164.57822029919663    9.56151146949225      25    
57655.53807168288    159.28148500546564    9.644494484060242     25    
57656.03807168288    154.3799403441249     9.66117059078875      25    
57656.53807168288    149.8408504932229     9.465964537867375     25    
57657.03807168288    145.61041834112166    8.336553514078611     25    
57657.53807168288    141.67991165806296    6.497473569034981     25    
57658.03807168288    137.98014863537975    5.8163478523200896    25    
57658.53807168288    134.51319884188018    6.092804432796211     25    
57659.03807168288    131.2222413509579     6.0560051791759655    25    
57659.53807168288    128.11271194581656    5.881413827350797     25    
57660.03807168288    125.16539144636715    5.819637568985219     25    
57660.53807168288    122.38136943932662    5.859054356336773     25    
57661.03807168288    119.74369599800963    5.955720562991698     25    
57661.53807168288    117.25323220252695    6.113908491931396     25    
57662.03807168288    114.89308465724486    6.142600071096631     25    
57662.53807168288    112.66380512838825    6.0200495695751775    25    
57663.03807168288    110.54953800280103    5.888161053833382     25    
57663.53807168288    108.55029465663672    5.794495683531839     25    
57664.03807168288    106.65089502402164    5.507676059293794     25    
57664.53807168288    104.84991068968205    4.823651950514836     25    
57665.03807168288    103.13587007776938    4.280110753542831     25    
57665.53807168288    101.50547400038424    4.276169265029621     25    
57666.03807168288    99.95414811076802     4.3423183748478404    25    
57666.53807168288    98.47998110294292     4.280461869455019     25    
57667.03807168288    97.07879475074445     4.202318178502112     25    
57667.53807168288    95.74836980262528     4.1193428277533135    25    
57668.03807168288    94.48514812115607     4.046645947279258     25    
57668.53807168288    93.28602830101023     4.007720939588144     25    
57669.03807168288    92.14835135103978     3.9931754781177298    25    
57669.53807168288    91.06814497009447     3.966636910880214     25    
57670.03807168288    90.04357386539972     4.0091592109109495    25    
57670.53807168288    89.06990818187374     4.300338900759942     25    
57671.03807168288    88.14600403623209     4.665944153309214     25    
57671.53807168288    87.26650630834435     4.808908786685291     25    
57672.03807168288    86.43083023553315     4.909951915538784     25    
57672.53807168288    85.6331277215025      5.244359282830894     25    