53652.187374463705    147.42131512332944    20.365547273915002    25    
53652.687374463705    174.96067147983192    20.154853678320055    25    
53653.187374463705    204.3806840884269     20.457795266029013    25    
53653.687374463705    235.53524376724877    22.665378273279153    25    
53654.187374463705    268.3602593828594     25.053416833762583    25    
53654.687374463705    302.6736693155251     25.669894556289865    25    
53655.187374463705    338.44328960059886    25.5041683683941      25    
53655.687374463705    375.45919671863305    25.56600722094442     25    
53656.187374463705    413.7130233356164     25.654133501008854    25    
53656.687374463705    452.9750745705433     25.7319933466847      25    
53657.187374463705    493.25270918188335    25.801928486815086    25    
53657.687374463705    534.3045514652265     25.86846982376478     25    
53658.187374463705    576.1455957333703     25.93210938643611     25    
53658.687374463705    618.5422138783456     26.01569291972536     25    
53659.187374463705    661.5211529775806     26.108831154936198    25    
53659.687374463705    704.7337478120428     26.370611251066954    25    
53660.187374463705    748.3502100757592     26.840466443547392    25    
53660.687374463705    790.9533078873612     27.31715419315662     25    
53661.187374463705    832.5737455900261     27.776007609616492    25    
53661.687374463705    871.612950298299      28.161634353476824    25    
53662.187374463705    907.7399745239419     28.448003497323043    25    
53662.687374463705    939.8939743375581     28.63560495457245     25    
53663.187374463705    967.0686605588605     28.6337930367591      25    
53663.687374463705    990.1472524851503     28.691736437209823    25    
53664.187374463705    1009.1623052050659    29.052986569517987    25    
53664.687374463705    1025.0588366155025    29.539761337590527    25    
53665.187374463705    1038.911172514875     30.131150155659085    25    
53665.687374463705    1051.037121511572     30.638421724811007    25    
53666.187374463705    1062.9050393128953    30.635617325461162    25    
53666.687374463705    1074.0599185061453    30.280273674346454    25    
53667.187374463705    1084.4294595719607    29.587402005435692    25    
53667.687374463705    1093.7951520456836    28.686904342646283    25    
53668.187374463705    1101.0387461504495    28.548408188757946    25    
53668.687374463705    1106.2124611439233    28.99088985166529     25    
53669.187374463705    1108.181945588394     29.120902617011485    25    
53669.687374463705    1107.0121832864836    28.98798894975982     25    
53670.187374463705    1102.9844618315017    28.850095152349265    25    
53670.687374463705    1096.0157779368687    28.692841487352876    25    
53671.187374463705    1087.1528767473585    28.78190566877199     25    
53671.687374463705    1076.387382927435     29.23767267821679     25    
53672.187374463705    1064.586164195721     29.47366369022094     25    
53672.687374463705    1051.9849923335207    29.547162156489332    25    
53673.187374463705    1038.5222365559364    28.61640120367742     25    
53673.687374463705    1024.356254148904     25.442952925696762    25    
53674.187374463705    1009.0407154922336    22.433194970695908    25    
53674.687374463705    992.4261118399531     22.131841583529987    25    
53675.187374463705    974.2883907135543     22.570030309330107    25    
53675.687374463705    954.2315411961575     22.471563684130302    25    
53676.187374463705    932.6135988654306     22.297335659905       25    
53676.687374463705    909.5439318084209     21.96585527481054     25    
53677.187374463705    885.4109361004397     21.64247753694163     25    
53677.687374463705    860.9849254132012     21.74503891351593     25    
53678.187374463705    836.367467736072      22.035720222781006    25    
53678.687374463705    812.4911361023525     22.03862674996311     25    
53679.187374463705    789.27291786022       21.861421904541935    25    
53679.687374463705    767.245021095841      21.588168429847926    25    
53680.187374463705    746.3492326256837     21.226399035045546    25    
53680.687374463705    726.704738418251      21.088242284716642    25    
53681.187374463705    708.3027006676109     21.166549942477566    25    
53681.687374463705    691.2736570231453     21.162854831556665    25    
53682.187374463705    675.6218257807828     21.070340272646156    25    
53682.687374463705    661.3563454213615     20.839995806371256    25    
53683.187374463705    648.4948503314422     20.39692956969222     25    
53683.687374463705    636.9460364147697     20.12693564949552     25    
53684.187374463705    626.707188889105      20.19916473461901     25    
53684.687374463705    617.6999889315223     20.29004267904531     25    
53685.187374463705    609.956826313255      20.299591392407603    25    
53685.687374463705    603.2418991777259     20.242074503737125    25    
53686.187374463705    597.5195361202365     20.162619029887598    25    
53686.687374463705    592.4828131538535     19.86044522404707     25    
53687.187374463705    587.8993004098028     18.905135022227647    25    
53687.687374463705    583.5916288423963     17.860792156707927    25    
53688.187374463705    579.194803350662      17.68239887972084     25    
53688.687374463705    574.7178280532984     17.866938498330082    25    
53689.187374463705    569.9148969667219     17.74471589305992     25    
53689.687374463705    564.8561522749527     17.57610755894405     25    
53690.187374463705    559.571209535715      17.806896271388535    25    
53690.687374463705    554.0635194215107     18.269769294100204    25    
53691.187374463705    548.3799960061084     18.462156613040985    25    
53691.687374463705    542.5167075615606     18.446643339529295    25    
53692.187374463705    536.4975370091597     18.175081129186708    25    
53692.687374463705    530.3216986262584     17.622398487279852    25    
53693.187374463705    523.9788565600975     17.555783178776213    25    
53693.687374463705    517.4696818022238     18.07937276650233     25    
53694.187374463705    510.78478056601415    18.487751156419222    25    
53694.687374463705    503.9274999663803     18.725417790998353    25    
53695.187374463705    496.8702461233143     18.68428347649005     25    
53695.687374463705    489.61721229591086    18.172099613223132    25    
53696.187374463705    482.1190013163757     17.797256078667186    25    
53696.687374463705    474.3657861874899     17.905444654292666    25    
53697.187374463705    466.3186928988162     18.147834167565005    25    
53697.687374463705    457.94559684306324    18.482965904630746    25    
53698.187374463705    449.25562497938137    18.66139908291896     25    
53698.687374463705    440.22515068414276    18.54258764060533     25    
53699.187374463705    430.9039751612917     17.83167935597831     25    
53699.687374463705    421.342965391291      15.259548712865707    25    
53700.187374463705    411.56169313690793    11.468610950393632    25    
53700.687374463705    401.6242384586658     10.071862188618423    25    
53701.187374463705    391.5477679093801     10.457236227156741    25    
53701.687374463705    381.42993751259826    10.24355633393883     25    
53702.187374463705    371.28191604238873    9.886094901711651     25    
53702.687374463705    361.2747879012837     9.843401731493307     25    
53703.187374463705    351.4005150853616     10.071301744576242    25    
53703.687374463705    341.8471061134613     10.384112635912599    25    
53704.187374463705    332.60511333789407    10.792152568520407    25    
53704.687374463705    323.7897601960862     10.84090322211907     25    
53705.187374463705    315.41348496901117    10.472629711965503    25    
53705.687374463705    307.4252858252261     10.023519516654641    25    
53706.187374463705    299.82867211972274    9.542397457075797     25    
53706.687374463705    292.57235639027175    8.952480459344232     25    
53707.187374463705    285.64972800438636    8.120525314556138     25    
53707.687374463705    279.0262227692908     7.462763581763283     25    
53708.187374463705    272.6873299926407     7.379504934580471     25    
53708.687374463705    266.62122923257317    7.414312038003757     25    
53709.187374463705    260.8185629793194     7.283258250011796     25    
53709.687374463705    255.2693059832917     7.133194181701613     25    
53710.187374463705    249.96223256024132    6.996481657002301     25    
53710.687374463705    244.8902860292319     6.8884102262768305    25    
53711.187374463705    240.03881692111656    6.86248807604871      25    
53711.687374463705    235.40387208483534    6.894394252889667     25    
53712.187374463705    230.9680526925442     6.856718209895583     25    
53712.687374463705    226.72980078070069    6.92502507273821      25    
53713.187374463705    222.66967650512237    7.800391193764014     25    
53713.687374463705    218.78780874742645    9.03619380751093      25    
53714.187374463705    215.06342498944966    9.547355647603275     25    
53714.687374463705    211.49763261561122    9.589885502615505     25    
53715.187374463705    208.06903477612457    10.106297829320058    25    