#Date  :
#Flux  :
#Fluxerr  :
#ZP  :
#end  :
@INSTRUMENT  CNIa02
@BAND  SDSS_g
@MAGSYS  AB
58417.481929999776  0.0  1836.5383433483473  25.0
58444.40954999998  0.0  1555.965631605075  25.0
58455.64451000001  0.0  1000.0  25.0
58457.636580000166  0.0  380.1893963205613  25.0
58458.66257999977  0.0  731.139083483418  25.0
58459.5796500002  0.0  519.9959965335157  25.0
58460.548529999796  0.0  570.1642722807478  25.0
58462.54956000019  0.0  575.4399373371566  25.0
58463.08449999988  6426.877173170194  177.58117887987595  25.0
58464.32718000002  6668.067692136226  184.245519202333  25.0
58466.33646999998  5395.1062251512785  198.7630587047993  25.0
58469.48241000017  0.0  691.8309709189376  25.0
58470.59064000007  0.0  432.5138310350088  25.0
58472.33542999998  4528.975799036213  291.9938605165491  25.0
58473.37773999991  3372.8730865886923  372.7837099044336  25.0
58474.413769999985  0.0  4875.2849010338705  25.0
58475.4604199999  0.0  1458.814260275349  25.0
58476.504149999935  0.0  1096.4781961431872  25.0
58482.08061000006  2249.0546058357804  165.71646747789543  25.0
58484.52479000017  0.0  751.6228940182068  25.0
58487.41496999981  1659.586907437563  137.56824264823967  25.0
58488.41620999994  1513.5612484362073  111.52331417452292  25.0
58491.42806999991  1037.5284158180127  114.67187826242512  25.0
58493.57206000015  0.0  809.0958991783822  25.0
58495.59237999981  0.0  809.0958991783822  25.0
58498.3927699998  0.0  831.7637711026717  25.0
58500.29090999998  0.0  765.5966069112569  25.0
58501.478629999794  0.0  424.619563946313  25.0
58501.988340000156  0.0  1224.6161992650477  25.0
58503.27052999986  0.0  1753.8805018417602  25.0
58508.37608999992  0.0  1905.4607179632462  25.0
58508.56713999994  0.0  990.8319448927665  25.0
58509.34683000017  0.0  809.0958991783822  25.0
58510.39064999996  0.0  704.6930689671482  25.0
58511.41270999983  772.6805850957021  120.9830701873344  25.0
58512.37535999995  0.0  505.8246620031148  25.0
58513.24468  972.7472237769641  125.43066237529263  25.0
58514.26697999984  580.7644175213123  106.98075922519061  25.0
58516.99513000017  0.0  452.89757990362136  25.0
58518.92033000011  549.5408738576253  96.16771143350175  25.0
58519.17529999977  642.6877173170194  100.62933469859638  25.0
58519.55633000005  0.0  879.0225168308842  25.0
58520.24408000009  0.0  394.4573020752781  25.0
58522.25025000004  0.0  515.2286445817572  25.0
58527.46462000022  0.0  990.8319448927665  25.0
58529.17163999984  0.0  1086.4256236170656  25.0
58530.010660000145  0.0  515.2286445817572  25.0
58530.479259999935  0.0  660.6934480075964  25.0
58531.24770999979  0.0  1485.9356422870076  25.0
58536.218739999924  0.0  1472.3125024327223  25.0
58537.005200000014  0.0  1086.4256236170656  25.0
58537.23719999986  0.0  1721.8685749860078  25.0
58538.024689999875  0.0  1106.6237839776663  25.0
58538.98235999979  0.0  591.5616341754743  25.0
58539.42748000007  0.0  1445.4397707459266  25.0
58542.03721000021  0.0  529.6634438916575  25.0
58543.308980000205  0.0  501.18723362727246  25.0
58544.11361999996  0.0  524.8074602497734  25.0
58544.38053999981  0.0  602.5595860743575  25.0
58544.961769999936  440.55486350655343  85.21086515321736  25.0
58545.111940000206  0.0  515.2286445817572  25.0
58545.9552000002  0.0  401.79081084894085  25.0
58546.11183999991  0.0  524.8074602497734  25.0
