#Date  :
#Flux  :
#Fluxerr  :
#ZP  :
#end  :
@INSTRUMENT  SDSS
@BAND  SDSS_g
@MAGSYS  AB
53989.38763  24.09  1.54  23.897
53995.42668  70.58  1.275  23.897
54000.363953  88.95  1.667  23.897
54007.414112  80.97  1.669  23.897
54009.338182  73.17  1.254  23.897
54011.402363  60.41  0.8448  23.897
54021.406716  31.27  1.641  23.897
54025.401531  17.18  0.7701  23.897
54029.33199  13.51  0.6935  23.897
54031.319035  11.41  0.595  23.897
54036.323747  11.01  0.7827  23.897
54039.321595  6.707  0.7742  23.897
54041.292267  5.366  1.131  23.897
54048.315884  6.176  0.9283  23.897
54052.319984  6.31  1.094  23.897
54055.315843  4.8  0.6825  23.897
54058.314463  4.333  0.7244  23.897
54060.336022  5.709  0.767  23.897
54063.304438  4.214  0.6179  23.897
