#mB  c  mBmB x1x1 cc mBx1 mBc x1c
13.409803975341369  -0.3  0.0008180629649842359  0.018305066988927792  0.0003052435256518669  0.003283129782211179  0.00040575642067203986  0.0014224313678575917
13.40984463711611  0.3  0.0008579613083256359  0.018302944211885934  0.0003283139346741534  0.003325974074645249  0.00044046375776463884  0.0014766937695534811
13.9148977334246  0.0  0.0008515570879057314  0.01860562661789272  0.0003210029639072919  0.0033628361275014973  0.0004299965095483213  0.0014765807701164466
14.4148977334246  0.0  0.0008819141925011647  0.019329674519404164  0.0003298141789063816  0.0034946039239377113  0.0004444603193836675  0.0015325048731883889
14.914897733424597  0.0  0.0009518622798710828  0.02095808262604571  0.0003502141437484679  0.003795353466848384  0.0004779257701411223  0.0016619523057479877
14.413600699184682  -0.15  0.0008728523564601814  0.019436379403413008  0.00032346076110296507  0.003497883499159387  0.0004346926271075781  0.001520359279920516
14.413657486582528  0.15  0.0008924851830401935  0.019273725248565358  0.0003364518887780498  0.0034987044812900205  0.00045457251100741237  0.0015459283665235698
15.409803975341367  -0.3  0.0011163292168958428  0.026226101932811614  0.00038248800335700337  0.00469226333593862  0.0005298617682325474  0.001976722515181511
15.40984463711611  0.3  0.0011270545235317446  0.02358640576271019  0.0004160188895176913  0.004361395117234039  0.0005832670943549513  0.0019587191481460777
