#Date  :
#Flux  :
#Fluxerr  :
#ZP  :
#end  :
@INSTRUMENT  SDSS
@BAND  SDSS_i
@MAGSYS  AB
53622.435467  0.2948  1.204  23.908679999999997
53627.39277  -0.8885  1.179  23.908679999999997
53634.385751  -4.097  1.915  23.908679999999997
53638.427366  1.211  1.266  23.908679999999997
53640.391451  0.2196  1.308  23.908679999999997
53646.453031  -3.726  1.819  23.908679999999997
53655.364458  0.07236  1.309  23.908679999999997
53657.272267  0.783  2.879  23.908679999999997
53663.454292  -0.4465  1.841  23.908679999999997
53664.389443  1.305  1.827  23.908679999999997
53665.454217  1.596  1.686  23.908679999999997
53668.442508  3.404  1.908  23.908679999999997
53669.348588  2.528  1.662  23.908679999999997
53670.448526  4.499  1.623  23.908679999999997
53671.433295  4.199  1.388  23.908679999999997
53674.333054  3.498  1.397  23.908679999999997
53676.422473  4.087  1.398  23.908679999999997
53679.394279  3.276  1.632  23.908679999999997
53681.385727  4.829  1.188  23.908679999999997
53687.288541  4.381  2.325  23.908679999999997
53697.342349  1.926  1.437  23.908679999999997
53700.341121  4.212  1.633  23.908679999999997
53705.327756  1.191  1.485  23.908679999999997
