54018.6945180964    10.10788612307418     3.338944433511733     25    
54019.1945180964    11.801245156468143    3.2140500117956963    25    
54019.6945180964    13.579393674999654    3.364547144448856     25    
54020.1945180964    15.421968332783717    4.674879237628838     25    
54020.6945180964    17.331702805140452    6.229420478282772     25    
54021.1945180964    19.282153631453607    6.92223477322303      25    
54021.6945180964    21.277759885077675    6.940254743703624     25    
54022.1945180964    23.294747424058993    6.876670631838944     25    
54022.6945180964    25.330511286392472    6.900991722756309     25    
54023.1945180964    27.371881713775377    6.9100608773757735    25    
54023.6945180964    29.402903380665908    6.899165388965789     25    
54024.1945180964    31.423274931983975    6.871425870268043     25    
54024.6945180964    33.4078825394791      6.831730685864039     25    
54025.1945180964    35.361541042174416    6.776872405830521     25    
54025.6945180964    37.25859906824672     6.7461659790246395    25    
54026.1945180964    39.10263438513315     6.836338706876797     25    
54026.6945180964    40.867884785937484    6.749205178433361     25    
54027.1945180964    42.55485455042504     6.024389543345142     25    
54027.6945180964    44.12911191994421     5.015315856745758     25    
54028.1945180964    45.51194470164474     4.877667952630835     25    
54028.6945180964    46.71604479469666     5.445857627668781     25    
54029.1945180964    47.615535472763874    5.84032535814044      25    
54029.6945180964    48.2206998431277      6.04984294121376      25    
54030.1945180964    48.45969806472974     6.178579082353704     25    
54030.6945180964    48.24604256930407     6.1385125029686165    25    
54031.1945180964    47.69875516521602     6.14053090316142      25    
54031.6945180964    46.90291597816715     6.508661599965072     25    
54032.1945180964    45.87243318332107     7.0729657003249065    25    
54032.6945180964    44.87356026000068     7.621722402835471     25    
54033.1945180964    43.86238703172642     8.226245937861009     25    
54033.6945180964    43.059589608780826    8.42443104298003      25    
54034.1945180964    42.5509853593929      8.008771145449014     25    
54034.6945180964    42.25154183018913     7.273333242410431     25    
54035.1945180964    42.170880315173726    6.266794954015187     25    
54035.6945180964    42.25178209793872     4.981408516253724     25    
54036.1945180964    42.31481178319693     4.347483067464357     25    
54036.6945180964    42.39306059722072     4.507414181916837     25    
54037.1945180964    42.30542262951827     4.690437596322085     25    
54037.6945180964    42.02174719689631     4.791853175278894     25    
54038.1945180964    41.58220675319379     4.948523337188121     25    
54038.6945180964    40.960855994243936    5.145492439716859     25    
54039.1945180964    40.220859627234056    5.424847364381757     25    
54039.6945180964    39.46109283872599     5.949501232662805     25    
54040.1945180964    38.666362976070445    6.586220143076923     25    
54040.6945180964    37.95894410440656     6.781591821163424     25    
54041.1945180964    37.34315357819625     6.5053767412587735    25    
54041.6945180964    36.790750258383035    6.146606793492904     25    
54042.1945180964    36.32464016823442     5.779908719415783     25    
54042.6945180964    35.87755214491709     5.489422955349248     25    
54043.1945180964    35.385878970273914    5.567755607922174     25    
54043.6945180964    34.85173529334642     5.852634818909006     25    
54044.1945180964    34.174950208562656    5.99769864797667      25    
54044.6945180964    33.364395715639546    6.041931074282295     25    
54045.1945180964    32.43524541500067     6.029647610665395     25    
54045.6945180964    31.366506807443468    5.889558959978621     25    
54046.1945180964    30.22852168460546     5.854256120915959     25    
54046.6945180964    29.058381868700476    6.209808199152356     25    
54047.1945180964    27.868855659575797    6.6679250157561505    25    
54047.6945180964    26.73778327204906     6.849000019709775     25    
54048.1945180964    25.6508108745057      6.846725426801694     25    
54048.6945180964    24.65591045315766     6.7240994348837315    25    
54049.1945180964    23.753565240451902    6.404492064978449     25    
54049.6945180964    22.95388878530809     6.193489410202079     25    
54050.1945180964    22.26175776800097     6.386108732197293     25    
54050.6945180964    21.681922070080933    6.650179912863637     25    
54051.1945180964    21.232066487629535    6.662232748822272     25    
54051.6945180964    20.904230488127812    6.514019343087661     25    
54052.1945180964    20.67779708077048     6.146293348733243     25    
54052.6945180964    20.561746545614337    5.4487434050071135    25    
54053.1945180964    20.49813964328585     4.879250866663806     25    
54053.6945180964    20.483804443947573    4.751178870993623     25    
54054.1945180964    20.487214676775864    4.796318290755695     25    
54054.6945180964    20.46366235138377     4.857807794599911     25    
54055.1945180964    20.43089716941137     4.95328350741707      25    
54055.6945180964    20.38627778808494     4.910768410125563     25    
54056.1945180964    20.326905627657247    4.74231115610044      25    
54056.6945180964    20.32666541720137     4.664570240290105     25    
54057.1945180964    20.379853116209592    4.7370147713409825    25    
54057.6945180964    20.538140034406425    4.8474351660926915    25    
54058.1945180964    20.843719522784223    4.976035097726719     25    
54058.6945180964    21.278317664712798    5.082025552405192     25    
54059.1945180964    21.856258459371816    5.013703059470644     25    
54059.6945180964    22.56928473963994     4.819341473939786     25    
54060.1945180964    23.335363675413806    4.814007186312257     25    
54060.6945180964    24.167329294462025    5.060888322705948     25    
54061.1945180964    24.99351502022315     5.219402650640458     25    
54061.6945180964    25.785608626574025    5.166881762053132     25    
54062.1945180964    26.546963352470197    4.996083968967618     25    
54062.6945180964    27.247260658287164    4.5855061008083045    25    
54063.1945180964    27.906219984671356    4.0630309730532055    25    
54063.6945180964    28.57675500370531     4.44437873089805      25    
54064.1945180964    29.24863828125846     5.572896629147727     25    
54064.6945180964    29.978921402733967    6.301662556223145     25    
54065.1945180964    30.7824879927423      6.515282359353315     25    
54065.6945180964    31.64875796715904     6.6021834033898115    25    
54066.1945180964    32.59819058082241     6.641603209709713     25    
54066.6945180964    33.595844432711054    6.715525354154374     25    
54067.1945180964    34.56858517763178     7.222278212862788     25    
54067.6945180964    35.52967676624869     8.01801130615751      25    
54068.1945180964    36.38682731166369     8.585743960518675     25    
54068.6945180964    37.141957169801096    8.98914892366182      25    
54069.1945180964    37.759678035215565    9.053176148187145     25    
54069.6945180964    38.20926197239839     8.546758316406876     25    
54070.1945180964    38.51133430501398     7.6596869136862535    25    
54070.6945180964    38.67370468166848     6.51218462721276      25    
54071.1945180964    38.696322244205696    4.932064302684868     25    
54071.6945180964    38.597166199637606    3.821137561304242     25    
54072.1945180964    38.37278242531731     3.7323344868005726    25    
54072.6945180964    38.04181843148853     3.892030458437847     25    
54073.1945180964    37.604558591155524    3.9976274448807247    25    
54073.6945180964    37.07466164005069     4.269548522366656     25    
54074.1945180964    36.46579308488412     4.791255642640768     25    
54074.6945180964    35.77897252003833     5.399714719902178     25    
54075.1945180964    35.0370097185717      5.872514798228775     25    
54075.6945180964    34.235449761261314    6.280552428942315     25    
54076.1945180964    33.39968498650047     6.360191336003918     25    
54076.6945180964    32.52739266537916     5.9993594108727235    25    
54077.1945180964    31.63905864171318     5.441943006211784     25    
54077.6945180964    30.745232064955356    4.775683513712706     25    
54078.1945180964    29.852008818357813    3.9736828756484743    25    
54078.6945180964    28.98429463951782     3.2926793266062977    25    
54079.1945180964    28.137548244504863    2.7317882954709507    25    
54079.6945180964    27.33252427814708     2.3808331892301546    25    
54080.1945180964    26.570397917972702    2.3997601620093865    25    
54080.6945180964    25.847569624033223    2.4993386760328615    25    
54081.1945180964    25.16476329428042     2.5508997056279212    25    
54081.6945180964    24.5195903212841      2.6057425049792515    25    
54082.1945180964    23.909428263901752    2.6359650534548003    25    
54082.6945180964    23.33443137535037     2.650756532770755     25    
54083.1945180964    22.79079100694548     2.651288903078724     25    
54083.6945180964    22.279219812794853    2.639732751881964     25    
54084.1945180964    21.795996736510663    2.5945532767072876    25    
54084.6945180964    21.34110084671671     2.4912707290142877    25    
54085.1945180964    20.91214575608671     2.379416981742906     25    
54085.6945180964    20.50721969021496     2.2488136857707426    25    
54086.1945180964    20.125909222582795    2.1789144939861487    25    
54086.6945180964    19.764721556388718    2.3108837118183883    25    
54087.1945180964    19.424305321710214    2.5814149687580352    25    
54087.6945180964    19.100751658337046    3.6242697603453102    25    