#Date  :
#Flux  :
#Fluxerr  :
#ZP  :
#end  :
@INSTRUMENT  SDSS
@BAND  SDSS_z
@MAGSYS  AB
54346.192283  12.15  4.236  23.909419999999997
54356.233048  25.37  5.602  23.909419999999997
54358.177927  12.38  4.886  23.909419999999997
54359.122142  7.013  5.026  23.909419999999997
54366.17019  12.44  5.273  23.909419999999997
54373.2093  8.642  4.646  23.909419999999997
54381.221429  4.951  5.749  23.909419999999997
54382.218666  9.415  5.973  23.909419999999997
54383.224537  21.98  6.08  23.909419999999997
54386.221129  4.712  3.81  23.909419999999997
54388.225053  12.48  4.754  23.909419999999997
54393.210499  3.242  3.857  23.909419999999997
54396.140491  6.367  7.383  23.909419999999997
54403.137815  0.8529  4.171  23.909419999999997
54406.131266  2.109  4.942  23.909419999999997
54412.133741  5.126  4.608  23.909419999999997
54415.170837  6.537  4.208  23.909419999999997
54416.129069  -0.06915  4.597  23.909419999999997
54421.13436  0.1126  5.569  23.909419999999997
54423.126106  2.22  6.669  23.909419999999997
54425.126566  -5.701  5.088  23.909419999999997
54431.13739  6.828  6.11  23.909419999999997
54433.132614  -7.211  5.977  23.909419999999997
