@INSTRUMENT DECam
@BAND DECam_i
@MAGSYS AB
#Date : MJD
#Flux : 
#Fluxerr : 
#ZP : 
#end
57329.173  7.57  7.8724  27.50049715930016
57339.122  -1.815  9.8037  27.50049715930016
57345.231  41.381  10.845  27.50049715930016
57355.214  73.146  9.2385  27.50049715930016
57365.112  81.727  5.2985  27.50049715930016
57372.104  89.049  7.2373  27.50049715930016
57385.069  54.039  6.2179  27.50049715930016
57389.113  50.929  8.3203  27.50049715930016
57396.101  17.66  8.373  27.50049715930016
57403.101  34.87  9.6218  27.50049715930016
