#Date  :
#Flux  :
#Fluxerr  :
#ZP  :
#end  :
@INSTRUMENT  CNIa02
@BAND  Bessell12_V
@MAGSYS  Linear_AB11_off
58083.41220000014  13740.419750125177  341.6956454288611  25.0
58075.59223000007  4570.881896148751  252.59626837971402  25.0
58079.63377000019  10280.162981264724  284.0514004081631  25.0
58090.538000000175  12589.254117941688  579.7565772729332  25.0
58090.611789999995  14723.125024327193  406.81497843627574  25.0
58094.52933999989  10280.162981264724  568.1028008163262  25.0
58096.61995999981  7585.775750291836  349.3378832254645  25.0
58109.586649999954  3076.0968147407048  198.32329076475517  25.0
58110.59578000009  3019.9517204020162  194.70348276125287  25.0
58113.48386000004  2779.7132677592886  179.21473732644617  25.0
58115.56215000013  2398.83291901949  176.75254143590345  25.0
58117.532600000035  1659.586907437563  244.56576470798166  25.0
58119.46492999978  0.0  2051.162178825569  25.0
58119.544269999955  1995.262314968881  367.5409010417707  25.0
58120.499419999775  0.0  1853.5316234148142  25.0
58158.57926000003  1047.1285480509007  173.5993861322803  25.0
58161.526870000176  0.0  586.1381645140297  25.0
58170.45771999983  0.0  619.4410750767818  25.0
58170.48001000006  570.1642722807478  110.27954732764947  25.0
58076.49929999979  5415.019189534895  89.77350574077562  25.0
58077.50219999999  6835.967668381047  119.62701909447682  25.0
58079.486599999946  9332.543007969924  154.72061574983718  25.0
58079.53890000004  9298.223905853807  154.15165264869182  25.0
58081.501199999824  11945.380829338874  198.0378419583242  25.0
58084.501000000164  14216.73931308004  235.6938144936701  25.0
58086.53429999994  14777.46706171993  272.21100294596306  25.0
58089.52930000005  12846.948998311942  224.81706872829622  25.0
58094.5288999998  9808.441360309062  171.64425854790977  25.0
58096.53379999986  8002.026771193327  140.03264143271835  25.0
58098.53370000003  6680.362046792463  116.90397569111417  25.0
58102.53929999983  4866.312560731992  85.15875057674847  25.0
58104.52920000022  4479.19531254284  82.5098268414771  25.0
58106.52909999993  3784.4258471709354  66.22611531285462  25.0
58111.46350000007  2878.723810835251  98.1018966975972  25.0
58114.52879999997  2350.715115938295  45.466861303840346  25.0
58116.5288999998  2246.9841036401604  57.947367533368606  25.0
58118.487900000066  2051.162178825569  45.34056437988361  25.0
58120.487999999896  1884.5167417215537  52.07112188339841  25.0
58123.48559999978  1753.8805018417602  45.230741902083906  25.0
58126.48460000008  1598.0854594730924  35.32538646031532  25.0
58130.48400000017  1458.814260275349  33.5904396912937  25.0
58132.4841  1330.45441797809  26.958663685527906  25.0
58135.47910000011  1197.843277825857  26.478106322324447  25.0
58145.424099999946  885.5233145028539  62.800977730447386  25.0
58147.45039999997  862.9785477669702  48.48478956734872  25.0
58158.5055999998  662.5215359025835  14.034712353566547  25.0
58163.457899999805  580.7644175213123  12.30278731089692  25.0
58198.22369999997  265.70516703550726  13.704516151029567  25.0
