53761.42517326835    0.28700211581443363    0.06790631236393661     25    
53761.92517326835    0.31674176326992476    0.0674047390057956      25    
53762.42517326835    0.34783751191816914    0.06647587985336119     25    
53762.92517326835    0.3802260078369317     0.0666570021698821      25    
53763.42517326835    0.4138454948054246     0.06944813372115329     25    
53763.92517326835    0.44873376318484604    0.0760134513554152      25    
53764.42517326835    0.48488774782796573    0.08402283454734984     25    
53764.92517326835    0.5222440948125483     0.0908603475300083      25    
53765.42517326835    0.5607458410221471     0.0946851242520437      25    
53765.92517326835    0.6004440149156635     0.09577651475939639     25    
53766.42517326835    0.6413175201438217     0.09547217747242716     25    
53766.92517326835    0.6833030027843885     0.09484366315487906     25    
53767.42517326835    0.7263514882281507     0.0948329506883097      25    
53767.92517326835    0.7705208522259247     0.09501638758691155     25    
53768.42517326835    0.815775162629285      0.09519315429510676     25    
53768.92517326835    0.8620510655159993     0.09536001091165314     25    
53769.42517326835    0.9093107701869827     0.09551412977866545     25    
53769.92517326835    0.9576126088791767     0.09565691911844433     25    
53770.42517326835    1.0069090090479031     0.09579166765431057     25    
53770.92517326835    1.0571366167709295     0.09592155727883125     25    
53771.42517326835    1.1082720206621905     0.09604525258262098     25    
53771.92517326835    1.16036761863897       0.09615823971958745     25    
53772.42517326835    1.2133673931632265     0.09627361181760027     25    
53772.92517326835    1.2672079903127262     0.09640533960689002     25    
53773.42517326835    1.32192912759782       0.09675819029833148     25    
53773.92517326835    1.37758041606534       0.09736410448866904     25    
53774.42517326835    1.4339745219021132     0.09767700729122102     25    
53774.92517326835    1.490919824470532      0.09714592931581582     25    
53775.42517326835    1.5488636681913768     0.09508306853123047     25    
53775.92517326835    1.607735787650325      0.09186598347720079     25    
53776.42517326835    1.6664724708654846     0.08865269400529842     25    
53776.92517326835    1.72403265696542       0.08675085491837611     25    
53777.42517326835    1.7812088429876145     0.08662765830168156     25    
53777.92517326835    1.837856153054132      0.08751770433103255     25    
53778.42517326835    1.8925472563240113     0.08868287955525235     25    
53778.92517326835    1.9439711130757216     0.08944296748113068     25    
53779.42517326835    1.9931338914708148     0.08997331207193561     25    
53779.92517326835    2.0397263034134134     0.0904590520899063      25    
53780.42517326835    2.082514711701712      0.09087128115140727     25    
53780.92517326835    2.1203788663235446     0.09117290395662016     25    
53781.42517326835    2.1536316712531507     0.09131025112805602     25    
53781.92517326835    2.182726795439854      0.09137593368990858     25    
53782.42517326835    2.207954202718514      0.09148886428936867     25    
53782.92517326835    2.2293793962788793     0.09174773683363435     25    
53783.42517326835    2.246423525348062      0.09210698131138811     25    
53783.92517326835    2.259905262676155      0.09252045790143795     25    
53784.42517326835    2.2708314428772653     0.09295183732644416     25    
53784.92517326835    2.279629790675477      0.09341799270058328     25    
53785.42517326835    2.2854714777933243     0.09398472313996578     25    
53785.92517326835    2.289155233885178      0.09450205497274809     25    
53786.42517326835    2.291606647799797      0.09480961936585126     25    
53786.92517326835    2.293213225900251      0.09504098335063084     25    
53787.42517326835    2.2934383941580694     0.09535034670793341     25    
53787.92517326835    2.2924148932333503     0.09514540251499524     25    
53788.42517326835    2.2902972277609117     0.0938061169178825      25    
53788.92517326835    2.287238891279912      0.09037052784129852     25    
53789.42517326835    2.28313131743085       0.08514365136058698     25    
53789.92517326835    2.277720086055711      0.0796959517042397      25    
53790.42517326835    2.2707537081844356     0.07600144762922793     25    
53790.92517326835    2.262343808212097      0.07499099168979337     25    
53791.42517326835    2.252514610251123      0.07556340935269876     25    
53791.92517326835    2.2410493122093937     0.07655235595402875     25    
53792.42517326835    2.2277320690703912     0.07685618853538555     25    
53792.92517326835    2.2124801837499737     0.0766518551450833      25    
53793.42517326835    2.1954794049305124     0.07632382753031428     25    
53793.92517326835    2.17694774178391       0.07595410158088366     25    
53794.42517326835    2.1570409615598876     0.07560788744888153     25    
53794.92517326835    2.1354253079137955     0.07519431126992143     25    
53795.42517326835    2.1123960109057447     0.0747777509208756      25    
53795.92517326835    2.088430619548677      0.07447478755277963     25    
53796.42517326835    2.0638442331482256     0.074414566243579       25    
53796.92517326835    2.0382042613930347     0.07464405626733764     25    
53797.42517326835    2.0118262192371428     0.07495861573697409     25    
53797.92517326835    1.9851630972768963     0.0751330289706589      25    
53798.42517326835    1.9584938290337162     0.0751445919453606      25    
53798.92517326835    1.931534676992707      0.07528883757642497     25    
53799.42517326835    1.9043554336479298     0.07507819484977706     25    
53799.92517326835    1.8770654623979168     0.0739554180587773      25    
53800.42517326835    1.8497592810861956     0.07111083844085003     25    
53800.92517326835    1.8223912032673075     0.06646387975906169     25    
53801.42517326835    1.794840773108246      0.061294884228274685    25    
53801.92517326835    1.7669869264394045     0.057313212011057       25    
53802.42517326835    1.7388427886946747     0.05578122672960394     25    
53802.92517326835    1.7104613229198313     0.05584937944961683     25    
53803.42517326835    1.6817300253197935     0.05649960761359561     25    
53803.92517326835    1.6525360656713155     0.0567096619305664      25    
53804.42517326835    1.6228395164345242     0.05643181567746206     25    
53804.92517326835    1.592708232938804      0.05608641790216749     25    
53805.42517326835    1.562206603025963      0.05567160133704488     25    
53805.92517326835    1.5313910849890346     0.05517989734061557     25    
53806.42517326835    1.5001391213750561     0.05450684978259541     25    
53806.92517326835    1.468535383713704      0.05374363051336037     25    
53807.42517326835    1.436777756488057      0.05307308360305439     25    
53807.92517326835    1.4050311747069815     0.05268362325759196     25    
53808.42517326835    1.3731219330237436     0.05261897924421254     25    
53808.92517326835    1.3411431857737899     0.052711842981878476    25    
53809.42517326835    1.30929218041478       0.05277751724863188     25    
53809.92517326835    1.2777121204003095     0.052731175302258584    25    
53810.42517326835    1.2462508000704042     0.052877687016779355    25    
53810.92517326835    1.214987050751433      0.05285681129979989     25    
53811.42517326835    1.1840509489856779     0.05219323119754551     25    
53811.92517326835    1.1535164713659696     0.0502754135350428      25    
53812.42517326835    1.1232882247361509     0.046835231243444096    25    
53812.92517326835    1.0934231085079402     0.04275678819912231     25    
53813.42517326835    1.063994548818948      0.039295423348123394    25    
53813.92517326835    1.0350196197803139     0.03766880841903846     25    
53814.42517326835    1.0064454310986575     0.037387714293379594    25    
53814.92517326835    0.9783373479375923     0.03771320963084536     25    
53815.42517326835    0.950765189332012      0.03788378538159245     25    
53815.92517326835    0.9237385628838839     0.03768494288332658     25    
53816.42517326835    0.8972222358683198     0.03751056137622537     25    
53816.92517326835    0.8712474585422998     0.037291942745690136    25    
53817.42517326835    0.8458458312732203     0.03695503024667922     25    
53817.92517326835    0.8210223374029922     0.03640665434204666     25    
53818.42517326835    0.7967620749726589     0.03571721023548886     25    
53818.92517326835    0.7730606584578235     0.03504550983227038     25    
53819.42517326835    0.7499139427232392     0.03455956991108343     25    
53819.92517326835    0.7273253306848534     0.034290753845755494    25    
53820.42517326835    0.7052937455499031     0.03414635072271118     25    
53820.92517326835    0.6838142001207647     0.03404469374087192     25    
53821.42517326835    0.6628810458312109     0.03391265360353626     25    
53821.92517326835    0.6424871984166584     0.03380332712225675     25    
53822.42517326835    0.6226443662953521     0.03370232646479901     25    
53822.92517326835    0.6033682521150525     0.03355893719073294     25    
53823.42517326835    0.5846670614157713     0.033369028509390664    25    
53823.92517326835    0.5665157075415236     0.033299480653655       25    
53824.42517326835    0.5489420048750117     0.03311556818438451     25    
53824.92517326835    0.5319835533244314     0.032507167411963106    25    
53825.42517326835    0.5156597282927501     0.031051801061481355    25    
53825.92517326835    0.49993759539771715    0.028492523862740076    25    
53826.42517326835    0.48484615853920027    0.025429527634888073    25    
53826.92517326835    0.4704212245046517     0.0227884694234662      25    
53827.42517326835    0.45669910709543005    0.021604928459753293    25    
53827.92517326835    0.44366989826620024    0.021585946601669178    25    
53828.42517326835    0.4312794583039124     0.02205384868878002     25    
53828.92517326835    0.419472724588259      0.022319049630972757    25    
53829.42517326835    0.40829507554705713    0.022093500608776847    25    
53829.92517326835    0.39777294368769683    0.021736854936965328    25    
53830.42517326835    0.38774494126951886    0.021389276383435074    25    
53830.92517326835    0.3780485994552247     0.021195899490669183    25    
53831.42517326835    0.3687483268666191     0.021236846108499574    25    
53831.92517326835    0.3598735243463324     0.021417200188966826    25    
53832.42517326835    0.35125812069950985    0.021619641379582798    25    
53832.92517326835    0.3427405370988155     0.021733874916133655    25    
53833.42517326835    0.3343626732860115     0.021801298772999054    25    
53833.92517326835    0.3261603034857485     0.02183691656003406     25    
53834.42517326835    0.3180896797949212     0.021790685304434013    25    
53834.92517326835    0.3101029956993817     0.021610889834095974    25    
53835.42517326835    0.3021468333658745     0.021269889622779793    25    
53835.92517326835    0.29430917079592334    0.02081932634388217     25    
53836.42517326835    0.28670884286971116    0.020325499712875436    25    
53836.92517326835    0.2794312688873262     0.019833593905360512    25    
53837.42517326835    0.27236205696644517    0.019244792744216657    25    
53837.92517326835    0.26558241741003846    0.0186447647651374      25    
53838.42517326835    0.2592200399359201     0.01817344369446653     25    
53838.92517326835    0.2533687901077143     0.017984782692549394    25    
53839.42517326835    0.2479620679446373     0.018088294822251622    25    
53839.92517326835    0.24298652572266438    0.01829239468359713     25    
53840.42517326835    0.23844039649753127    0.01839879549710318     25    
53840.92517326835    0.23437813062358204    0.01825571779862115     25    
53841.42517326835    0.23084271169517226    0.017940626104745054    25    
53841.92517326835    0.22764843431710594    0.017590329294529982    25    
53842.42517326835    0.22460047812539172    0.017349111381812596    25    
53842.92517326835    0.2217035060550434     0.017299362263947796    25    
53843.42517326835    0.2190664821912475     0.017363889766699697    25    
53843.92517326835    0.21648437931745104    0.017486715137532173    25    
53844.42517326835    0.21374850037458612    0.017613234244910615    25    
53844.92517326835    0.21086313285528296    0.017779087202268982    25    
53845.42517326835    0.20790776735651756    0.01798749024865522     25    
53845.92517326835    0.2048080477639193     0.01814996959516021     25    
53846.42517326835    0.20148851221960415    0.018184048532706488    25    
53846.92517326835    0.19787050288806152    0.018153883834342584    25    
53847.42517326835    0.1940478906395911     0.018044660571329443    25    
53847.92517326835    0.1901715052621728     0.01775125608213639     25    
53848.42517326835    0.1863736128382351     0.017141711836269426    25    
53848.92517326835    0.18251793868295532    0.01596513987100378     25    
53849.42517326835    0.1786731195030477     0.014423047295170004    25    
53849.92517326835    0.1750105396951509     0.012935574644129099    25    
53850.42517326835    0.17167004693122287    0.012079173625757654    25    
53850.92517326835    0.16854491912748357    0.011931262468139038    25    
53851.42517326835    0.16565965504932645    0.012144626875304907    25    
53851.92517326835    0.16308455438255748    0.01235016206984865     25    
53852.42517326835    0.1608945322513972     0.012260135623764313    25    
53852.92517326835    0.15910100753645995    0.01200904488596861     25    
53853.42517326835    0.15759174340547466    0.01173480434083287     25    
53853.92517326835    0.15624648036227087    0.01156362387470859     25    
53854.42517326835    0.155030802427971      0.011594100249974336    25    
53854.92517326835    0.1540465792137674     0.011769135120744768    25    
53855.42517326835    0.15316605457569882    0.012019536227988228    25    
53855.92517326835    0.15224821872540745    0.012281604493823393    25    
53856.42517326835    0.15126337673472315    0.01257726728833364     25    
53856.92517326835    0.15029293128243598    0.012940682306546903    25    
53857.42517326835    0.1492604719711708     0.013248987194832243    25    
53857.92517326835    0.14808684051770352    0.013387725821305976    25    
53858.42517326835    0.1467320682351948     0.013294726334025803    25    
53858.92517326835    0.14524382381866618    0.013041684973047321    25    
53859.42517326835    0.1436744050576863     0.01271801510246398     25    
53859.92517326835    0.1420745874480188     0.01241776230469243     25    
53860.42517326835    0.14040392394561427    0.012115087738532964    25    
53860.92517326835    0.13867194475745298    0.011788389345012201    25    
53861.42517326835    0.13694768675166027    0.011479733381151212    25    
53861.92517326835    0.13529430249284036    0.011233562584398593    25    
53862.42517326835    0.13366920876958585    0.011046449287864123    25    
53862.92517326835    0.13208144584228584    0.010905146010626676    25    
53863.42517326835    0.13057696810116953    0.010805236525385835    25    
53863.92517326835    0.12919690575570894    0.010748214712062975    25    
53864.42517326835    0.12792791304044926    0.010766911287611392    25    
53864.92517326835    0.12675442201586654    0.01081927982964307     25    
53865.42517326835    0.12566695680715778    0.010848042663181179    25    
53865.92517326835    0.12466127068925374    0.010805653143034683    25    
53866.42517326835    0.12374947412037937    0.01071098075065946     25    
53866.92517326835    0.12291743276398549    0.010588858763427486    25    
53867.42517326835    0.12214752112279076    0.010461585887847506    25    
53867.92517326835    0.12143322598803336    0.010339052937126093    25    
53868.42517326835    0.12078912482099802    0.01020319767202085     25    
53868.92517326835    0.12019963315698856    0.010069652742575801    25    
53869.42517326835    0.11964712549872339    0.009957341598159279    25    
53869.92517326835    0.11912997804438934    0.00987754855670049     25    
53870.42517326835    0.11865933932052797    0.009820852562573017    25    
53870.92517326835    0.11821816439023765    0.00978153600539856     25    
53871.42517326835    0.11778882775623685    0.009753876832771615    25    
53871.92517326835    0.11737548400674246    0.009718031809591937    25    
53872.42517326835    0.11698407476738981    0.009683116549677196    25    
53872.92517326835    0.11659698361215347    0.009689709619450832    25    
53873.42517326835    0.11619691160896568    0.00977786429325738     25    
53873.92517326835    0.1157937010235137     0.009964836191141746    25    
53874.42517326835    0.11538728831000465    0.010216627333643013    25    
53874.92517326835    0.11496004797115704    0.010493961526521253    25    
53875.42517326835    0.11449588755194254    0.010752382074557313    25    
53875.92517326835    0.1140085862431239     0.010858684511903952    25    
53876.42517326835    0.11349293709679321    0.010972507146242386    25    
53876.92517326835    0.1129313146156693     0.011337368021737411    25    
53877.42517326835    0.11230972180484446    0.012089955632871898    25    