@INSTRUMENT MEGACAMPSF
@BAND z
@MAGSYS AB
@WEIGHTMAT weightmat_SNLS_z.dat
@X_FOCAL_PLANE -12.81528
@Y_FOCAL_PLANE 1.285335
#Date : MJD
#Flux : 
#Fluxerr : errors (but look at the weight matrix)
#ZP : 
#end
53415.61  0.0048865783  2.04095430015  25.368814999999998
53446.57  5.8527792  0.617724438955  25.368814999999998
53461.6  14.841292  2.74163553832  25.368814999999998
53462.57  8.0639314  1.78540782512  25.368814999999998
53475.43  5.5848693  0.859986930596  25.368814999999998
53495.48  1.7263282  1.07593872392  25.368814999999998
53502.27  1.3877638  0.807994664811  25.368814999999998
53505.38  1.3539592  0.722701798198  25.368814999999998
53508.41  -0.1329022  2.37109229312  25.368814999999998
53519.33  0.19619269  1.33847725947  25.368814999999998
53527.38  1.5242942  1.21003970227  25.368814999999998
53534.38  0.88095018  1.18595327987  25.368814999999998
53551.35  1.0814321  0.851931859635  25.368814999999998
53552.36  1.785496  1.21119920168  25.368814999999998
53558.34  -0.098808767  0.710395061791  25.368814999999998
53565.35  -0.91469597  0.953868104219  25.368814999999998
