54254.023229492974    -58.19751695782153     58.19751695782239     25    
54254.523229492974    -58.348137439753074    58.348137439753934    25    
54255.023229492974    -55.606990049945466    55.60699004994637     25    
54255.523229492974    -49.394351440213505    49.39435144021452     25    
54256.023229492974    -39.403263330658596    39.40326333065987     25    
54256.523229492974    -24.93082194708201     24.930821947084016    25    
54257.023229492974    -5.782687749092774     5.78268774910142      25    
54257.523229492974    18.84610009050979      18.846100090512444    25    
54258.023229492974    49.05838574562029      49.05838574562131     25    
54258.523229492974    85.74006372342997      85.74006372343055     25    
54259.023229492974    128.9236062043489      116.0642091442204     25    
54259.523229492974    179.55471800254682     115.35261903518037    25    
54260.023229492974    237.61662267796154     114.43893766241496    25    
54260.523229492974    304.19518489454555     113.2591322880288     25    
54261.023229492974    379.20732745529256     111.87161343332717    25    
54261.523229492974    463.23591036718693     112.82097931609647    25    
54262.023229492974    556.5144806040353      116.12977846926961    25    
54262.523229492974    652.6310539888311      118.3455046803537     25    
54263.023229492974    752.0920614239042      119.26664749925365    25    
54263.523229492974    846.2197774538897      120.0254208614628     25    
54264.023229492974    934.8466587142724      120.79488039019608    25    
54264.523229492974    1010.977252831348      121.02675591885857    25    
54265.023229492974    1072.315714778407      120.30173112306349    25    
54265.523229492974    1121.4908480308643     120.24161673762676    25    
54266.023229492974    1157.6600044075744     121.53323724546695    25    
54266.523229492974    1185.9121249796885     123.35916623802319    25    
54267.023229492974    1207.6427137022179     126.01008671325157    25    
54267.523229492974    1226.1155723125992     127.69465223877488    25    
54268.023229492974    1244.2757699116164     129.15432408736487    25    
54268.523229492974    1261.384068409972      125.02045838520702    25    
54269.023229492974    1278.3300423251585     102.25545004244303    25    
54269.523229492974    1293.8179881432422     70.76686352185183     25    
54270.023229492974    1306.7569283553016     65.61031779036652     25    
54270.523229492974    1316.708566570892      73.5209841489234      25    
54271.023229492974    1322.2841035307586     73.67853044909181     25    
54271.523229492974    1323.4987288035913     72.26633717975366     25    
54272.023229492974    1319.4557687291685     70.71406968329656     25    
54272.523229492974    1310.2041173268638     69.32112203240636     25    
54273.023229492974    1295.198601393127      71.10452337510645     25    
54273.523229492974    1274.4636252442256     74.68883592663278     25    
54274.023229492974    1247.3520217333169     74.92668526498144     25    
54274.523229492974    1214.0719097156125     72.8456679733521      25    
54275.023229492974    1176.0921896051818     74.2342330610586      25    
54275.523229492974    1133.3564067686848     78.59371922917012     25    
54276.023229492974    1088.767168330769      81.40031354258382     25    
54276.523229492974    1042.188422424544      82.75620669033135     25    
54277.023229492974    996.3993134301746      83.23597625889862     25    
54277.523229492974    951.4215827632065      82.82358636579514     25    
54278.023229492974    909.1006119632523      81.82831359194329     25    
54278.523229492974    869.5708509844255      79.90450926737041     25    
54279.023229492974    834.043459289942       79.39875106187873     25    
54279.523229492974    802.6581306361348      81.62288024122213     25    
54280.023229492974    776.5020044833744      83.27670844569408     25    
54280.523229492974    756.2823818501482      83.30337194043669     25    
54281.023229492974    741.1310893152325      82.12613247918208     25    
54281.523229492974    731.3117207688294      78.70672953002605     25    
54282.023229492974    725.0253424061951      75.86576790782034     25    
54282.523229492974    721.3689479773543      76.79588203648328     25    
54283.023229492974    719.2206775845948      78.50916569202117     25    
54283.523229492974    717.1267124471143      78.87439117428909     25    
54284.023229492974    714.8515191330089      78.52828212453275     25    
54284.523229492974    711.2896728825167      76.77112433474771     25    
54285.023229492974    706.5555117870167      74.75952434797145     25    
54285.523229492974    700.2521338233114      75.26131966886493     25    
54286.023229492974    692.3361848660085      76.92589960243794     25    
54286.523229492974    682.3129647904558      77.66271584362948     25    
54287.023229492974    670.3339619068114      77.88559838970704     25    
54287.523229492974    656.5117772470696      77.06852932022764     25    
54288.023229492974    640.9603176788596      75.75635125247713     25    
54288.523229492974    624.5885809332246      78.40099314729042     25    
54289.023229492974    607.362856995497       83.96936764454875     25    
54289.523229492974    590.2695769529417      86.48608285882952     25    
54290.023229492974    573.2728252720332      86.37397671621324     25    
54290.523229492974    556.4572313720378      85.3909571967844      25    
54291.023229492974    539.9049365389232      83.33750556235113     25    
54291.523229492974    522.6327666154723      83.13192017322207     25    
54292.023229492974    504.6608320976108      85.49606759561834     25    
54292.523229492974    485.08004830332146     87.31283915546844     25    
54293.023229492974    463.6975662573948      88.1893068683863      25    
54293.523229492974    440.5137450949025      87.83983599491441     25    
54294.023229492974    415.26117745938177     85.5714998468461      25    
54294.523229492974    388.9004498187302      83.37096121504536     25    
54295.023229492974    361.599040093367       82.14928153862725     25    
54295.523229492974    334.0834978099137      81.6102245857824      25    
54296.023229492974    306.75995027279845     82.38784431757337     25    
54296.523229492974    279.9292134435991      82.72354587689091     25    
54297.023229492974    254.01792285957055     80.29473067341289     25    
54297.523229492974    228.95321208814426     77.82782445555799     25    
54298.023229492974    204.8249731456965      78.55502327385781     25    
54298.523229492974    181.65297372517395     80.5305583530867      25    
54299.023229492974    159.45709153164833     82.57987326946947     25    
54299.523229492974    138.36353385770946     84.09868632958542     25    
54300.023229492974    118.5709802259373      83.22483905678011     25    
54300.523229492974    100.24806437733756     79.72920535110967     25    
54301.023229492974    84.0463491992072       68.8837481113966      25    
54301.523229492974    69.99650771553472      50.47589792216237     25    
54302.023229492974    58.90925448496495      41.81856975118174     25    
54302.523229492974    50.68676433620047      44.296818827724735    25    
54303.023229492974    45.55327439604196      44.084919981078656    25    
54303.523229492974    43.453141439528615     42.258765893876166    25    
54304.023229492974    43.228663743759434     41.46985124118672     25    
54304.523229492974    44.940928604408064     41.76978588405451     25    
54305.023229492974    47.345743232448115     42.741827585795996    25    
54305.523229492974    50.4462106931061       44.52208682699042     25    
54306.023229492974    53.44497051409017      44.99583695862866     25    
54306.523229492974    56.20631573413781      43.683497319872565    25    
54307.023229492974    58.82888500821743      42.210260068225985    25    
54307.523229492974    61.28940443401442      41.24226415491134     25    
54308.023229492974    63.679808407388435     38.92466989802576     25    
54308.523229492974    66.02051713307749      33.178626864241664    25    
54309.023229492974    68.34264665571654      28.094588102486203    25    
54309.523229492974    70.68079427533733      28.20122375439699     25    
54310.023229492974    72.98952917106747      29.166645454433926    25    
54310.523229492974    75.25845295376388      28.442528326843117    25    
54311.023229492974    77.45655154505822      27.33865457364533     25    
54311.523229492974    79.55815579839636      26.09955091910451     25    
54312.023229492974    81.54275712866031      24.893278206369953    25    
54312.523229492974    83.37763413526795      24.19975834746855     25    
54313.023229492974    85.04889500507569      23.89102712758383     25    
54313.523229492974    86.5177545043363       23.550160107144496    25    
54314.023229492974    87.7758317142618       23.970360901848082    25    
54314.523229492974    88.77938344555892      27.521228813868856    25    
54315.023229492974    89.52443379617601      31.987177871173024    25    
54315.523229492974    89.96338749889318      33.408162887257745    25    
54316.023229492974    90.09556779077604      33.49397163458368     25    
54316.523229492974    89.87063320429655      35.767498560038554    25    