54384.259859750346    5201.680515478434     1579.3593864443212    25    
54384.759859750346    6240.956970980301     1567.4844362635652    25    
54385.259859750346    7358.3300833729       1654.8267161193285    25    
54385.759859750346    8549.545933137775     2033.4831097892704    25    
54386.259859750346    9810.788165930117     2359.493253688363     25    
54386.759859750346    11137.587787404946    2423.2979142702357    25    
54387.259859750346    12526.340551835814    2410.9769442099996    25    
54387.759859750346    13972.36832246753     2427.7186085264425    25    
54388.259859750346    15472.273029775717    2439.5962400596586    25    
54388.759859750346    17021.173327011256    2445.212557598537     25    
54389.259859750346    18615.871388435524    2446.7300212183213    25    
54389.759859750346    20251.288589721826    2444.4772241081146    25    
54390.259859750346    21924.421416500965    2443.4153296326726    25    
54390.759859750346    23632.797950111886    2453.575841503553     25    
54391.259859750346    25366.256123054776    2466.907097071969     25    
54391.759859750346    27129.936812060572    2464.180431474936     25    
54392.259859750346    28869.219642856253    2475.7053454155816    25    
54392.759859750346    30520.726021058024    2557.493636642525     25    
54393.259859750346    32034.396938439433    2658.8329716839166    25    
54393.759859750346    33307.90471545717     2723.1295872814776    25    
54394.259859750346    34315.14418731367     2768.8866583490426    25    
54394.759859750346    34934.660286263264    2784.172837916588     25    
54395.259859750346    35228.25238345589     2805.8644004809626    25    
54395.759859750346    35226.87331842502     2913.8047831791837    25    
54396.259859750346    34986.733678072196    3056.153433531394     25    
54396.759859750346    34623.32817524928     3202.855578454555     25    
54397.259859750346    34163.55159350951     3310.0626828906106    25    
54397.759859750346    33734.970576031636    3255.7958502462507    25    
54398.259859750346    33316.55346477502     3081.549136805638     25    
54398.759859750346    32939.95104882093     2758.534053664469     25    
54399.259859750346    32585.787831254194    2351.754884673084     25    
54399.759859750346    32228.36048228135     2238.2897153170293    25    
54400.259859750346    31863.222543857497    2300.2873217080805    25    
54400.759859750346    31462.682904664613    2307.55673329062      25    
54401.259859750346    31030.515247785588    2313.5738300899416    25    
54401.759859750346    30558.629915418674    2326.386178493671     25    
54402.259859750346    30050.60534233213     2355.993189521936     25    
54402.759859750346    29511.36980377375     2460.3040750554137    25    
54403.259859750346    28941.510822300166    2580.8988355459032    25    
54403.759859750346    28346.322320265852    2578.654211884982     25    
54404.259859750346    27724.881160642148    2487.372512960005     25    
54404.759859750346    27078.027462571594    2286.5846831796625    25    
54405.259859750346    26404.875421571513    2012.1085503528075    25    
54405.759859750346    25702.702697652756    1957.9707937049577    25    
54406.259859750346    24971.756773988353    2047.3362584729912    25    
54406.759859750346    24207.212608651786    2071.0399539906425    25    
54407.259859750346    23415.525284060113    2067.1627223101914    25    
54407.759859750346    22616.893113863116    2042.0202449917383    25    
54408.259859750346    21817.376045083256    2013.222485582823     25    
54408.759859750346    21057.92953064693     2094.5714967974245    25    
54409.259859750346    20340.57510792707     2234.717071884773     25    
54409.759859750346    19708.726907579912    2279.0789799122576    25    
54410.259859750346    19158.528812586046    2266.5816832506166    25    
54410.759859750346    18705.093839872225    2280.9668146546046    25    
54411.259859750346    18344.550490523852    2312.208583901465     25    
54411.759859750346    18066.34610621408     2369.12283675514      25    
54412.259859750346    17870.024707541274    2438.5232478313164    25    
54412.759859750346    17745.851681146116    2444.8444437835865    25    
54413.259859750346    17692.537502572668    2396.2443890099266    25    
54413.759859750346    17692.859144095957    2268.811114830962     25    
54414.259859750346    17745.67157001997     2067.8682017846363    25    
54414.759859750346    17826.065169936213    1965.3861415187012    25    
54415.259859750346    17933.87415402443     1953.825519482523     25    
54415.759859750346    18042.683815022432    1959.311817351487     25    
54416.259859750346    18154.276961712698    1983.1471807753826    25    
54416.759859750346    18262.934322579757    1975.115228108102     25    
54417.259859750346    18370.295138820664    1940.879650677151     25    
54417.759859750346    18493.929504191583    1921.1494654390863    25    
54418.259859750346    18633.801070748752    1914.652037687583     25    
54418.759859750346    18808.743142372325    1934.019625969244     25    
54419.259859750346    19017.660871415035    1975.5664090371458    25    
54419.759859750346    19256.22427374615     1964.9851187040947    25    
54420.259859750346    19523.710398438772    1905.9076629466065    25    
54420.759859750346    19786.942546544244    1896.83160900844      25    
54421.259859750346    20046.20005032277     1935.8068399154404    25    
54421.759859750346    20267.18071740283     1943.8140694868096    25    
54422.259859750346    20450.176705726582    1921.7826952983708    25    
54422.759859750346    20585.258689981114    1874.6465245544982    25    
54423.259859750346    20672.03227544185     1799.5732606452912    25    
54423.759859750346    20734.233591902575    1760.0884879929629    25    
54424.259859750346    20771.62403762786     1759.956229349638     25    
54424.759859750346    20808.677803518152    1789.5760339543754    25    
54425.259859750346    20846.12582077263     1848.6149452138752    25    
54425.759859750346    20886.81848129862     1893.3491776583041    25    
54426.259859750346    20932.48957607963     1916.9584322096962    25    
54426.759859750346    20952.91755128592     2059.4495548470804    25    
54427.259859750346    20948.310960207502    2316.110184914396     25    
54427.759859750346    20887.934011910176    2489.7391631254527    25    
54428.259859750346    20770.161999527896    2592.8785743505696    25    
54428.759859750346    20584.323049220806    2534.9263087426593    25    
54429.259859750346    20327.32883670274     2277.931360413684     25    
54429.759859750346    20022.50436711922     1967.2787498791029    25    
54430.259859750346    19669.765756463086    1577.8180022174188    25    
54430.759859750346    19292.33472067349     1302.399332237779     25    
54431.259859750346    18891.536676004398    1278.0814814920698    25    
54431.759859750346    18482.037231043916    1290.3364020792783    25    
54432.259859750346    18066.110450736593    1307.7622492723656    25    
54432.759859750346    17642.821728798644    1374.9491278619084    25    
54433.259859750346    17212.42754540003     1495.274167679611     25    
54433.759859750346    16773.990344540292    1603.2938298332658    25    
54434.259859750346    16327.023004120381    1704.237394711067     25    
54434.759859750346    15873.959047154758    1717.4943493688795    25    
54435.259859750346    15413.866110897434    1616.4628050304534    25    
54435.759859750346    14955.930474613913    1478.8639231945533    25    
54436.259859750346    14500.5221410233      1304.3032088715574    25    
54436.759859750346    14056.804761456908    1127.8485004838772    25    
54437.259859750346    13625.969756438246    959.6423993573633     25    
54437.759859750346    13213.935957628124    843.2954367789808     25    
54438.259859750346    12822.579817942433    829.5141943791542     25    
54438.759859750346    12450.46371905069     831.4339164188693     25    
54439.259859750346    12097.761942626927    826.2758618885855     25    
54439.759859750346    11763.057516595522    823.4505367451525     25    
54440.259859750346    11446.206909487406    821.7100350824539     25    
54440.759859750346    11145.984493371341    822.1213682642313     25    
54441.259859750346    10862.22849712289     826.2050134975988     25    
54441.759859750346    10593.732032297       826.3606592701689     25    
54442.259859750346    10340.314088452225    818.4720079444493     25    
54442.759859750346    10100.787516291297    810.2948714547813     25    
54443.259859750346    9874.951066394238     789.9075394128272     25    
54443.759859750346    9661.638328273084     819.1822194753303     25    
54444.259859750346    9460.626813867746     870.198848292637      25    
54444.759859750346    9270.771851161166     1099.5572459630741    25    