#Date  :
#Flux  :
#Fluxerr  :
#ZP  :
#end  :
@INSTRUMENT  SDSS
@BAND  SDSS_i
@MAGSYS  AB
53975.357685  0.0809  1.367  23.908679999999997
53990.371541  2.348  1.672  23.908679999999997
53994.381713  -0.7715  1.471  23.908679999999997
53996.365594  -0.9066  1.402  23.908679999999997
54008.325384  0.5488  1.294  23.908679999999997
54010.320224  -1.2  1.194  23.908679999999997
54012.312988  0.5732  1.639  23.908679999999997
54020.319103  0.1457  1.727  23.908679999999997
54024.400333  1.097  1.666  23.908679999999997
54028.388842  -1.705  1.488  23.908679999999997
54030.31245  -0.2401  1.276  23.908679999999997
54035.388068  -0.009612  1.882  23.908679999999997
54037.293565  1.152  1.193  23.908679999999997
54040.307814  4.084  1.845  23.908679999999997
54047.338216  8.626  3.06  23.908679999999997
54049.333704  14.24  1.935  23.908679999999997
54053.297876  17.28  1.517  23.908679999999997
54056.299733  19.24  1.775  23.908679999999997
54059.293807  18.19  1.658  23.908679999999997
54061.304679  19.52  1.747  23.908679999999997
54062.298471  19.1  1.493  23.908679999999997
54068.278261  12.8  1.961  23.908679999999997
