@INSTRUMENT DECam
@BAND DECam_z
@MAGSYS AB
#Date : MJD
#Flux : 
#Fluxerr : 
#ZP : 
#end
56915.271  54.893  22.053  27.498816820827223
56923.322  232.28  19.813  27.498816820827223
56927.287  246.81  14.595  27.498816820827223
56932.224  208.19  12.501  27.498816820827223
56943.209  110.26  12.488  27.498816820827223
56952.125  109.03  16.307  27.498816820827223
56957.111  104.93  21.933  27.498816820827223
56959.107  113.35  13.872  27.498816820827223
56964.222  146.45  17.285  27.498816820827223
56973.19  98.531  10.51  27.498816820827223
56980.186  83.864  11.926  27.498816820827223
56987.187  59.13  13.333  27.498816820827223
56990.188  48.601  24.301  27.498816820827223
