57374.44966362902    2.467383623257565     0.4253134755986917     25    
57374.94966362902    2.804199060330107     0.4225645511403138     25    
57375.44966362902    3.1576482160619035    0.4210599995929732     25    
57375.94966362902    3.5247254200563383    0.43550551194377424    25    
57376.44966362902    3.9062259766248077    0.4737957348632538     25    
57376.94966362902    4.3007083448508725    0.5129829900271686     25    
57377.44966362902    4.705638054180087     0.531740280667901      25    
57377.94966362902    5.1222220317745455    0.5335467149243274     25    
57378.44966362902    5.548135914024917     0.5309397733557316     25    
57378.94966362902    5.981630563447104     0.5322280254669035     25    
57379.44966362902    6.423696263597585     0.5339475357380498     25    
57379.94966362902    6.871439961402314     0.5356007233709071     25    
57380.44966362902    7.324211985675641     0.5371447881767765     25    
57380.94966362902    7.782157709912183     0.5386219336416171     25    
57381.44966362902    8.242204229492897     0.5400868927670579     25    
57381.94966362902    8.704891358683959     0.5414503262324607     25    
57382.44966362902    9.169115408536623     0.54287711143202       25    
57382.94966362902    9.632255273964102     0.5445825280034687     25    
57383.44966362902    10.095858448134308    0.5462696778672255     25    
57383.94966362902    10.556627668461239    0.5486926745270596     25    
57384.44966362902    11.013004625311448    0.5527430228754042     25    
57384.94966362902    11.467549163483579    0.5581956391199024     25    
57385.44966362902    11.906531635439832    0.5641079524704544     25    
57385.94966362902    12.326069323157274    0.5702566305320877     25    
57386.44966362902    12.72766375291099     0.576684583352838      25    
57386.94966362902    13.092320709946934    0.5821000584214401     25    
57387.44966362902    13.420181549353511    0.5862636884413992     25    
57387.94966362902    13.70860661574421     0.5893970304054345     25    
57388.44966362902    13.942203581410407    0.5911308683407328     25    
57388.94966362902    14.117121512532554    0.5904857564423283     25    
57389.44966362902    14.246579308939554    0.589923593443168      25    
57389.94966362902    14.339461453117949    0.5923465846469634     25    
57390.44966362902    14.388102508165353    0.5971630392770839     25    
57390.94966362902    14.417060633368848    0.6028891378275775     25    
57391.44966362902    14.439435666041579    0.6096154892311496     25    
57391.94966362902    14.448182178560252    0.6173211756763852     25    
57392.44966362902    14.467775183364404    0.6215639247773942     25    
57392.94966362902    14.508218440184669    0.620373044646196      25    
57393.44966362902    14.560759655816819    0.615639898138119      25    
57393.94966362902    14.622523358849003    0.6085596321496527     25    
57394.44966362902    14.699332847527435    0.5965626438691094     25    
57394.94966362902    14.779207296620667    0.584594899685099      25    
57395.44966362902    14.847118627125122    0.5806660867990433     25    
57395.94966362902    14.91000330529655     0.5850238362557161     25    
57396.44966362902    14.954956358387431    0.5903807866351303     25    
57396.94966362902    14.969697168375445    0.591213409304732      25    
57397.44966362902    14.9595561139088      0.5898282053072604     25    
57397.94966362902    14.925112987876368    0.5880832970055632     25    
57398.44966362902    14.863553921227997    0.5860870259098178     25    
57398.94966362902    14.777926688354174    0.5840123035652296     25    
57399.44966362902    14.678288152946427    0.5842971518421137     25    
57399.94966362902    14.562916011688998    0.5889935060897403     25    
57400.44966362902    14.435227701948534    0.5943881085007311     25    
57400.94966362902    14.304068457678204    0.5965360967493305     25    
57401.44966362902    14.168692547125742    0.5992018887725131     25    
57401.94966362902    14.026729022334447    0.5931089611294433     25    
57402.44966362902    13.87836135427354     0.5632285604726012     25    
57402.94966362902    13.72460418227741     0.5068047238805372     25    
57403.44966362902    13.557300259061549    0.45467741908638215    25    
57403.94966362902    13.37360454044948     0.43830687973703525    25    
57404.44966362902    13.174825718226462    0.44347576353270024    25    
57404.94966362902    12.953147343008238    0.4475056956749523     25    
57405.44966362902    12.704583154231516    0.44535060979903424    25    
57405.94966362902    12.434535759849387    0.442568784836786      25    
57406.44966362902    12.148495181662508    0.4388213586871885     25    
57406.94966362902    11.841043305012608    0.43312073286543507    25    
57407.44966362902    11.524388043168974    0.42801380487634516    25    
57407.94966362902    11.211013337306431    0.42685161667779326    25    
57408.44966362902    10.894324582163815    0.4294046479002564     25    
57408.94966362902    10.588623624323132    0.43173344131812685    25    
57409.44966362902    10.303408397425459    0.43115883857110177    25    
57409.94966362902    10.033678014149798    0.42907245510138686    25    
57410.44966362902    9.784855630216745     0.4263134920829965     25    
57410.94966362902    9.560027735049596     0.42239494154022084    25    
57411.44966362902    9.355953313808902     0.41804417894716217    25    
57411.94966362902    9.169043762928448     0.4156558187365711     25    
57412.44966362902    9.000450266248414     0.41608274766461356    25    
57412.94966362902    8.8480967327984       0.4172444964381178     25    
57413.44966362902    8.70868851517402      0.41711272440281316    25    
57413.94966362902    8.58347320315407      0.41621632572324424    25    
57414.44966362902    8.47072514085757      0.41440720893978805    25    
57414.94966362902    8.368914974277427     0.41078041524403225    25    
57415.44966362902    8.278785183972873     0.4054973814349854     25    
57415.94966362902    8.199513786756784     0.4017523743881765     25    
57416.44966362902    8.130961556342609     0.4017481791337558     25    
57416.94966362902    8.073122065446189     0.403638639021779      25    
57417.44966362902    8.025119300979577     0.4048872626990877     25    
57417.94966362902    7.987654835416158     0.4053261848245642     25    
57418.44966362902    7.959407530474769     0.4052667254347761     25    
57418.94966362902    7.938417136993907     0.40468050478203654    25    
57419.44966362902    7.926013502579117     0.40474416572893274    25    
57419.94966362902    7.919128510139454     0.40172187371631435    25    
57420.44966362902    7.915272791086271     0.3900829628997235     25    
57420.94966362902    7.915849408158837     0.36975590577314654    25    
57421.44966362902    7.917154903656302     0.3525502507324344     25    
57421.94966362902    7.917606508912957     0.3483780946299548     25    
57422.44966362902    7.918043837297731     0.3514443602475982     25    
57422.94966362902    7.916188257630521     0.3532704077736681     25    
57423.44966362902    7.911610374647635     0.35100003755012843    25    
57423.94966362902    7.90478807344054      0.3484985096164262     25    
57424.44966362902    7.895563370905202     0.34924761015905337    25    
57424.94966362902    7.883959470250434     0.35417808928512506    25    
57425.44966362902    7.8699677234691565    0.35954087709054716    25    
57425.94966362902    7.853551995585111     0.36208596731519044    25    
57426.44966362902    7.834723490403907     0.36289732404058134    25    
57426.94966362902    7.813484566797351     0.3620933601171132     25    
57427.44966362902    7.789822265961285     0.35813811663292267    25    
57427.94966362902    7.763744143069721     0.3518310636325246     25    
57428.44966362902    7.735306876650174     0.3496935722368457     25    
57428.94966362902    7.70451131716237      0.35602822560745534    25    
57429.44966362902    7.671365160140083     0.3656678055544191     25    
57429.94966362902    7.635932457720122     0.37195717491238345    25    
57430.44966362902    7.59833238699062      0.3751664045055865     25    
57430.94966362902    7.5582875215321454    0.37611489484622296    25    
57431.44966362902    7.515571392015495     0.373708041110429      25    
57431.94966362902    7.4704503862806035    0.36693638064046163    25    
57432.44966362902    7.422057537865565     0.36085660844649453    25    
57432.94966362902    7.36989564760575      0.3600745985517774     25    
57433.44966362902    7.314246504358512     0.36264729145850555    25    
57433.94966362902    7.254088369940206     0.3658545090476017     25    
57434.44966362902    7.189233268533821     0.3698003473949703     25    
57434.94966362902    7.119711266612121     0.3738716557152364     25    
57435.44966362902    7.044664643191406     0.3743268448603397     25    
57435.94966362902    6.964186818041793     0.3737969107710897     25    
57436.44966362902    6.878112689270733     0.36724477774978354    25    
57436.94966362902    6.785982882511711     0.3432251077864232     25    
57437.44966362902    6.687995933996828     0.2910421688615715     25    
57437.94966362902    6.5837959702644815    0.23111449396439634    25    
57438.44966362902    6.472829787569646     0.20250724405867762    25    
57438.94966362902    6.355203989882768     0.2046806477470555     25    
57439.44966362902    6.231997369992966     0.2107906819830496     25    
57439.94966362902    6.102706408107467     0.20653824616310776    25    
57440.44966362902    5.967973394011892     0.20126276078439165    25    
57440.94966362902    5.831886989403376     0.19784568946001369    25    
57441.44966362902    5.693755301100464     0.19726844732616197    25    
57441.94966362902    5.555062249724478     0.1983086896747839     25    
57442.44966362902    5.419845919632185     0.20017094443953523    25    
57442.94966362902    5.286953005381066     0.20391236115891398    25    
57443.44966362902    5.158005746083228     0.2068118103492361     25    
57443.94966362902    5.035398263552306     0.20575084058791268    25    
57444.44966362902    4.918425820260045     0.20136597988217755    25    
57444.94966362902    4.806490599493951     0.19584806238667735    25    
57445.44966362902    4.699526040073347     0.1906837605031074     25    
57445.94966362902    4.597550364832265     0.18497381686546321    25    
57446.44966362902    4.499701593232286     0.1778607765762924     25    
57446.94966362902    4.405971736805998     0.16730247012992588    25    
57447.44966362902    4.316245811187652     0.15541209484834928    25    
57447.94966362902    4.229810661122567     0.14775250310838375    25    
57448.44966362902    4.146815092636567     0.1463948474239676     25    
57448.94966362902    4.067046280562994     0.14726162850782132    25    
57449.44966362902    3.9901424482310635    0.14637435807669086    25    
57449.94966362902    3.9162805895472643    0.14462281536170157    25    
57450.44966362902    3.8451150721551954    0.14279961009126682    25    
57450.94966362902    3.776440603521617     0.14112688378380547    25    
57451.44966362902    3.710371135452036     0.1394825780635576     25    
57451.94966362902    3.6464904924658796    0.13832008669893178    25    
57452.44966362902    3.5847582211189684    0.13787282067742967    25    
57452.94966362902    3.5251467675147885    0.1379571311888489     25    
57453.44966362902    3.4672369713679707    0.13829733344270884    25    
57453.94966362902    3.4111358285911138    0.13663798114215436    25    
57454.44966362902    3.3566480133035133    0.13750680825619188    25    
57454.94966362902    3.303418317906842     0.1478165928749301     25    
57455.44966362902    3.251613953506049     0.16744114092335577    25    
57455.94966362902    3.2009154003862084    0.1846462834738621     25    
57456.44966362902    3.151075085605317     0.1916710232593131     25    
57456.94966362902    3.1022331234317657    0.1924247761754309     25    
57457.44966362902    3.0539894563308656    0.1954733309358015     25    
57457.94966362902    3.006247802031392     0.20252296770224418    25    