@INSTRUMENT DECam
@BAND DECam_r
@MAGSYS AB
#Date : MJD
#Flux : 
#Fluxerr : 
#ZP : 
#end
57257.256  4.1845  8.333  27.498346442599363
57276.37  40.034  9.5665  27.498346442599363
57278.205  43.71  6.0081  27.498346442599363
57286.213  66.508  8.5431  27.498346442599363
57301.281  29.754  15.477  27.498346442599363
57305.281  23.27  6.7809  27.498346442599363
57311.109  23.068  7.8459  27.498346442599363
57315.181  11.531  9.1287  27.498346442599363
57319.278  27.869  19.448  27.498346442599363
57325.071  -0.691  11.896  27.498346442599363
57329.059  -0.881  6.852  27.498346442599363
57339.035  -14.221  8.7992  27.498346442599363
57344.216  5.1049  4.9135  27.498346442599363
57355.159  3.2233  7.6489  27.498346442599363
57365.054  -0.594  5.4926  27.498346442599363
57372.048  -0.798  5.3185  27.498346442599363
57379.061  -15.598  18.695  27.498346442599363
