#mB  c  mBmB x1x1 cc mBx1 mBc x1c
19.98904141747138  -0.3  0.0003347813316616341  0.016485655996627456  0.000249981616824215  0.0008440433668805117  0.00016819814115231823  0.0002532290029092677
19.988268198295003  0.3  0.0003972403576082764  0.014652502910883108  0.000280002734556008  0.0007344488944853125  0.0002569580258867175  0.0002882978544552166
20.49367798636236  0.0  0.00045483937530454424  0.026881215715412327  0.0003375546659970127  0.0013333929966890567  0.0002568011650014904  0.0004351078390806153
20.993677986362357  0.0  0.0006673471268655091  0.051829313830036784  0.0005176296198863335  0.0025438938353635663  0.00035225205546159647  0.0007798331901807114
21.493677986362357  0.0  0.0011562544363921561  0.11124637374283325  0.0009397692174385438  0.005386380063919496  0.0005628318264939349  0.001587341522859294
20.992597141937885  -0.15  0.0006280236920094936  0.05227613189451575  0.0004997696867826523  0.002569055488112015  0.00026404334476439113  0.0006735511955016284
20.992246698882454  0.15  0.0007070681163256858  0.04953017118577731  0.0005207430763705739  0.002439855843359575  0.00041908420855889657  0.0008359416228600816
21.989041417471384  -0.3  0.00213696572105653  0.23776884362330705  0.001639680331373452  0.011668489111173188  0.00012951229045396042  0.0018667020471089316
21.988268198295003  0.3  0.0025795867720269606  0.2239216442492254  0.0017662136705570827  0.010768552597989853  0.001550572511974833  0.0038541055964470654
