@INSTRUMENT MOSAICII
@BAND MOSAICII_I
@MAGSYS Linear_AB11_off
#Date : MJD
#Flux : 
#Fluxerr : 
#ZP : 
#end
52932.0221  -1.0558  0.8092  25.0
52936.0295  0.9121  1.8208  25.0
52940.0396  0.8304  0.7193  25.0
52960.0521  -0.6235  1.7475  25.0
52964.0595  -0.3649  0.9241  25.0
52966.1357  -1.1486  1.0887  25.0
52970.0537  -0.7108  0.9516  25.0
52988.0611  1.0392  0.8301  25.0
53266.1163  -0.3266  1.3039  25.0
53268.04  0.6548  1.2234  25.0
53285.0278  6.974  1.5727  25.0
53287.0254  9.005  2.3176  25.0
53291.0261  9.3549  1.1406  25.0
53295.0253  11.7811  0.8182  25.0
53299.0356  10.6781  0.7367  25.0
53301.0295  11.2933  3.1685  25.0
53321.0362  4.9521  0.8344  25.0
53325.0404  4.59  0.7654  25.0
53331.0967  1.1548  3.2948  25.0
53344.0653  0.6097  0.848  25.0
53348.0538  2.0695  0.7567  25.0
53352.0341  3.2546  0.926  25.0
53356.0568  1.9475  0.8958  25.0
53360.0462  1.427  1.2633  25.0
53639.0628  0.5935  0.7438  25.0
53641.032  0.7626  1.4777  25.0
53649.0062  -0.0693  1.204  25.0
53698.0401  -1.1371  1.3168  25.0
53704.0607  0.3652  0.8056  25.0
54067.0436  0.6234  1.9132  25.0
54082.0578  -0.1133  1.2382  25.0
54084.0473  -0.8136  1.668  25.0
54088.0525  -0.4957  1.0205  25.0
