#mB  c  mBmB x1x1 cc mBx1 mBc x1c
15.244641806051376  -0.3  0.0006301343035611036  0.012430067898966795  0.00030380952286472785  -0.0005413055662288129  0.0003267928925477565  -0.00018990222562170116
15.245062397467667  0.3  0.0006518492292293443  0.011205103788971913  0.0003245688543482399  -0.0005061892945757762  0.0003542818359512332  -0.00017049682477098912
15.749948934250726  0.0  0.0006586928679524577  0.012628956664890527  0.00031971641267204367  -0.0005317940581048097  0.00034883464670517044  -0.00017489706370073748
16.249948934250728  0.0  0.0007069071166351813  0.014996181083139512  0.00033533366218217985  -0.0005555601565731122  0.00037165318574122465  -0.00015882048379942045
16.749948934250728  0.0  0.00082341874615589  0.02032396333848079  0.00037344659393160923  -0.0005932371592674613  0.0004275707193874217  -0.00011934948575765625
16.248550987837728  -0.15  0.0007154783333854247  0.01668109850143682  0.0003354724915896653  -0.000591022071237886  0.0003706259794949274  -0.0001590567833652365
16.24879788508793  0.15  0.0007028224712132675  0.013784412871913246  0.00033702488806489804  -0.0005337392934703942  0.0003744871855340416  -0.00015883562355322494
17.244641806051376  -0.3  0.0013311906248111675  0.05229184479714081  0.0005423265413671136  -0.0011597503142382207  0.000647686557583142  -4.3119157298653146e-05
17.245062397467667  0.3  0.0009860707783901654  0.021801260898046765  0.0004312899218511633  -0.000496829241888935  0.0005221815105570386  -6.120608643022583e-05
