54191.206210467695    174.41228975459055    52.36959408945579     25    
54191.706210467695    214.12035219824878    50.214934267111545    25    
54192.206210467695    258.3632861606196     52.74076995945374     25    
54192.706210467695    307.28837073554075    69.8868889378255      25    
54193.206210467695    360.98238034888396    85.26010428944801     25    
54193.706210467695    419.6203905247102     88.28034923109237     25    
54194.206210467695    483.2633439816788     86.85360070317346     25    
54194.706210467695    552.1101832280516     86.9811403751034      25    
54195.206210467695    626.1999487212984     87.14932549539999     25    
54195.706210467695    705.7515205078597     87.23405017698711     25    
54196.206210467695    790.7859662300388     87.244499394317       25    
54196.706210467695    881.5381740264302     87.1725587236588      25    
54197.206210467695    978.015168170192      87.03415795139912     25    
54197.706210467695    1080.5728124014254    86.97888999046687     25    
54198.206210467695    1189.1024461641834    86.92368232047033     25    
54198.706210467695    1303.6521434704835    85.98795314543021     25    
54199.206210467695    1423.9482569212441    84.28992799703182     25    
54199.706210467695    1543.8002799660806    83.87294310361567     25    
54200.206210467695    1663.514570463708     84.7297302274704      25    
54200.706210467695    1774.5018804757208    85.48754646665736     25    
54201.206210467695    1876.981622926506     86.11424632359345     25    
54201.706210467695    1963.5349348878594    86.47090211004407     25    
54202.206210467695    2033.0161297861573    86.46821453461543     25    
54202.706210467695    2088.561154158762     86.6298589621793      25    
54203.206210467695    2129.4182804233556    87.04935872236474     25    
54203.706210467695    2162.260140387027     87.61049949727587     25    
54204.206210467695    2187.694534875142     88.4190897559249      25    
54204.706210467695    2210.783949701554     88.94419325734005     25    
54205.206210467695    2233.7709902103597    89.83458296387273     25    
54205.706210467695    2255.6918710256023    87.66903447332922     25    
54206.206210467695    2277.3834678521143    77.89889300068185     25    
54206.706210467695    2296.1991993776605    68.53268311228423     25    
54207.206210467695    2311.174526159948     68.23106431981829     25    
54207.706210467695    2320.7625192759087    70.13097709007879     25    
54208.206210467695    2323.260246379243     70.02799397901497     25    
54208.706210467695    2318.890803771235     69.64107790291102     25    
54209.206210467695    2307.0051275205365    69.07070203916187     25    
54209.706210467695    2288.1393167419556    68.5551317991542      25    
54210.206210467695    2262.677394827775     68.71025198326063     25    
54210.706210467695    2230.796250842781     69.0413947407607      25    
54211.206210467695    2192.8936449733046    69.17644134203435     25    
54211.706210467695    2149.2706879129582    68.67256658758471     25    
54212.206210467695    2100.8148121260656    65.19527341255035     25    
54212.706210467695    2047.7287964030875    60.05188474481374     25    
54213.206210467695    1991.307162330409     58.45748869926843     25    
54213.706210467695    1931.610206665972     59.22177766650027     25    
54214.206210467695    1869.964930884025     59.11016517567309     25    
54214.706210467695    1806.4492420912552    58.552080079956255    25    
54215.206210467695    1743.1066972451288    57.77405993611969     25    
54215.706210467695    1679.8973900181845    56.79355623165457     25    
54216.206210467695    1619.432221442926     56.398294980091016    25    
54216.706210467695    1561.5985003970695    56.58038001830337     25    
54217.206210467695    1509.0162489673203    56.60063350008158     25    
54217.706210467695    1461.733124313055     56.51800135564183     25    
54218.206210467695    1420.0603472052296    54.8569081092174      25    
54218.706210467695    1384.2089836347143    50.88971308068268     25    
54219.206210467695    1352.7246371963504    48.55695679584791     25    
54219.706210467695    1325.5958326084735    49.16757213026309     25    
54220.206210467695    1301.592316074306     49.76822216367351     25    
54220.706210467695    1280.5541040525234    49.754111761317596    25    
54221.206210467695    1261.704145000845     49.49580707927645     25    
54221.706210467695    1244.8374294057203    48.81595190244178     25    
54222.206210467695    1229.521841584688     48.43438498310735     25    
54222.706210467695    1215.6216050781577    48.878592806312305    25    
54223.206210467695    1202.7124946202573    49.35459323071153     25    
54223.706210467695    1190.5678487396185    49.48270983820641     25    
54224.206210467695    1178.9544594149484    49.405059022480934    25    
54224.706210467695    1167.6429995592466    49.06742762353937     25    
54225.206210467695    1156.5390813760494    48.580875874002636    25    
54225.706210467695    1145.491410546147     47.97612372234952     25    
54226.206210467695    1134.4004713997358    47.42759554697006     25    
54226.706210467695    1123.1059535152424    47.37759832713828     25    
54227.206210467695    1111.4949054636775    47.41860383750505     25    
54227.706210467695    1099.3243481766117    46.783355835833554    25    
54228.206210467695    1086.493956103628     46.00773517726024     25    
54228.706210467695    1072.6367359374633    46.20539643563512     25    
54229.206210467695    1057.7097535645257    46.894703073674       25    
54229.706210467695    1041.2575741310227    47.25231884511616     25    
54230.206210467695    1023.3585335219769    47.381640379075364    25    
54230.706210467695    1003.9150300347384    46.72962681096035     25    
54231.206210467695    983.0099308915438     45.657711011208534    25    
54231.706210467695    961.1475386197243     47.15268914696344     25    
54232.206210467695    938.3154340379849     50.549150534532586    25    
54232.706210467695    915.0604313049816     52.06407390465033     25    
54233.206210467695    891.3590808575383     51.998362270542664    25    
54233.706210467695    867.5445882864719     51.46911263337301     25    
54234.206210467695    843.6222467283479     50.41591895024948     25    
54234.706210467695    819.5876973832079     49.945194992503716    25    
54235.206210467695    795.4428973081062     50.22927645541222     25    
54235.706210467695    771.1795214457836     50.62048934036914     25    
54236.206210467695    746.7611080724432     51.15309545266632     25    
54236.706210467695    722.4118083728165     51.218562144717254    25    
54237.206210467695    698.0683493820108     51.341086316357675    25    
54237.706210467695    674.2977452511213     47.75263981930815     25    
54238.206210467695    651.1609631933084     34.9811339142721      25    
54238.706210467695    629.158811177347      20.33106302127639     25    
54239.206210467695    608.4940539351796     19.155898429439336    25    
54239.706210467695    589.3096313436661     21.549030353798933    25    
54240.206210467695    571.8501898298756     21.009793869848895    25    
54240.706210467695    555.7809967476819     20.462453930806525    25    
54241.206210467695    540.9935459366208     20.152445516070532    25    
54241.706210467695    527.278276116968      20.024504941194078    25    
54242.206210467695    514.4116282116527     20.226241550003177    25    
54242.706210467695    502.31293491596034    20.444964924722395    25    
54243.206210467695    490.75581763259726    20.212083891273455    25    
54243.706210467695    479.7814551031457     19.828220531558447    25    
54244.206210467695    469.3404360393376     19.62328777061666     25    
54244.706210467695    459.4337731327828     19.508325352471587    25    
54245.206210467695    450.0368596576998     19.479616756550705    25    
54245.706210467695    441.14236618293035    19.52649141207543     25    
54246.206210467695    432.7157592685349     19.647912082457328    25    
54246.706210467695    424.7483872862755     19.791028539392613    25    
54247.206210467695    417.1752151417898     19.67580036963893     25    
54247.706210467695    409.9953693929547     19.364152601883152    25    
54248.206210467695    403.1376631897555     19.035009974122918    25    
54248.706210467695    396.6040738927232     18.67900142929417     25    
54249.206210467695    390.3219177339686     18.43589585210876     25    
54249.706210467695    384.294298293016      18.30269060845458     25    
54250.206210467695    378.4479591919631     18.259175321750703    25    
54250.706210467695    372.7860230113665     18.31050777021115     25    
54251.206210467695    367.2357679812722     18.347470021252025    25    
54251.706210467695    361.7992284653079     18.348777747070002    25    
54252.206210467695    356.4053245194298     18.429939018009836    25    
54252.706210467695    351.0538950723735     18.48948165247387     25    
54253.206210467695    345.6766092239683     19.252251876491155    25    