54377.202792938566    3.954118798632407     1.1940168943124647     25    
54377.702792938566    4.756097360255688     1.0886171749721187     25    
54378.202792938566    5.646722910286999     1.0891175338277994     25    
54378.702792938566    6.634148695961184     1.6405049442825617     25    
54379.202792938566    7.716190749125785     2.3629331299377463     25    
54379.702792938566    8.9023222686002       2.7506485828288754     25    
54380.202792938566    10.192118259534576    2.794721836164517      25    
54380.702792938566    11.590716468573426    2.7430092436815867     25    
54381.202792938566    13.104101385899215    2.747425944825542      25    
54381.702792938566    14.731220783983096    2.755381821153933      25    
54382.202792938566    16.481736072605536    2.7618896384731046     25    
54382.702792938566    18.353714094370908    2.7669966052324        25    
54383.202792938566    20.3546495639372      2.7709455785184964     25    
54383.702792938566    22.48779234412273     2.7735759889852343     25    
54384.202792938566    24.754353688645796    2.7754786457275715     25    
54384.702792938566    27.165145686934075    2.7825137345041435     25    
54385.202792938566    29.71976521633922     2.798720008970428      25    
54385.702792938566    32.40722132496189     2.7780028382487614     25    
54386.202792938566    35.26820538780672     2.675617726677846      25    
54386.702792938566    38.205294843322136    2.562753036184136      25    
54387.202792938566    41.123520647433935    2.5395162943116407     25    
54387.702792938566    44.04129935575633     2.5768491048687285     25    
54388.202792938566    46.74737928966433     2.609362736782519      25    
54388.702792938566    49.26806684830875     2.6329178684732675     25    
54389.202792938566    51.48199979503434     2.6524319428912992     25    
54389.702792938566    53.260799340649285    2.662681392675212      25    
54390.202792938566    54.669429563531914    2.667372520382226      25    
54390.702792938566    55.73436485970065     2.673976818776253      25    
54391.202792938566    56.432439695089485    2.681530947017085      25    
54391.702792938566    56.89742685116012     2.689701489231138      25    
54392.202792938566    57.149851923542066    2.701163345383445      25    
54392.702792938566    57.22870872062608     2.7106038280520535     25    
54393.202792938566    57.24699718225309     2.7263849326250127     25    
54393.702792938566    57.176617796224285    2.7471815016651546     25    
54394.202792938566    57.024702455374104    2.6463138974769818     25    
54394.702792938566    56.80679706672904     2.3082390095427865     25    
54395.202792938566    56.48140627991149     1.9263892969439067     25    
54395.702792938566    56.021225119391985    1.811412660095051      25    
54396.202792938566    55.43004986726067     1.8640562082170853     25    
54396.702792938566    54.661730214237096    1.8795838362351935     25    
54397.202792938566    53.711282085902326    1.8651168809625833     25    
54397.702792938566    52.61702221869769     1.8473384148362508     25    
54398.202792938566    51.37425034545249     1.8259896686495913     25    
54398.702792938566    50.01384695247714     1.8042281269313507     25    
54399.202792938566    48.60364678319144     1.7917661602374793     25    
54399.702792938566    47.125760752214504    1.7875934665643105     25    
54400.202792938566    45.654974059757315    1.7800065783105945     25    
54400.702792938566    44.204778549658265    1.7793512582967776     25    
54401.202792938566    42.77270468141054     1.7544937276725874     25    
54401.702792938566    41.37720109017245     1.6451023868708716     25    
54402.202792938566    40.00969555011159     1.4693273958501132     25    
54402.702792938566    38.64864654184869     1.3597892522993462     25    
54403.202792938566    37.29795112981687     1.354072968518591      25    
54403.702792938566    35.94254609660135     1.3667908999851281     25    
54404.202792938566    34.56956935967265     1.352891672472411      25    
54404.702792938566    33.186863754418205    1.3345759138650395     25    
54405.202792938566    31.797199408071       1.3112105861392287     25    
54405.702792938566    30.397608144392326    1.2812958264337813     25    
54406.202792938566    29.012191154794706    1.2574006999705183     25    
54406.702792938566    27.64182480474239     1.2468850404793912     25    
54407.202792938566    26.29673826456842     1.240634451633105      25    
54407.702792938566    24.995483526181772    1.2387457918539477     25    
54408.202792938566    23.733051674261844    1.2387072925847793     25    
54408.702792938566    22.520217623906312    1.1801340633019313     25    
54409.202792938566    21.35800196186965     1.0137987038882907     25    
54409.702792938566    20.24466518174785     0.8331996565652345     25    
54410.202792938566    19.180329113489226    0.7770117290973397     25    
54410.702792938566    18.164852031938196    0.7944130842306535     25    
54411.202792938566    17.1980369923553      0.7958619171990645     25    
54411.702792938566    16.280268135561542    0.7901379134463147     25    
54412.202792938566    15.40917157137388     0.781964183216818      25    
54412.702792938566    14.585004073749397    0.7666485730544135     25    
54413.202792938566    13.805826056196166    0.7507536931987354     25    
54413.702792938566    13.068301184934771    0.7447156189611397     25    
54414.202792938566    12.37328943013146     0.7461849735972749     25    
54414.702792938566    11.71642385302012     0.7466701647006773     25    
54415.202792938566    11.09781714889672     0.7459535206578118     25    
54415.702792938566    10.515829402184789    0.7422434831279653     25    
54416.202792938566    9.968561239592997     0.7391373496185325     25    
54416.702792938566    9.456486409147821     0.7299045127950263     25    
54417.202792938566    8.977997580996115     0.6734912681512231     25    
54417.702792938566    8.533474401118948     0.5371288054884589     25    
54418.202792938566    8.121494322323253     0.3941780945036142     25    
54418.702792938566    7.742438673812556     0.3606794304953204     25    
54419.202792938566    7.39451660616313      0.3852635038050881     25    
54419.702792938566    7.074376691275313     0.3845495859921433     25    
54420.202792938566    6.783140685888874     0.3746784601866653     25    
54420.702792938566    6.512994124117986     0.36982075249123475    25    
54421.202792938566    6.264311828569197     0.3744693843766955     25    
54421.702792938566    6.032896702541811     0.3810269157565044     25    
54422.202792938566    5.8131368093166484    0.38390158581695766    25    
54422.702792938566    5.606577721705493     0.3847863115552035     25    
54423.202792938566    5.409274357118122     0.3803961561515188     25    
54423.702792938566    5.220753336290784     0.36819257270073985    25    
54424.202792938566    5.043065520140813     0.35743471842652874    25    
54424.702792938566    4.87668280289333      0.3555442964512367     25    
54425.202792938566    4.721940214846664     0.35787781417504744    25    
54425.702792938566    4.580977545928289     0.3607832520942407     25    
54426.202792938566    4.453677300520971     0.365524104731589      25    
54426.702792938566    4.338061303928288     0.36500420767023684    25    
54427.202792938566    4.235723405904605     0.3538379940519695     25    
54427.702792938566    4.142137803330789     0.3398411393727364     25    
54428.202792938566    4.052212597685174     0.33226698558276       25    
54428.702792938566    3.967091811417594     0.32865571607812727    25    
54429.202792938566    3.878758564902857     0.3275969843853815     25    
54429.702792938566    3.786983639863779     0.33041566650713144    25    
54430.202792938566    3.6913271341410043    0.33251770253662777    25    
54430.702792938566    3.588681285162114     0.3323700595771899     25    
54431.202792938566    3.482180690521478     0.3285713305818917     25    
54431.702792938566    3.3790785237216654    0.3087376899162546     25    
54432.202792938566    3.277414104814967     0.2656105869284479     25    
54432.702792938566    3.1850023856922425    0.22871273659176033    25    
54433.202792938566    3.1045050505584832    0.22673031829587387    25    
54433.702792938566    3.0355439740154684    0.23736826216880477    25    
54434.202792938566    2.981959919176186     0.23646961781367068    25    
54434.702792938566    2.942849893773038     0.22998160033235276    25    
54435.202792938566    2.9103284191085708    0.22563345958442416    25    
54435.702792938566    2.885524808339822     0.2249372832126491     25    
54436.202792938566    2.8629330433696127    0.22585784121621652    25    
54436.702792938566    2.837229881763134     0.22852687452909634    25    
54437.202792938566    2.809736059943189     0.2320744516145943     25    
54437.702792938566    2.775362600050652     0.23138865900975056    25    
54438.202792938566    2.7336308699651473    0.225627039414425      25    
54438.702792938566    2.688452486567705     0.22016230618055946    25    
54439.202792938566    2.6403247919091575    0.21693556040859718    25    
54439.702792938566    2.590570253917951     0.21601862753129356    25    
54440.202792938566    2.543150242570041     0.2210487414126313     25    
54440.702792938566    2.497104304824596     0.23135497802418434    25    
54441.202792938566    2.4553282739522744    0.23926202864517157    25    
54441.702792938566    2.418726702565505     0.24349634477815124    25    
54442.202792938566    2.38625521385558      0.2454079711174533     25    
54442.702792938566    2.3576665933141854    0.2445582182429149     25    
54443.202792938566    2.332931105169433     0.24126227052663887    25    
54443.702792938566    2.3109536833311477    0.2370874277007157     25    
54444.202792938566    2.291951751259562     0.23167301495470946    25    
54444.702792938566    2.275083525816075     0.22616619371903365    25    
54445.202792938566    2.259986874130917     0.2214112207085485     25    
54445.702792938566    2.2465239145339932    0.21716491995417547    25    
54446.202792938566    2.233718367446398     0.21422836021553177    25    
54446.702792938566    2.2218290259306337    0.21285741416880302    25    
54447.202792938566    2.2098281248688965    0.20993997189290833    25    
54447.702792938566    2.197680753668891     0.20165743643568262    25    
54448.202792938566    2.1849107723199492    0.19468292541989823    25    
54448.702792938566    2.1707609914116643    0.19630044400128346    25    
54449.202792938566    2.155404690151875     0.20468113187818474    25    
54449.702792938566    2.13775163282185      0.22542442012753552    25    