54351.2775056309    117.6475334687682     39.718016276617135    25    
54351.7775056309    141.05988376762141    39.578323309744675    25    
54352.2775056309    166.44090027553187    41.342667533828056    25    
54352.7775056309    193.74432984391777    49.34891128361012     25    
54353.2775056309    222.94591337107013    57.161739316729076    25    
54353.7775056309    253.98948028754162    59.242932103920324    25    
54354.2775056309    286.85982523043157    59.05592669666744     25    
54354.7775056309    321.49258757354056    59.48816470612229     25    
54355.2775056309    357.8798883286628     59.867859573649916    25    
54355.7775056309    395.95090417696184    60.08699037920919     25    
54356.2775056309    435.70335514081273    60.1642887743228      25    
54356.7775056309    477.06168257285447    60.10966200918966     25    
54357.2775056309    520.0274781419272     59.940615035200075    25    
54357.7775056309    564.5635813279185     59.65417736791405     25    
54358.2775056309    610.6605968795342     59.293397382481814    25    
54358.7775056309    658.0584559258205     60.791707039015705    25    
54359.2775056309    706.8987181725386     64.11553415590151     25    
54359.7775056309    754.0222103848444     66.42647825660174     25    
54360.2775056309    799.6591709523974     67.60005548497266     25    
54360.7775056309    839.7335053016815     68.48719094560089     25    
54361.2775056309    874.1274284627835     69.20142362730464     25    
54361.7775056309    899.6393690956679     69.45058430856916     25    
54362.2775056309    914.9910046309966     68.93241422335967     25    
54362.7775056309    922.1806320912765     68.84500447884051     25    
54363.2775056309    920.8400676907263     69.72572888964488     25    
54363.7775056309    914.206297837153      70.97418357484165     25    
54364.2775056309    903.2493633898697     72.80454699620887     25    
54364.7775056309    890.1310991621256     73.92244018130594     25    
54365.2775056309    876.720581431265      73.71058894361039     25    
54365.7775056309    863.0747158078744     71.56159968673367     25    
54366.2775056309    850.0980128557256     64.5727911771775      25    
54366.7775056309    837.4775179616463     56.43703660666536     25    
54367.2775056309    825.2244069442486     55.33550353817289     25    
54367.7775056309    813.3140086375547     57.24823313634142     25    
54368.2775056309    801.7894932651078     57.16132029442771     25    
54368.7775056309    790.4869059597496     56.52039815919332     25    
54369.2775056309    779.05767435834       55.69786460971069     25    
54369.7775056309    767.4077959395325     54.86938630047776     25    
54370.2775056309    754.8852495161877     55.4075333168721      25    
54370.7775056309    741.4988160978054     56.81691980789313     25    
54371.2775056309    726.5470893721616     57.24870640250439     25    
54371.7775056309    710.1077594332661     56.861908299411034    25    
54372.2775056309    692.2368909244058     54.6143810248772      25    
54372.7775056309    672.9276410149353     50.26198347526115     25    
54373.2775056309    652.7414979565434     48.106094833157286    25    
54373.7775056309    631.6521890406627     48.80241747644082     25    
54374.2775056309    610.1877005250534     48.96701431034277     25    
54374.7775056309    588.3021961695913     48.20381878999713     25    
54375.2775056309    566.7654657079948     47.298797835255       25    
54375.7775056309    545.5655244510453     46.13143804947924     25    
54376.2775056309    525.588197834056      45.82730477635495     25    
54376.7775056309    506.9404888332924     47.17613738169494     25    
54377.2775056309    490.3695223806951     48.188130105829885    25    
54377.7775056309    476.2414578888401     47.57836185530093     25    
54378.2775056309    464.5578832157315     47.63206895146033     25    
54378.7775056309    455.5453613045388     49.94299807335106     25    
54379.2775056309    448.84037137074193    52.60280100631149     25    
54379.7775056309    444.27693621997406    54.79837303206033     25    
54380.2775056309    441.67126385243364    56.34752049238482     25    
54380.7775056309    440.803939625149      56.53241534835453     25    
54381.2775056309    441.5033413656544     55.79539369630044     25    
54381.7775056309    443.4351444049009     53.976865363574035    25    
54382.2775056309    446.4702392508417     51.88556306729801     25    
54382.7775056309    450.13835259178643    52.127435829899326    25    
54383.2775056309    454.38720381603747    53.63293555042304     25    
54383.7775056309    458.6597102837623     54.68021966915583     25    
54384.2775056309    463.01309964307814    55.48187840052877     25    
54384.7775056309    467.18118096080264    55.508881195560264    25    
54385.2775056309    471.2114097837839     54.844952695566306    25    
54385.7775056309    475.21791511055346    53.360417086959636    25    
54386.2775056309    479.1963688202171     51.03534742562191     25    
54386.7775056309    483.27500203170655    50.0007636920416      25    
54387.2775056309    487.460588418112      50.42805298682207     25    
54387.7775056309    491.60429393365433    49.7468530467509      25    
54388.2775056309    495.74640471937465    47.49917655336358     25    
54388.7775056309    499.4255679830453     46.15706235103549     25    
54389.2775056309    502.6418683020115     46.37301589000756     25    
54389.7775056309    504.9732661655973     46.630134515148       25    
54390.2775056309    506.3327296621185     46.75003471391665     25    
54390.7775056309    506.60103856609663    46.235658831716805    25    
54391.2775056309    505.66316027100027    44.49467785013303     25    
54391.7775056309    503.7077527018461     42.73172446240889     25    
54392.2775056309    500.76858942760447    41.52946356728721     25    
54392.7775056309    496.966387785618      40.91692632024847     25    
54393.2775056309    492.39041563671515    41.44493786200816     25    
54393.7775056309    487.0714843547046     42.09839848999759     25    
54394.2775056309    481.0909506601726     41.60274517085        25    
54394.7775056309    474.40999065067143    41.17590345093752     25    
54395.2775056309    467.0173127187818     42.394641472053245    25    
54395.7775056309    458.90433881556305    44.112071522797265    25    
54396.2775056309    450.01828370849313    45.22344604140648     25    
54396.7775056309    440.4176747177129     45.717103042321305    25    
54397.2775056309    430.17293866037727    44.540547754219745    25    
54397.7775056309    419.3660696237563     41.90446398227537     25    
54398.2775056309    408.3747716323828     37.51055633375354     25    
54398.7775056309    397.2027974768486     31.309742394060613    25    
54399.2775056309    386.29015168805915    28.86984700240197     25    
54399.7775056309    375.6065026095206     30.270821219038016    25    
54400.2775056309    365.411389327437      30.53183030874277     25    
54400.7775056309    355.6963528844525     29.833256900219514    25    
54401.2775056309    346.31186934457065    29.665187150184288    25    
54401.7775056309    337.2668548551853     30.101760820859834    25    
54402.2775056309    328.3956107424194     30.74737145127383     25    
54402.7775056309    319.68915797444566    31.72500701186581     25    
54403.2775056309    311.07492394165985    31.758490195587296    25    
54403.7775056309    302.5168304430462     30.39077289426896     25    
54404.2775056309    294.11508087742146    28.67511104015527     25    
54404.7775056309    285.8733701550828     26.92465344964262     25    
54405.2775056309    277.8796694265795     24.790711111165113    25    
54405.7775056309    270.16368305944314    21.604543799957376    25    
54406.2775056309    262.7669283622376     18.941744389479627    25    
54406.7775056309    255.73338138454105    18.946050398809806    25    
54407.2775056309    249.03589014873384    19.666109513660846    25    
54407.7775056309    242.671575426747      19.73394383303837     25    
54408.2775056309    236.62633889230585    19.631142252630774    25    
54408.7775056309    230.8851321729603     19.30355811224611     25    
54409.2775056309    225.44040530586165    18.804073619032685    25    
54409.7775056309    220.27397259977207    18.17684773301687     25    
54410.2775056309    215.38114500468254    17.458670981949673    25    
54410.7775056309    210.74115248026104    16.66054356874404     25    
54411.2775056309    206.35161376184746    16.02756896793955     25    
54411.7775056309    202.18972758750598    16.338770825450954    25    
54412.2775056309    198.25486735043557    17.664052116193325    25    
54412.7775056309    194.52275369458604    20.52234790762304     25    
54413.2775056309    190.99396154352536    24.627009486247115    25    
54413.7775056309    187.64328657457966    31.81442184575937     25    