54351.2775056309    112.3636242950978     45.345719983784264    25    
54351.7775056309    134.9301383528264     45.43650139092835     25    
54352.2775056309    159.45201010760482    47.59649201100817     25    
54352.7775056309    185.89678740877275    56.507254207483015    25    
54353.2775056309    214.24744957670762    65.2089957615431      25    
54353.7775056309    244.46458619637238    67.63380615532665     25    
54354.2775056309    276.5375288756071     67.55764144931155     25    
54354.7775056309    310.42112088882527    68.11384394155301     25    
54355.2775056309    346.10983417750225    68.57071014759298     25    
54355.7775056309    383.55397765933094    68.79577713287105     25    
54356.2775056309    422.75195165559444    68.81289190897151     25    
54356.7775056309    463.65074268109095    68.62951904405696     25    
54357.2775056309    506.2514674830821     68.26726260734458     25    
54357.7775056309    550.5385107509971     67.74638026935044     25    
54358.2775056309    596.5019642498391     67.11282019317923     25    
54358.7775056309    643.9138426958959     68.57953016387485     25    
54359.2775056309    692.9081698827587     72.12366146272554     25    
54359.7775056309    740.4905971556939     74.66227937714258     25    
54360.2775056309    786.8800941772089     76.05769097489758     25    
54360.7775056309    828.2075989035009     77.1491022535981      25    
54361.2775056309    864.3636084815216     78.06645157298739     25    
54361.7775056309    892.2981535479158     78.38229993555838     25    
54362.2775056309    910.8195710086143     77.7079262341876      25    
54362.7775056309    921.7096363314313     77.50570992332862     25    
54363.2775056309    924.6143566497423     78.4009279082944      25    
54363.7775056309    922.4729409305221     79.77680675794119     25    
54364.2775056309    916.1634572027168     81.93311299343006     25    
54364.7775056309    907.6404672413178     83.3156069166747      25    
54365.2775056309    898.5989284045108     83.1784695277771      25    
54365.7775056309    889.0766137292874     80.87176740704354     25    
54366.2775056309    879.8844897853724     73.17436389280175     25    
54366.7775056309    870.7268260447398     64.22453718333658     25    
54367.2775056309    861.5958452056616     63.08460360426007     25    
54367.7775056309    852.4622362979671     65.25393565958588     25    
54368.2775056309    843.3443721034197     65.16421750664415     25    
54368.7775056309    834.0883444597796     64.39820277527033     25    
54369.2775056309    824.3515706802783     63.27966740440468     25    
54369.7775056309    814.0463849290833     62.0372144113897      25    
54370.2775056309    802.5485759555077     62.29234780239164     25    
54370.7775056309    789.8685822417565     63.52267468552398     25    
54371.2775056309    775.3309106562391     63.82065551314097     25    
54371.7775056309    759.0205016501636     63.33485104431243     25    
54372.2775056309    741.1446992926103     60.86767871101191     25    
54372.7775056309    721.6880989010397     56.16551717447431     25    
54373.2775056309    701.4466126168066     53.95181794902784     25    
54373.7775056309    680.3845921486852     54.93071644639712     25    
54374.2775056309    659.2501711265692     55.3118613853733      25    
54374.7775056309    638.0248119373675     54.65872963717061     25    
54375.2775056309    617.4585724578459     53.87360541259611     25    
54375.7775056309    597.5712428208067     52.84445045441468     25    
54376.2775056309    579.086120022717      52.73445109523171     25    
54376.7775056309    562.0949290240533     54.388977465549104    25    
54377.2775056309    547.2182796975343     55.56990459138653     25    
54377.7775056309    534.7829175312204     54.83179418775513     25    
54378.2775056309    524.7123080590194     54.73580004877819     25    
54378.7775056309    517.1876419263174     57.05051214225263     25    
54379.2775056309    511.7989362164985     59.7706715550578      25    
54379.7775056309    508.3367209500294     62.062045556853285    25    
54380.2775056309    506.5832281544965     63.67186672231935     25    
54380.7775056309    506.230568595031      63.78047263718786     25    
54381.2775056309    507.178360763515      62.86664540711249     25    
54381.7775056309    509.1203892150076     60.718080435120534    25    
54382.2775056309    512.0154831094354     58.257745324074016    25    
54382.7775056309    515.5963283397228     58.45651349855841     25    
54383.2775056309    519.8328584385906     60.108135244683076    25    
54383.7775056309    524.4287180898964     61.278835417036646    25    
54384.2775056309    529.3851180425628     62.186130404437534    25    
54384.7775056309    534.4306886620892     62.11994486468735     25    
54385.2775056309    539.5771528951211     61.19044646649604     25    
54385.7775056309    544.5955211758614     59.2783721396118      25    
54386.2775056309    549.4970095325278     56.345490956791984    25    
54386.7775056309    554.0475838665686     55.07412378536654     25    
54387.2775056309    558.2577564142814     55.68592983614563     25    
54387.7775056309    561.9281465401974     55.16148038525576     25    
54388.2775056309    565.061449169795      53.029018055755344    25    
54388.7775056309    567.5021233288772     51.81115118330201     25    
54389.2775056309    569.2485740990979     52.14569962515942     25    
54389.7775056309    570.1511805331606     52.48035276218425     25    
54390.2775056309    570.1719462460333     52.628393788428646    25    
54390.7775056309    569.3003386278707     52.10742806715371     25    
54391.2775056309    567.4894998345949     50.33840495616113     25    
54391.7775056309    564.8707582619094     48.50005727838121     25    
54392.2775056309    561.4743921794274     47.128870850105564    25    
54392.7775056309    557.391687328978      46.32461339319835     25    
54393.2775056309    552.7078185677203     46.71142302118726     25    
54393.7775056309    547.3998295191715     47.21610813813066     25    
54394.2775056309    541.5207697213111     46.4788807055203      25    
54394.7775056309    534.9599904438186     45.80618335180786     25    
54395.2775056309    527.6088522064052     46.903865998768296    25    
54395.7775056309    519.4206909088173     48.59336331161371     25    
54396.2775056309    510.2063235382925     49.75376265641967     25    
54396.7775056309    500.03844954057695    50.35287860567513     25    
54397.2775056309    488.9085492424583     49.327072333356334    25    
54397.7775056309    476.9372695149384     46.87075182658858     25    
54398.2775056309    464.58842617872097    42.44385540738356     25    
54398.7775056309    451.8681706455228     36.10612320890308     25    
54399.2775056309    439.32143607189533    33.76344151064941     25    
54399.7775056309    426.91258835773834    35.34430618109499     25    
54400.2775056309    414.98994320395883    35.603022054884235    25    
54400.7775056309    403.54086899459105    34.726068194539906    25    
54401.2775056309    392.4658343632993     34.3878148719986      25    
54401.7775056309    381.77169088149327    34.67506565635923     25    
54402.2775056309    371.34166399233334    35.193973525639265    25    
54402.7775056309    361.1699134679701     36.079703980106906    25    
54403.2775056309    351.2033660726082     35.984243716247775    25    
54403.7775056309    341.4180016910254     34.40197610261914     25    
54404.2775056309    331.87525816103386    32.502384365205295    25    
54404.7775056309    322.57701130222085    30.660992439485334    25    
54405.2775056309    313.57705936218053    28.456975359553546    25    
54405.7775056309    304.8938453264016     25.19257457964015     25    
54406.2775056309    296.55143987007983    22.53278924271726     25    
54406.7775056309    288.5770658315427     22.635085036902836    25    
54407.2775056309    280.9508110381369     23.382715978787132    25    
54407.7775056309    273.6689832793917     23.285642066605316    25    
54408.2775056309    266.7207026473799     22.90233228596244     25    
54408.7775056309    260.0938236565016     22.183429381183117    25    
54409.2775056309    253.78225274714032    21.231593998571082    25    
54409.7775056309    247.7713122849877     20.209414189936545    25    
54410.2775056309    242.0572177473451     19.15373084365788     25    
54410.7775056309    236.62320567702153    18.225414382956362    25    
54411.2775056309    231.4673541601662     17.60204672619907     25    
54411.7775056309    226.57126034477474    17.99830135291922     25    
54412.2775056309    221.93441849777577    19.296578442245792    25    
54412.7775056309    217.5372328004195     21.331053918185805    25    
54413.2775056309    213.3801672723451     24.115507751328927    25    
54413.7775056309    209.4428795561272     28.999271044296037    25    