#mB  c  mBmB x1x1 cc mBx1 mBc x1c
14.853582906558602  -0.3  0.00046086726489135614  0.016473290189511054  0.0003431483763976017  0.000166896184870916  0.00031962160578555233  -1.3791833281892322e-05
14.852695600032977  0.3  0.00048056916038847423  0.014523095918123114  0.0003538727517678058  0.00017747303987106965  0.0003461674226389379  1.0488552734817741e-05
15.358155376060528  0.0  0.0005234384211572118  0.017818719778293756  0.0003713704933829566  0.000200145734571568  0.00035944058702702626  1.0329604653517299e-05
15.858155376060528  0.0  0.000652540247738281  0.023306111580697363  0.00043137685041804336  0.0002761372320010965  0.0004261971861068679  4.2385996074908686e-05
16.35815537606053  0.0  0.0009581398248617951  0.035697685869937656  0.0005718486555585895  0.0004568385957052989  0.0005850505122759597  0.00014405688379413138
15.857104838304986  -0.15  0.0006653871823252538  0.026104415854465865  0.00044142656558701453  0.0002638278210476244  0.0004237978075783339  1.342540049449712e-05
15.856697313186585  0.15  0.0006442857852902872  0.021171937238727945  0.00042640546463884734  0.0002809237213306998  0.00043008387562662833  5.97013578932928e-05
16.853582906558607  -0.3  0.001957516116873281  0.09936897848882062  0.001124492356802777  0.0003378509544745586  0.0010329384764044677  -7.454743966075643e-05
16.85269560003298  0.3  0.0014975753580114637  0.043489919730857834  0.0007944068269026975  0.0009726489065406363  0.0009132213682359502  0.0005384644009935535
