#Date  :
#Flux  :
#Fluxerr  :
#ZP  :
#end  :
@INSTRUMENT  SDSS
@BAND  SDSS_r
@MAGSYS  AB
53622.215192  9.1  1.123  23.901989999999998
53625.211225  9.227  0.8155  23.901989999999998
53627.171922  8.295  1.107  23.901989999999998
53634.164102  5.766  1.835  23.901989999999998
53636.169456  7.199  0.7969  23.901989999999998
53655.140424  0.7395  1.384  23.901989999999998
53664.164442  1.376  1.172  23.901989999999998
53666.12776  1.637  0.7689  23.901989999999998
53669.123084  0.4809  0.7539  23.901989999999998
53674.107088  0.6449  0.8178  23.901989999999998
53676.196316  1.202  0.8331  23.901989999999998
53679.167861  1.488  0.9888  23.901989999999998
53681.159143  0.5739  0.9838  23.901989999999998
53685.117745  0.05008  1.633  23.901989999999998
53687.15614  -0.3632  1.542  23.901989999999998
53705.099678  0.8778  0.967  23.901989999999998
