#Date  :
#Flux  :
#Fluxerr  :
#ZP  :
#end  :
@INSTRUMENT  PS
@BAND  PS_r
@MAGSYS  AB
54941.3984375  -1.8890000581741333  5.47599983215332  27.523
54952.3984375  1.0199999809265137  9.548999786376953  27.523
54953.30078125  -4.297999858856201  7.085999965667725  27.523
54993.3984375  15.949999809265137  10.560999870300293  27.523
54996.30078125  -14.100000381469727  10.560999870300293  27.523
54999.30078125  0.7429999709129333  9.333999633789062  27.523
55002.30078125  9.873000144958496  15.21399974822998  27.523
55203.6015625  -4.099999904632568  7.9770002365112305  27.523
55209.6015625  -5.22599983215332  7.8520002365112305  27.523
55212.6015625  0.328000009059906  5.827000141143799  27.523
55215.6015625  -3.380000114440918  5.291999816894531  27.523
55221.6015625  -3.3919999599456787  5.949999809265137  27.523
55230.6015625  -3.4189999103546143  16.38599967956543  27.523
55233.5  21.479999542236328  11.178000450134277  27.523
55236.6015625  14.918000221252441  7.361000061035156  27.523
55239.6015625  -0.7289999723434448  6.941999912261963  27.523
55242.6015625  -1.0049999952316284  5.1020002365112305  27.523
55248.5  -3.736999988555908  6.836999893188477  27.523
55251.5  -0.8149999976158142  14.345999717712402  27.523
55266.6015625  -2.690999984741211  12.843999862670898  27.523
55269.6015625  -2.7639999389648438  19.805999755859375  27.523
55272.6015625  4.168000221252441  8.482000350952148  27.523
55275.5  1.0850000381469727  9.032999992370605  27.523
55301.30078125  33.016998291015625  12.531000137329102  27.523
55302.5  -7.763999938964844  12.704000473022461  27.523
55305.3984375  34.231998443603516  13.758000373840332  27.523
55326.3984375  0.30399999022483826  11.685999870300293  27.523
55329.3984375  -4.551000118255615  8.765000343322754  27.523
55332.30078125  -3.2699999809265137  5.50600004196167  27.523
55350.30078125  -1.9880000352859497  5.959000110626221  27.523
55353.3984375  12.86400032043457  6.482999801635742  27.523
55359.30078125  -1.6059999465942383  23.954999923706055  27.523
55362.30078125  5.373000144958496  7.315999984741211  27.523
55365.30078125  3.0299999713897705  8.715999603271484  27.523
55596.6015625  -0.968999981880188  5.416999816894531  27.523
55605.6015625  18.117000579833984  17.36400032043457  27.523
55632.6015625  -8.282999992370605  11.343000411987305  27.523
55635.5  -4.263000011444092  11.807999610900879  27.523
55650.6015625  0.7459999918937683  15.137999534606934  27.523
55653.5  -7.795000076293945  8.026000022888184  27.523
55662.3984375  -1.531000018119812  9.17199993133545  27.523
55665.30078125  -5.97599983215332  15.536999702453613  27.523
55674.3984375  -1.5839999914169312  4.2270002365112305  27.523
55677.3984375  -9.972999572753906  6.882999897003174  27.523
55680.30078125  4.63700008392334  10.041000366210938  27.523
55692.3984375  -3.5390000343322754  8.253999710083008  27.523
55701.30078125  2.76200008392334  6.1529998779296875  27.523
55710.30078125  3.13100004196167  7.270999908447266  27.523
55719.30078125  -8.538000106811523  6.366000175476074  27.523
55722.30078125  -7.932000160217285  20.26799964904785  27.523
55731.30078125  8.619999885559082  25.92799949645996  27.523
55947.6015625  -0.1770000010728836  6.497000217437744  27.523
55952.6015625  -5.73199987411499  6.968999862670898  27.523
55970.6015625  386.5409851074219  14.291000366210938  27.523
55973.6015625  405.7969970703125  13.645999908447266  27.523
55977.6015625  377.9679870605469  21.80500030517578  27.523
55981.6015625  386.4809875488281  10.045000076293945  27.523
55984.6015625  322.4200134277344  9.043999671936035  27.523
56000.5  181.2220001220703  9.133999824523926  27.523
56006.5  94.88500213623047  10.01099967956543  27.523
56029.5  56.00400161743164  6.558000087738037  27.523
56032.30078125  44.73899841308594  6.258999824523926  27.523
56040.30078125  25.20599937438965  7.618000030517578  27.523
56043.30078125  40.888999938964844  4.965000152587891  27.523
56046.5  15.696999549865723  10.315999984741211  27.523
56059.30078125  29.929000854492188  26.13800048828125  27.523
56062.30078125  21.79800033569336  7.390999794006348  27.523
56065.30078125  29.78499984741211  5.548999786376953  27.523
56325.6015625  13.675999641418457  14.140999794006348  27.523
56328.6015625  -13.918000221252441  6.300000190734863  27.523
56331.6015625  11.675999641418457  7.886000156402588  27.523
56332.6015625  3.0769999027252197  5.4629998207092285  27.523
56336.6015625  -2.2820000648498535  8.513999938964844  27.523
56354.6015625  -2.178999900817871  15.559000015258789  27.523
56357.6015625  7.163000106811523  7.2870001792907715  27.523
56371.5  1.9129999876022339  4.328999996185303  27.523
56384.5  -0.33000001311302185  9.793000221252441  27.523
56387.5  0.7020000219345093  10.677000045776367  27.523
56390.3984375  -15.517000198364258  15.5  27.523
56398.5  -6.999000072479248  10.008999824523926  27.523
56401.30078125  12.925000190734863  15.00100040435791  27.523
56416.3984375  -6.552999973297119  7.23799991607666  27.523
56420.3984375  -5.184000015258789  4.531000137329102  27.523
56430.3984375  -0.22699999809265137  17.525999069213867  27.523
56443.30078125  -5.544000148773193  5.585000038146973  27.523
56450.30078125  33.68199920654297  18.183000564575195  27.523
56460.30078125  15.897000312805176  5.735000133514404  27.523
56478.30078125  -1.1970000267028809  7.425000190734863  27.523
