53656.030709615006    2.1932418439231354    0.5845655654118223     25    
53656.530709615006    2.541195332687304     0.5812120509335055     25    
53657.030709615006    2.9131045779464038    0.5819566766331161     25    
53657.530709615006    3.308001504160026     0.6134047239272619     25    
53658.030709615006    3.7262043327984515    0.6791687440671547     25    
53658.530709615006    4.166921196755906     0.7344093687145412     25    
53659.030709615006    4.62967673613176      0.7523957854676772     25    
53659.530709615006    5.114605143224655     0.7514948796121449     25    
53660.030709615006    5.620657415598807     0.75200664469679       25    
53660.530709615006    6.148024732672149     0.7562603595226036     25    
53661.030709615006    6.6961549567997185    0.7605473088703889     25    
53661.530709615006    7.264315592750888     0.7647952229490206     25    
53662.030709615006    7.852802686615021     0.7690747548260155     25    
53662.530709615006    8.460613351113345     0.7735419375410444     25    
53663.030709615006    9.087684681559056     0.7781306134979246     25    
53663.530709615006    9.73376779079417      0.7830940481583162     25    
53664.030709615006    10.398285492602112    0.7900999678701779     25    
53664.530709615006    11.082391353821558    0.8018154565294338     25    
53665.030709615006    11.781291625933147    0.8050732898642751     25    
53665.530709615006    12.499837060783817    0.784087393794203      25    
53666.030709615006    13.231080229880522    0.7497657526301816     25    
53666.530709615006    13.94079543707551     0.7354133416548436     25    
53667.030709615006    14.640408776003085    0.7495876748570461     25    
53667.530709615006    15.299856929771597    0.7712225506467353     25    
53668.030709615006    15.888094594806871    0.7852841852533214     25    
53668.530709615006    16.41712128675999     0.7970117901495308     25    
53669.030709615006    16.847855063763983    0.8061913808437844     25    
53669.530709615006    17.16386620244471     0.811175095327431      25    
53670.030709615006    17.383725381251136    0.8145778249332689     25    
53670.530709615006    17.517757438609532    0.8205184097052891     25    
53671.030709615006    17.5571307469085      0.8284931301989283     25    
53671.530709615006    17.539508408276603    0.8363361703747776     25    
53672.030709615006    17.477909941752287    0.8445416544830882     25    
53672.530709615006    17.371529764675028    0.8518435197140136     25    
53673.030709615006    17.258527106306225    0.8526532851753377     25    
53673.530709615006    17.138042545432757    0.8484457608577956     25    
53674.030709615006    17.007412405910724    0.8354593527582463     25    
53674.530709615006    16.872140379682143    0.8034822811104535     25    
53675.030709615006    16.72992498288467     0.7545214511284456     25    
53675.530709615006    16.566321898856906    0.7205897382837562     25    
53676.030709615006    16.382019498681434    0.7188931993196067     25    
53676.530709615006    16.172465163218046    0.7279907762926553     25    
53677.030709615006    15.925732509195797    0.726591332101748      25    
53677.530709615006    15.643491004641547    0.7191126862718158     25    
53678.030709615006    15.333970471578063    0.7099872769037603     25    
53678.530709615006    14.995493547026964    0.6991028787165752     25    
53679.030709615006    14.633296700695489    0.6876544534147201     25    
53679.530709615006    14.265704970132155    0.6816672208494677     25    
53680.030709615006    13.887385530001982    0.6830095831840101     25    
53680.530709615006    13.511232815342245    0.6840642027380222     25    
53681.030709615006    13.149565916501906    0.6809844374044437     25    
53681.530709615006    12.797128406137503    0.6748808662731152     25    
53682.030709615006    12.455968212649907    0.6555198479590838     25    
53682.530709615006    12.129075203599722    0.6103449429319897     25    
53683.030709615006    11.810132355900395    0.559328303134456      25    
53683.530709615006    11.492805888659563    0.5357605850930289     25    
53684.030709615006    11.179611956774474    0.5361732241646253     25    
53684.530709615006    10.862909526178486    0.5379467337215518     25    
53685.030709615006    10.539403300126974    0.5324363109344945     25    
53685.530709615006    10.211305632745011    0.5255425169497351     25    
53686.030709615006    9.878039641034258     0.5170228075949228     25    
53686.530709615006    9.538368530750304     0.5055046061220971     25    
53687.030709615006    9.197557760074066     0.4962332943914865     25    
53687.530709615006    8.858120859244332     0.494994543676765      25    
53688.030709615006    8.519423503399102     0.49843746532027955    25    
53688.530709615006    8.187375193782632     0.4990030985875755     25    
53689.030709615006    7.861750701967083     0.4990748854871388     25    
53689.530709615006    7.543448763884397     0.4922495068848027     25    
53690.030709615006    7.234695862653944     0.46459901366701245    25    
53690.530709615006    6.934784308553983     0.41486343888366267    25    
53691.030709615006    6.643636821853282     0.37386003506744       25    
53691.530709615006    6.3612763022376395    0.3644340193028035     25    
53692.030709615006    6.087679502502633     0.3688723034432588     25    
53692.530709615006    5.822805882609901     0.36780531707874514    25    
53693.030709615006    5.566612501964001     0.3645410246385855     25    
53693.530709615006    5.319339109854123     0.3586794156879695     25    
53694.030709615006    5.081012019163522     0.3466139507885024     25    
53694.530709615006    4.851691882370392     0.3307474017977199     25    
53695.030709615006    4.631891256293931     0.31931019348782624    25    
53695.530709615006    4.421492333568557     0.31401270130182657    25    
53696.030709615006    4.220795413428192     0.31124899997489985    25    
53696.530709615006    4.030254935696668     0.3089665040894868     25    
53697.030709615006    3.8497134062621634    0.3079645279626868     25    
53697.530709615006    3.6787458229314978    0.30601970151162955    25    
53698.030709615006    3.517666370334978     0.3043538370684551     25    
53698.530709615006    3.3657719195650984    0.29993179583160345    25    
53699.030709615006    3.221955952136403     0.28498800994346535    25    
53699.530709615006    3.086655182436018     0.2562983672794345     25    
53700.030709615006    2.958641068914111     0.23065514337802281    25    
53700.530709615006    2.837608046552415     0.2256181525383399     25    
53701.030709615006    2.723421414513547     0.23069617597726352    25    
53701.530709615006    2.6144990147664946    0.2290380518867035     25    
53702.030709615006    2.5113713330467218    0.21880931471391382    25    
53702.530709615006    2.412667789536444     0.20793958949314514    25    
53703.030709615006    2.317314611955065     0.20275299765403437    25    
53703.530709615006    2.2256989599567842    0.2010299851788139     25    
53704.030709615006    2.1358852439122122    0.1998387525061293     25    
53704.530709615006    2.0474119403110724    0.19931356169917028    25    
53705.030709615006    1.960854464640056     0.19863530252188386    25    
53705.530709615006    1.8760526862108549    0.19558827908229515    25    
53706.030709615006    1.7926672871843004    0.1903721196889924     25    
53706.530709615006    1.7137217356787537    0.18490759233965248    25    
53707.030709615006    1.6397194762105753    0.1793050560750915     25    
53707.530709615006    1.5710889669316097    0.17412441103256956    25    
53708.030709615006    1.5110575204132795    0.1726890199052065     25    
53708.530709615006    1.459454909476119     0.1762669055887474     25    
53709.030709615006    1.4157163580002587    0.17929205025654424    25    
53709.530709615006    1.3808178997160618    0.1765278045934696     25    
53710.030709615006    1.3539519868979002    0.170676219694042      25    
53710.530709615006    1.3298096636123073    0.16881220520023532    25    
53711.030709615006    1.3093756728191215    0.17328992520335565    25    
53711.530709615006    1.289752385786751     0.17954388174326155    25    
53712.030709615006    1.2664442612746114    0.18463437099370408    25    
53712.530709615006    1.2409119865046794    0.18978610578918892    25    
53713.030709615006    1.211434015365357     0.19110879760296012    25    
53713.530709615006    1.1760571515295413    0.1866111537800052     25    
53714.030709615006    1.137243135516984     0.17786494561055272    25    
53714.530709615006    1.098488190855111     0.16515701539184371    25    
53715.030709615006    1.0584462856241983    0.1449658457618645     25    
53715.530709615006    1.0207416206705047    0.12560462569631048    25    
53716.030709615006    0.987745537309528     0.11865358120281227    25    
53716.530709615006    0.9585006821045504    0.12016960077011808    25    
53717.030709615006    0.9350849338425993    0.12158101777496699    25    
53717.530709615006    0.9184722053300793    0.12071926863292633    25    
53718.030709615006    0.9061993049519006    0.12300754085314337    25    
53718.530709615006    0.8965186034048495    0.13331918606884693    25    
53719.030709615006    0.8901564268621411    0.14880614316006344    25    
53719.530709615006    0.8838642928418566    0.16236733272238546    25    
53720.030709615006    0.8771968981307097    0.17490577414893596    25    
53720.530709615006    0.8699396663244482    0.18439428145183617    25    
53721.030709615006    0.8601922669616913    0.1849312345760498     25    
53721.530709615006    0.8480746943882174    0.17664132588824752    25    
53722.030709615006    0.8347664363030518    0.16491138578835463    25    
53722.530709615006    0.8205120264203284    0.15164341875824727    25    
53723.030709615006    0.8054079697364518    0.13562612202355334    25    
53723.530709615006    0.7908871187147575    0.12216325921991132    25    
53724.030709615006    0.7767157263530242    0.11259664937505755    25    
53724.530709615006    0.7634324364008487    0.1059971235973573     25    
53725.030709615006    0.7518089831528886    0.1027525565576096     25    
53725.530709615006    0.7415544793499351    0.1032558863659706     25    
53726.030709615006    0.7324444433345435    0.1037515200435676     25    
53726.530709615006    0.7245449068831948    0.1033134014795925     25    
53727.030709615006    0.7176796783900058    0.10284419343068811    25    
53727.530709615006    0.7115590105095749    0.10238248110175857    25    
53728.030709615006    0.7062963757602516    0.10188247968994205    25    
53728.530709615006    0.7015729608348525    0.10158731096712141    25    
53729.030709615006    0.6973049325692431    0.1017499128944621     25    
53729.530709615006    0.693469137204786     0.1021250844771576     25    
53730.030709615006    0.6897217212023024    0.10217558383619188    25    
53730.530709615006    0.6861648218424901    0.10153869462809782    25    
53731.030709615006    0.6825458035457406    0.10154361209783257    25    
53731.530709615006    0.6786763871332888    0.10294602504969845    25    
53732.030709615006    0.6746212906582605    0.10544385556234702    25    
53732.530709615006    0.6700202054625044    0.11027358285713847    25    
53733.030709615006    0.6649203072528999    0.11312914067991393    25    
53733.530709615006    0.6591569513454958    0.12281659503319975    25    
53734.030709615006    0.6524592257149816    0.144819456644143      25    