52887.092880379285    1.32313244388311      0.2626204778288741     25    
52887.592880379285    1.490851538447142     0.26188481275880093    25    
52888.092880379285    1.6667440630397161    0.2611527635887415     25    
52888.592880379285    1.849666179918163     0.2646276801215615     25    
52889.092880379285    2.0396015225167705    0.27621313734433484    25    
52889.592880379285    2.2365729305635558    0.2912644003047135     25    
52890.092880379285    2.43943665115661      0.30201259272959785    25    
52890.592880379285    2.648156841844479     0.3051668252242156     25    
52891.092880379285    2.862775563718656     0.3045844935372111     25    
52891.592880379285    3.082149318399496     0.3038516491040788     25    
52892.092880379285    3.306222957231314     0.30430588263191405    25    
52892.592880379285    3.5350574233060614    0.30469718354639513    25    
52893.092880379285    3.767509642447866     0.3049940235474165     25    
52893.592880379285    4.003505329478318     0.3051720333655008     25    
52894.092880379285    4.243123970126816     0.3052556591830434     25    
52894.592880379285    4.485223084102759     0.3052882439964883     25    
52895.092880379285    4.729709419386535     0.3052272965772621     25    
52895.592880379285    4.976680664981958     0.3051099718269242     25    
52896.092880379285    5.224995104165229     0.3051278784089395     25    
52896.592880379285    5.47468939359953      0.3031846026959976     25    
52897.092880379285    5.72575595162495      0.30099861773123393    25    
52897.592880379285    5.976573159139221     0.3056457127990577     25    
52898.092880379285    6.227952651906825     0.323498111498149      25    
52898.592880379285    6.4792866715043615    0.3475252765344435     25    
52899.092880379285    6.725686981438311     0.36558832473196556    25    
52899.592880379285    6.966924124514695     0.37250503195511525    25    
52900.092880379285    7.203326815000486     0.3739373161871715     25    
52900.592880379285    7.428657670715118     0.374559292107617      25    
52901.092880379285    7.641700806979626     0.3764126426999097     25    
52901.592880379285    7.843592393303981     0.3778102222580606     25    
52902.092880379285    8.029113485030004     0.3786603362862079     25    
52902.592880379285    8.19509782529912      0.37842069803141554    25    
52903.092880379285    8.344027948706444     0.37747567529639536    25    
52903.592880379285    8.478593947877453     0.3775545121618779     25    
52904.092880379285    8.598200044391232     0.3796896297530613     25    
52904.592880379285    8.703104102906481     0.38305913982386464    25    
52905.092880379285    8.79967961047505      0.38684510762762453    25    
52905.592880379285    8.889390353999694     0.3914002536203527     25    
52906.092880379285    8.970883446141517     0.39651344945556377    25    
52906.592880379285    9.049722203083686     0.3996518555723464     25    
52907.092880379285    9.12911806153531      0.4013419750956903     25    
52907.592880379285    9.206687854915797     0.4014958273259262     25    
52908.092880379285    9.280732487819241     0.39396454327272246    25    
52908.592880379285    9.351939995037664     0.36970496413229353    25    
52909.092880379285    9.420055862653733     0.3312955400324131     25    
52909.592880379285    9.479583466215749     0.2979857684823336     25    
52910.092880379285    9.529052019872024     0.2888166284426537     25    
52910.592880379285    9.569806227288563     0.2948976066160195     25    
52911.092880379285    9.596913821823815     0.3017143982654353     25    
52911.592880379285    9.607521825635432     0.30183374081061304    25    
52912.092880379285    9.603642790557158     0.3006848973886903     25    
52912.592880379285    9.58622129892255      0.29936653378018147    25    
52913.092880379285    9.554575154209964     0.2980134408960391     25    
52913.592880379285    9.508913084233889     0.29643430199161475    25    
52914.092880379285    9.453622642208863     0.29611513913402865    25    
52914.592880379285    9.390016893365432     0.298727071374567      25    
52915.092880379285    9.316893423489352     0.30327282071693873    25    
52915.592880379285    9.238392809982745     0.30648996705026915    25    
52916.092880379285    9.156554586298427     0.30775488379646515    25    
52916.592880379285    9.069893444623021     0.3078654031560058     25    
52917.092880379285    8.979528226720818     0.30253564836649416    25    
52917.592880379285    8.886341078291956     0.2853770968996605     25    
52918.092880379285    8.789804482438877     0.2574042651376381     25    
52918.592880379285    8.689055707946807     0.23229230824231073    25    
52919.092880379285    8.583803735548035     0.2242448696281441     25    
52919.592880379285    8.474309458074515     0.2276376528826654     25    
52920.092880379285    8.359782454360117     0.23222279619553496    25    
52920.592880379285    8.239667001122498     0.2322255705786995     25    
52921.092880379285    8.114295104640052     0.2314376107481092     25    
52921.592880379285    7.984006995937431     0.23015565562986137    25    
52922.092880379285    7.848715837821663     0.22793019196163555    25    
52922.592880379285    7.708363999373071     0.22480887083824272    25    
52923.092880379285    7.56411885739591      0.22298540783025927    25    
52923.592880379285    7.416393962349717     0.22457167153690294    25    
52924.092880379285    7.2647976584105365    0.2285247798463241     25    
52924.592880379285    7.110594884381707     0.23178775850516728    25    
52925.092880379285    6.953898933672547     0.23280440673816216    25    
52925.592880379285    6.794319993942517     0.2326923299077577     25    
52926.092880379285    6.634783418184134     0.23056410363015023    25    
52926.592880379285    6.4761636492335946    0.22465292629362127    25    
52927.092880379285    6.317432977277906     0.2151664850393843     25    
52927.592880379285    6.162871883853805     0.20685093140273506    25    
52928.092880379285    6.014335866058431     0.20396315421815114    25    
52928.592880379285    5.870211468022996     0.204688057840468      25    
52929.092880379285    5.734605967904553     0.2058654761836292     25    
52929.592880379285    5.610121880633623     0.2056317483555115     25    
52930.092880379285    5.495139789235375     0.20514325602785968    25    
52930.592880379285    5.390305711773201     0.2039378673543325     25    
52931.092880379285    5.296674840596865     0.20116854097064937    25    
52931.592880379285    5.213971175485328     0.1969684436005664     25    
52932.092880379285    5.13968394210241      0.19348168620945436    25    
52932.592880379285    5.07267813452734      0.19259232120024977    25    
52933.092880379285    5.013951417062792     0.19351623719335545    25    
52933.592880379285    4.961015490348424     0.1946506372776622     25    
52934.092880379285    4.912416939846603     0.19500622681353846    25    
52934.592880379285    4.869178224235656     0.19517148891728234    25    
52935.092880379285    4.829894127762096     0.19494349744441922    25    
52935.592880379285    4.793595117971867     0.1940746639136878     25    
52936.092880379285    4.760863412970001     0.19264155886375572    25    
52936.592880379285    4.731392516220989     0.19096928754108947    25    
52937.092880379285    4.704993215201551     0.1891053453237255     25    
52937.592880379285    4.681818097905866     0.186872749883523      25    
52938.092880379285    4.661555157352848     0.1851529630471561     25    
52938.592880379285    4.644167906942018     0.18489067927527988    25    
52939.092880379285    4.629837745959828     0.18583028667547122    25    
52939.592880379285    4.6175920783669815    0.18657798619499957    25    
52940.092880379285    4.607058024598389     0.18574182606160955    25    
52940.592880379285    4.598729217869237     0.18366987436317492    25    
52941.092880379285    4.590883853927577     0.1825004589513907     25    
52941.592880379285    4.582555449224127     0.1842951297873015     25    
52942.092880379285    4.574546555516102     0.18839628576340398    25    
52942.592880379285    4.5651644665326545    0.19221323328963655    25    
52943.092880379285    4.5531691622082775    0.1940840088319679     25    
52943.592880379285    4.5392675534026585    0.19497783776779798    25    
52944.092880379285    4.523038056512094     0.1945841068810258     25    
52944.592880379285    4.5038748266830515    0.19251171873957143    25    
52945.092880379285    4.4818495842233785    0.18884742141562616    25    
52945.592880379285    4.4581525182549635    0.18377735463325132    25    
52946.092880379285    4.433455818763369     0.17663599850170736    25    
52946.592880379285    4.407191976884187     0.16657700801338732    25    
52947.092880379285    4.380554269671651     0.1576656179972395     25    
52947.592880379285    4.354500716312014     0.154729916294949      25    
52948.092880379285    4.328551870415653     0.1569934805584371     25    
52948.592880379285    4.302799312971061     0.1593426515516405     25    
52949.092880379285    4.277630344409276     0.15746442250334117    25    
52949.592880379285    4.253175220436116     0.15257752499513613    25    
52950.092880379285    4.227968233879996     0.14808188170464714    25    
52950.592880379285    4.201105298498716     0.14701588288603873    25    
52951.092880379285    4.173331788225891     0.14843399682524813    25    
52951.592880379285    4.143169081159652     0.15074681870550505    25    
52952.092880379285    4.1094310508307546    0.15319913576739289    25    
52952.592880379285    4.07276665324508      0.15654398484120968    25    
52953.092880379285    4.032697776867846     0.15883911186247265    25    
52953.592880379285    3.9885654599726132    0.15835402847825875    25    
52954.092880379285    3.9404062729672003    0.15564824558791393    25    
52954.592880379285    3.8893212989795125    0.1516063111675133     25    
52955.092880379285    3.8360052005928313    0.14643027432473443    25    
52955.592880379285    3.779879165251376     0.139193211472774      25    
52956.092880379285    3.7220777258554576    0.13245413654110982    25    
52956.592880379285    3.66348568688512      0.1293448443004933     25    
52957.092880379285    3.6035176090285406    0.12957800888683463    25    
52957.592880379285    3.542995585600602     0.13017346563445373    25    
52958.092880379285    3.4826507323728464    0.1284120071785973     25    
52958.592880379285    3.4221003645293804    0.12480393819524771    25    
52959.092880379285    3.3616325110700487    0.12155237761885199    25    
52959.592880379285    3.3015154481220415    0.12068595166550289    25    
52960.092880379285    3.241567641676695     0.12168627049864553    25    
52960.592880379285    3.182056676774032     0.12359214513261796    25    
52961.092880379285    3.1232019352473985    0.12603971482170717    25    
52961.592880379285    3.0648431536541607    0.12968224778201162    25    
52962.092880379285    3.0072436371304323    0.13242384517096686    25    
52962.592880379285    2.950621982976946     0.1322812567423759     25    
52963.092880379285    2.894822594808932     0.1296629778227855     25    
52963.592880379285    2.8400924934912064    0.12597779641245374    25    
52964.092880379285    2.7866404876402333    0.12251519939585921    25    
52964.592880379285    2.734315661504672     0.11899131963016692    25    
52965.092880379285    2.6833618083738613    0.11448221314001764    25    
52965.592880379285    2.6340051197818415    0.10758686324582359    25    
52966.092880379285    2.586122530867108     0.09714034388842131    25    
52966.592880379285    2.539838880993245     0.08658324224094217    25    
52967.092880379285    2.495312440540465     0.08105856264452348    25    
52967.592880379285    2.452526854054601     0.08090343684039593    25    
52968.092880379285    2.4113378162581913    0.08229834321188634    25    
52968.592880379285    2.371646220339081     0.08191378910006726    25    
52969.092880379285    2.3335362149580847    0.08076941064760461    25    
52969.592880379285    2.2968518866802285    0.07949516471071931    25    
52970.092880379285    2.2614536295110543    0.07832768215003304    25    
52970.592880379285    2.2274387429955054    0.07710399019218175    25    
52971.092880379285    2.194657142139368     0.07607680359129397    25    
52971.592880379285    2.162967476303395     0.0755492291526201     25    
52972.092880379285    2.132467196566631     0.075473422859381      25    
52972.592880379285    2.1030078110455537    0.07570807750061352    25    
52973.092880379285    2.074446253160818     0.07594653552481678    25    
52973.592880379285    2.046880068116181     0.07577709986719407    25    
52974.092880379285    2.020162385843499     0.07677135826137559    25    
52974.592880379285    1.9941484525280364    0.08072471540610691    25    
52975.092880379285    1.9689358500888623    0.0876322604018652     25    
52975.592880379285    1.944379358977917     0.09423651105450832    25    
52976.092880379285    1.9203325668497688    0.09778622346504105    25    
52976.592880379285    1.8968930349293947    0.09824919203820945    25    
52977.092880379285    1.8739172228935221    0.09948651151192701    25    
52977.592880379285    1.8512570885707205    0.10425117038008373    25    