54548.14820398567    199.23728497090354    25.519717841998123    25    
54548.64820398567    238.84914749767117    25.623938001199257    25    
54549.14820398567    281.7206043414579     25.81595513384765     25    
54549.64820398567    327.75391605576147    26.294145718855845    25    
54550.14820398567    376.89468853995413    26.818291964942134    25    
54550.64820398567    429.0254508518375     27.06846923604162     25    
54551.14820398567    484.10998744468986    27.2048869133688      25    
54551.64820398567    542.0142017641966     27.373447771590527    25    
54552.14820398567    602.7169509339619     27.540084602919023    25    
54552.64820398567    666.0706186711373     27.69712122035642     25    
54553.14820398567    732.0660288860684     27.850715476335925    25    
54553.64820398567    800.5451514509548     28.00890424768209     25    
54554.14820398567    871.5076711793038     28.178186847665106    25    
54554.64820398567    944.8389004224814     28.31125969653275     25    
54555.14820398567    1020.5104539741712    28.46582326783379     25    
54555.64820398567    1098.1991916041266    29.583247121124444    25    
54556.14820398567    1177.9271465211716    31.528304736277022    25    
54556.64820398567    1256.1658581203326    32.75935685682728     25    
54557.14820398567    1333.1474917908747    33.29901893112068     25    
54557.64820398567    1404.2157187984646    33.76096210320876     25    
54558.14820398567    1469.3960918305702    34.19013409573687     25    
54558.64820398567    1524.8075094269934    34.480143338187005    25    
54559.14820398567    1569.4841691537606    34.570779227496715    25    
54559.64820398567    1605.0808886713526    34.769153890513685    25    
54560.14820398567    1631.1550040953573    35.172551876515236    25    
54560.64820398567    1650.9848516971988    35.62956348999821     25    
54561.14820398567    1665.1480043761435    36.19193571506231     25    
54561.64820398567    1675.9486442165894    36.52300115044992     25    
54562.14820398567    1684.8849114162672    36.6284158275077      25    
54562.64820398567    1691.487447656384     35.96303198777574     25    
54563.14820398567    1696.2389712544962    33.359839862848155    25    
54563.64820398567    1698.092936636497     30.70674752117807     25    
54564.14820398567    1696.3992239733147    30.52895059125028     25    
54564.64820398567    1690.7366888899478    31.112072804290307    25    
54565.14820398567    1680.0412990074153    31.00462415115619     25    
54565.64820398567    1664.8937496971141    30.74779274858581     25    
54566.14820398567    1645.4634842241026    30.456530410493247    25    
54566.64820398567    1622.2767040443368    30.19623344638554     25    
54567.14820398567    1596.5640750121377    30.308992669408696    25    
54567.64820398567    1568.4555865814816    30.575949346360076    25    
54568.14820398567    1539.3633065087472    30.482934305651114    25    
54568.64820398567    1509.119731347154     30.126983269303263    25    
54569.14820398567    1478.2472193610884    29.44836348697305     25    
54569.64820398567    1446.6514055276436    28.515729165112436    25    
54570.14820398567    1414.1782357637571    28.147518309695037    25    
54570.64820398567    1380.832596321009     28.27196104114164     25    
54571.14820398567    1346.4746779668915    28.208043904367827    25    
54571.64820398567    1311.1063183417618    27.969358542351756    25    
54572.14820398567    1274.8159137166901    27.628865162673275    25    
54572.64820398567    1237.5866866538042    27.156024395133578    25    
54573.14820398567    1199.664229141927     26.944121982897936    25    
54573.64820398567    1161.043227865961     27.10295803728011     25    
54574.14820398567    1121.9526687380987    27.175114548940943    25    
54574.64820398567    1082.3670917635548    27.243716444050786    25    
54575.14820398567    1042.6807930467692    26.36203098484905     25    
54575.64820398567    1002.8994403877629    23.537813264915712    25    
54576.14820398567    963.5067113972336     21.142943811019943    25    
54576.64820398567    924.6017184254264     20.981609370539402    25    
54577.14820398567    886.5847913439809     21.221619169466166    25    
54577.64820398567    849.67930659734       21.07309873156925     25    
54578.14820398567    813.9905771352161     20.81069049416492     25    
54578.64820398567    779.692476580066      20.278206204088498    25    
54579.14820398567    746.7237134212235     19.77229089644766     25    
54579.64820398567    715.0912639225314     19.67393973969911     25    
54580.14820398567    684.7892323817306     19.709850898698484    25    
54580.64820398567    655.8316474178323     19.649833511634288    25    
54581.14820398567    628.1746417701428     19.537610155648206    25    
54581.64820398567    601.7693353252549     19.35857597695071     25    
54582.14820398567    576.5664605575183     19.04325934035133     25    
54582.64820398567    552.4193870353051     18.23708583608963     25    
54583.14820398567    529.3140612930783     17.17189215719694     25    
54583.64820398567    507.0729689522219     16.84460598922715     25    
54584.14820398567    485.71932048376044    17.008032862902663    25    
54584.64820398567    465.19469087227054    16.832319305119622    25    
54585.14820398567    445.51795669392817    16.44867131307702     25    
54585.64820398567    426.80308693947654    16.411935810706286    25    
54586.14820398567    409.0456152528193     16.680425022803284    25    
54586.64820398567    392.37233662284063    16.808919794529988    25    
54587.14820398567    376.78458087454953    16.80653137088454     25    
54587.64820398567    362.23021974032486    16.58445929345079     25    
54588.14820398567    348.734220801285      16.108600681434705    25    
54588.64820398567    336.0104581278519     15.53902968517171     25    
54589.14820398567    324.0617626943888     14.82039179188763     25    
54589.64820398567    312.6203531436768     14.44219457918871     25    
54590.14820398567    301.64353913684937    14.688216303031574    25    
54590.64820398567    291.0308789130997     14.749595965325828    25    
54591.14820398567    280.7155502788748     14.263616573084446    25    
54591.64820398567    270.79795292556764    13.84448438759504     25    
54592.14820398567    261.28902572281567    13.773872639555313    25    
54592.64820398567    252.25701965383408    13.841801621031253    25    
54593.14820398567    243.74830334411348    14.062354875015558    25    
54593.64820398567    235.76061135004696    14.206180732977959    25    
54594.14820398567    228.3334624269287     14.167421660726992    25    
54594.64820398567    221.39562118276254    13.736212415324578    25    
54595.14820398567    214.8983440487185     12.164862924082952    25    
54595.64820398567    208.80468137700865    10.188688619847936    25    
54596.14820398567    203.03860992193646    9.709847173207063     25    
54596.64820398567    197.59212168166928    9.94500500236299      25    
54597.14820398567    192.3984832187344     9.723771283210896     25    
54597.64820398567    187.47011043066388    9.437310778894895     25    
54598.14820398567    182.79511736602953    9.486251891405953     25    
54598.64820398567    178.37443127883586    9.752407532642804     25    
54599.14820398567    174.20275123804223    10.098712198743467    25    
54599.64820398567    170.27845247058633    10.478703577971464    25    
54600.14820398567    166.5879665626193     10.474521514841895    25    
54600.64820398567    163.13005566198314    10.152045882546446    25    
54601.14820398567    159.86956175063906    9.815474215134456     25    
54601.64820398567    156.80806497328237    9.446190591668657     25    
54602.14820398567    153.9079300212822     8.675434970340332     25    
54602.64820398567    151.17041854339115    7.313855154048043     25    
54603.14820398567    148.56568210993802    6.456386836516125     25    
54603.64820398567    146.09242865372735    6.514039019630135     25    
54604.14820398567    143.74027613321795    6.554635025494216     25    
54604.64820398567    141.50865973050324    6.432354721732209     25    
54605.14820398567    139.38840521550037    6.305982180478984     25    
54605.64820398567    137.3788373936112     6.179030813323171     25    
54606.14820398567    135.4710781665355     6.0928531406442215    25    
54606.64820398567    133.66368847798802    6.072105051156594     25    
54607.14820398567    131.94864887711282    6.087893162578498     25    
54607.64820398567    130.32356687442353    6.03353330735267      25    
54608.14820398567    128.78147123802168    6.242733158771271     25    
54608.64820398567    127.31882647370713    7.053149849759286     25    
54609.14820398567    125.92989766414888    7.805385485447877     25    
54609.64820398567    124.60982116662792    7.969823362473972     25    
54610.14820398567    123.35422087831269    8.213033230054489     25    
54610.64820398567    122.15690484397587    8.853810401076085     25    