57653.797816179394    805.5849479913373     127.50924740586696    25    
57654.297816179394    958.4257809633218     126.69283091821251    25    
57654.797816179394    1121.223230171739     128.38578961705974    25    
57655.297816179394    1293.098700471956     138.75215766820054    25    
57655.797816179394    1473.3782632836242    149.0341355488791     25    
57656.297816179394    1661.0852113340343    151.04245366227337    25    
57656.797816179394    1855.6403512476747    150.26723214766227    25    
57657.297816179394    2055.975617470235     150.60380819317382    25    
57657.797816179394    2261.5997979845697    150.88659219333692    25    
57658.297816179394    2471.36022280124      151.06030352091256    25    
57658.797816179394    2684.8469074149903    151.15800881580907    25    
57659.297816179394    2900.829331247729     151.18498554953214    25    
57659.797816179394    3118.9719834596103    151.21958211469922    25    
57660.297816179394    3338.1023122379506    149.97914678529307    25    
57660.797816179394    3557.6844015396164    150.48820209455812    25    
57661.297816179394    3776.619886209495     162.7581175023371     25    
57661.797816179394    3993.0199716391403    178.76253671468598    25    
57662.297816179394    4201.200023743159     184.48265707096775    25    
57662.797816179394    4399.952396184847     184.98224905104703    25    
57663.297816179394    4581.191518830278     186.18506897672248    25    
57663.797816179394    4744.716903761022     187.07992138183621    25    
57664.297816179394    4882.16771608061      187.09733950157494    25    
57664.797816179394    4995.556890630668     186.6143904115521     25    
57665.297816179394    5087.969641239689     187.6561337408002     25    
57665.797816179394    5160.326927967596     189.82415856421906    25    
57666.297816179394    5221.331954230638     192.5055312562058     25    
57666.797816179394    5270.891888459903     195.45534572379813    25    
57667.297816179394    5317.524991130896     196.71239770189607    25    
57667.797816179394    5360.460810630845     195.9445723211218     25    
57668.297816179394    5399.124493438031     182.353864716978      25    
57668.797816179394    5433.330890253519     154.25632260638662    25    
57669.297816179394    5457.848210624652     140.74387166906172    25    
57669.797816179394    5472.791760558312     145.0109209854454     25    
57670.297816179394    5473.358773426197     146.78660115155984    25    
57670.797816179394    5459.4816975965205    146.05713680077818    25    
57671.297816179394    5433.057011468808     145.29623351741367    25    
57671.797816179394    5393.836449624373     144.45632034988688    25    
57672.297816179394    5347.313713237049     145.333368194969      25    
57672.797816179394    5293.4596755438815    148.30625421251654    25    
57673.297816179394    5237.24070800773      149.78855675084043    25    
57673.797816179394    5179.171789247565     150.06093748189286    25    
57674.297816179394    5119.482842504498     142.7349273126192     25    
57674.797816179394    5058.600785226046     122.89090414955893    25    
57675.297816179394    4994.078101223825     109.40844008060324    25    
57675.797816179394    4925.81789823098      110.9594988313893     25    
57676.297816179394    4851.840255180385     112.93005493284218    25    
57676.797816179394    4771.631101367375     112.54104590729699    25    
57677.297816179394    4685.3928206181645    111.62601717315863    25    
57677.797816179394    4592.800692510623     109.75294369232331    25    
57678.297816179394    4495.338224430021     109.26406112692646    25    
57678.797816179394    4393.165306604509     111.61294940352019    25    
57679.297816179394    4287.5183321827535    113.2846230191951     25    
57679.797816179394    4178.508802587218     113.32148110276536    25    
57680.297816179394    4067.8270236398953    111.48934992007125    25    
57680.797816179394    3955.7668165495224    106.23725276858954    25    
57681.297816179394    3844.2599580856463    101.74834660467802    25    
57681.797816179394    3733.9220513432497    101.15070509234071    25    
57682.297816179394    3626.4460688077525    101.27113806339553    25    
57682.797816179394    3522.842651864743     100.88834030020449    25    
57683.297816179394    3423.6889566673776    99.97798534792668     25    
57683.797816179394    3329.710410416569     97.60298849149325     25    
57684.297816179394    3240.772932060558     95.49703474925907     25    
57684.797816179394    3156.9763212904827    95.3637861275752      25    
57685.297816179394    3078.3652194335473    95.72362461614156     25    
57685.797816179394    3005.224460535812     95.68022818388371     25    
57686.297816179394    2936.9486580047483    95.43867165749923     25    
57686.797816179394    2873.3514031099926    94.89266870901977     25    
57687.297816179394    2813.4582343313864    94.00954733168884     25    
57687.797816179394    2756.23370449936      92.3831835731928      25    
57688.297816179394    2701.044760929283     90.83276409531204     25    
57688.797816179394    2646.515599184436     90.91839431125672     25    
57689.297816179394    2592.687556675158     91.37227431776925     25    
57689.797816179394    2538.781180838348     90.21547371813264     25    
57690.297816179394    2485.225999549577     88.94627679685023     25    
57690.797816179394    2432.3644465117213    90.13068932281408     25    
57691.297816179394    2380.321680517934     92.16783085788697     25    
57691.797816179394    2329.5662038189307    92.98067417404474     25    
57692.297816179394    2280.079819446154     92.87812310369799     25    
57692.797816179394    2232.1449409181578    91.3627175980285      25    
57693.297816179394    2185.6730716951665    88.32104006079997     25    
57693.797816179394    2140.5966122273053    82.00544890459253     25    
57694.297816179394    2096.899285574232     73.73107125859623     25    
57694.797816179394    2054.5381898703013    71.54952025944822     25    
57695.297816179394    2013.423283783536     73.28634039006047     25    
57695.797816179394    1973.224325308782     71.96108886385214     25    
57696.297816179394    1933.8220358421233    69.08833801983512     25    
57696.797816179394    1894.3488445509015    68.35876550388166     25    
57697.297816179394    1854.7821604022809    69.2175702898745      25    
57697.797816179394    1814.1305742662958    70.50505654944963     25    
57698.297816179394    1772.4822992334998    72.10605253636956     25    
57698.797816179394    1729.5252565428714    72.09763739011767     25    
57699.297816179394    1685.3644186842976    70.64227747202654     25    
57699.797816179394    1641.0409508370833    67.28042535951907     25    
57700.297816179394    1596.5418908632275    61.89460099065464     25    
57700.797816179394    1553.0101962829478    59.40718233310494     25    
57701.297816179394    1510.4165944892864    60.015073189250074    25    
57701.797816179394    1469.4125722599408    59.204749485265225    25    
57702.297816179394    1430.0076548390211    56.84418976934562     25    
57702.797816179394    1391.8369200799239    55.929494190575234    25    
57703.297816179394    1354.9117950699433    56.665543006593715    25    
57703.797816179394    1318.8248785273954    58.09457160341088     25    
57704.297816179394    1283.559630900874     60.311503022913115    25    
57704.797816179394    1248.962712853013     60.77910304096149     25    
57705.297816179394    1214.9753388496931    59.11668249350255     25    
57705.797816179394    1181.9823308553857    57.07698850226066     25    
57706.297816179394    1149.9801626824622    55.04361618707482     25    
57706.797816179394    1119.3619580749378    50.983993262795444    25    
57707.297816179394    1090.1682826507795    42.99736588784739     25    
57707.797816179394    1062.617538922892     37.16747605431738     25    
57708.297816179394    1036.7948305523305    37.30702010368248     25    
57708.797816179394    1012.5356175471869    37.758212940134165    25    
57709.297816179394    989.8405430306004     37.108761047598314    25    
57709.797816179394    968.5501111407566     36.373973744946674    25    
57710.297816179394    948.643226002453      35.56483950446065     25    
57710.797816179394    929.9756098433977     34.96201903077943     25    
57711.297816179394    912.5198341352465     34.71090237164594     25    
57711.797816179394    896.138308750322      34.7018160668379      25    
57712.297816179394    880.7965625241936     34.31993242571389     25    
57712.797816179394    866.3644029567405     35.920820222289365    25    
57713.297816179394    852.7996062645038     41.37013094564458     25    
57713.797816179394    839.9800875578628     45.76172376467678     25    
57714.297816179394    827.8551604513896     46.510633109356306    25    
57714.797816179394    816.3115576489029     47.9021750059621      25    