54394.43259369355    0.8675637203820658    0.13280287472065597     25    
54394.93259369355    0.9764203092777848    0.13289639980310677     25    
54395.43259369355    1.0915502795693783    0.13292745695434763     25    
54395.93259369355    1.2128549868301057    0.13388241509641577     25    
54396.43259369355    1.340287873590505     0.13681647044698494     25    
54396.93259369355    1.473905433769456     0.14148998070444183     25    
54397.43259369355    1.613619341479755     0.1459526468299999      25    
54397.93259369355    1.7593469913670698    0.14850648446736944     25    
54398.43259369355    1.9111499696165484    0.14931210979603657     25    
54398.93259369355    2.068970905959582     0.14937002510476116     25    
54399.43259369355    2.232711784236046     0.14955655984101857     25    
54399.93259369355    2.4023980087392194    0.1500210668688063      25    
54400.43259369355    2.5780238018981563    0.15046379759709338     25    
54400.93259369355    2.7594905192861208    0.15087512162603176     25    
54401.43259369355    2.9467636727660365    0.15124694332906277     25    
54401.93259369355    3.139892150924044     0.15158622716216044     25    
54402.43259369355    3.338783163873293     0.15190832943557434     25    
54402.93259369355    3.543361083325567     0.15222133070777463     25    
54403.43259369355    3.7536900746658133    0.15250440633998014     25    
54403.93259369355    3.969703211359515     0.1528025931448264      25    
54404.43259369355    4.1913139513085795    0.15316060967560513     25    
54404.93259369355    4.4189079778731575    0.15318031874177904     25    
54405.43259369355    4.652068833192157     0.15330861473850144     25    
54405.93259369355    4.889908808759534     0.15445957718335418     25    
54406.43259369355    5.1338074508256       0.157534326930781       25    
54406.93259369355    5.383856496012575     0.161971768841303       25    
54407.43259369355    5.633900583398686     0.16617139957615004     25    
54407.93259369355    5.879963166942988     0.16887361570916407     25    
54408.43259369355    6.126784179628305     0.17052180600542252     25    
54408.93259369355    6.3676614682671255    0.1717173933010316      25    
54409.43259369355    6.594560337048197     0.17293714247524292     25    
54409.93259369355    6.811119544010718     0.174191729441033       25    
54410.43259369355    7.015138260574852     0.17530400290995327     25    
54410.93259369355    7.199320159782934     0.17618207655918872     25    
54411.43259369355    7.360016947553576     0.1766520729695892      25    
54411.93259369355    7.500643137974351     0.1768122082642508      25    
54412.43259369355    7.623305301011431     0.17705650692944583     25    
54412.93259369355    7.728486509825327     0.1776992731658029      25    
54413.43259369355    7.813864299218528     0.17860048443694615     25    
54413.93259369355    7.885187280394345     0.179628718651712       25    
54414.43259369355    7.948325319752109     0.18070555061204105     25    
54414.93259369355    7.999833593517959     0.18206771806604544     25    
54415.43259369355    8.042335103885462     0.18337923900899583     25    
54415.93259369355    8.081732872437197     0.1841257545755532      25    
54416.43259369355    8.119638369305624     0.184874014354904       25    
54416.93259369355    8.153832374877993     0.18531371498589352     25    
54417.43259369355    8.184552698742168     0.18359398106358013     25    
54417.93259369355    8.212534201058196     0.17729123960840043     25    
54418.43259369355    8.238088356146964     0.16594866598756464     25    
54418.93259369355    8.258598831512877     0.1541671884780033      25    
54419.43259369355    8.271720550485755     0.1477979948249183      25    
54419.93259369355    8.279070837788762     0.1476079250693002      25    
54420.43259369355    8.279250795650489     0.1499968645550008      25    
54420.93259369355    8.269760151155008     0.15141932044714132     25    
54421.43259369355    8.249954623856471     0.15121194105323088     25    
54421.93259369355    8.220894403740608     0.15066196271170423     25    
54422.43259369355    8.183100114029292     0.150010513266715       25    
54422.93259369355    8.136310163434773     0.14931303621854447     25    
54423.43259369355    8.080158789154245     0.14843906343953242     25    
54423.93259369355    8.016881884598975     0.1477429375815067      25    
54424.43259369355    7.9482804878151905    0.14762093141286917     25    
54424.93259369355    7.872869084893454     0.14820355194069054     25    
54425.43259369355    7.792155310847472     0.14889815844254628     25    
54425.93259369355    7.708351635792995     0.14904626351532047     25    
54426.43259369355    7.621131498455401     0.14834294483937105     25    
54426.93259369355    7.530344580251886     0.1472818133572267      25    
54427.43259369355    7.437035997241875     0.14647502961751002     25    
54427.93259369355    7.341672797097959     0.14633581168548684     25    
54428.43259369355    7.243803597363832     0.14658059778277074     25    
54428.93259369355    7.143646053442276     0.1468903886086104      25    
54429.43259369355    7.041362209490131     0.1470272751890195      25    
54429.93259369355    6.936799403351942     0.14714514362525857     25    
54430.43259369355    6.8301342698168614    0.14715376817457618     25    
54430.93259369355    6.7215822411043105    0.14691303669752495     25    
54431.43259369355    6.61094719281282      0.14639737935268704     25    
54431.93259369355    6.49841777732407      0.14568292271475689     25    
54432.43259369355    6.384414080910653     0.1448382970448218      25    
54432.93259369355    6.268920480494894     0.1437422456204852      25    
54433.43259369355    6.1518439173758415    0.14242709997520658     25    
54433.93259369355    6.033741292303662     0.14133773033520544     25    
54434.43259369355    5.914943940121248     0.14091080340412793     25    
54434.93259369355    5.7950983978322       0.1410954269526568      25    
54435.43259369355    5.67467491670041      0.1413840615134048      25    
54435.93259369355    5.554181867154533     0.14136689751907933     25    
54436.43259369355    5.433287513682421     0.14190845404217212     25    
54436.93259369355    5.312270136178915     0.14187978286848538     25    
54437.43259369355    5.19172254858305      0.13942278890077922     25    
54437.93259369355    5.071585631017258     0.1321381084369633      25    
54438.43259369355    4.951794294238024     0.12132255350445116     25    
54438.93259369355    4.832964146607363     0.11136492362851827     25    
54439.43259369355    4.715394798678304     0.10703138488129273     25    
54439.93259369355    4.598730759167296     0.10710411784888296     25    
54440.43259369355    4.4835126932452685    0.10859226742216366     25    
54440.93259369355    4.370265853437097     0.10881179439874164     25    
54441.43259369355    4.258683368761507     0.10844206517409576     25    
54441.93259369355    4.148982366885102     0.10793018015135274     25    
54442.43259369355    4.041594742086962     0.10719198720535385     25    
54442.93259369355    3.9364842481707067    0.10598591826454001     25    
54443.43259369355    3.8336055886203266    0.10453215042819441     25    
54443.93259369355    3.733227771661339     0.1033656626165239      25    
54444.43259369355    3.6354539741245646    0.10293064114513464     25    
54444.93259369355    3.5401497882919397    0.10302052811123341     25    
54445.43259369355    3.4475454777094603    0.10321837984143674     25    
54445.93259369355    3.3578717313222093    0.1031719875046489      25    
54446.43259369355    3.271115500715935     0.1030347258632912      25    
54446.93259369355    3.187112654801223     0.10278486986145006     25    
54447.43259369355    3.1057104241952302    0.10233311317822287     25    
54447.93259369355    3.0271587137886597    0.10199472293802918     25    
54448.43259369355    2.951214471211346     0.10143510157065036     25    
54448.93259369355    2.877284967907767     0.09989940712450678     25    
54449.43259369355    2.805235899604239     0.09631870096903677     25    
54449.93259369355    2.735307127549979     0.09090285985960815     25    
54450.43259369355    2.6669179004414603    0.08573898782568586     25    
54450.93259369355    2.5995916881795607    0.08317330275421807     25    
54451.43259369355    2.5335721943413505    0.0830582683426904      25    
54451.93259369355    2.4688210837290905    0.08379942074001437     25    
54452.43259369355    2.4052125582196977    0.08384314375107178     25    
54452.93259369355    2.342550802572388     0.08300933650428181     25    
54453.43259369355    2.281130592487608     0.08201077282629797     25    
54453.93259369355    2.2214037886067333    0.08139928424395797     25    
54454.43259369355    2.1634009332489232    0.08157463294978613     25    
54454.93259369355    2.106998690342894     0.08222762863925598     25    
54455.43259369355    2.0526657466531932    0.08287261591252243     25    
54455.93259369355    2.000767287104864     0.08318037703881193     25    
54456.43259369355    1.9511248858585788    0.08338484087945225     25    
54456.93259369355    1.9036752691292755    0.08335250511105158     25    
54457.43259369355    1.8584205256743884    0.08290437630139796     25    
54457.93259369355    1.81566590634662      0.08206516899943159     25    
54458.43259369355    1.7749508315956468    0.080853428461264       25    
54458.93259369355    1.7355767028584255    0.07923553387847346     25    
54459.43259369355    1.6976110402401652    0.07676076465359577     25    
54459.93259369355    1.661133961370069     0.07365531515966073     25    
54460.43259369355    1.6254094285690144    0.07105080568765458     25    
54460.93259369355    1.5899814829738206    0.07008871800345493     25    
54461.43259369355    1.5552046354608802    0.07049939677079135     25    
54461.93259369355    1.5208665757260809    0.07115762638746459     25    
54462.43259369355    1.4866941611176483    0.07100137785185619     25    
54462.93259369355    1.4525687454636214    0.07003784499922655     25    
54463.43259369355    1.4188591617333264    0.06886871534855281     25    
54463.93259369355    1.385997598231987     0.06807040051096779     25    
54464.43259369355    1.3538601592848232    0.06783314096826874     25    
54464.93259369355    1.3224816135362678    0.06789528478643833     25    
54465.43259369355    1.2923488734323554    0.0680874875899869      25    
54465.93259369355    1.2637238591250848    0.06839406831439777     25    
54466.43259369355    1.2363815135627034    0.06891142543515638     25    
54466.93259369355    1.2104518834980313    0.06929518241362961     25    
54467.43259369355    1.1861058592818492    0.06933367942396268     25    
54467.93259369355    1.1634509305638787    0.06950400286976702     25    
54468.43259369355    1.1421331944310544    0.06902789323589144     25    
54468.93259369355    1.1217480824449633    0.06681335654724344     25    
54469.43259369355    1.1024708156143521    0.061243799807357904    25    
54469.93259369355    1.084199767615448     0.053419418941036134    25    
54470.43259369355    1.0664689601770732    0.04641354218938747     25    
54470.93259369355    1.049108963793029     0.04375347481068157     25    
54471.43259369355    1.0323177455329189    0.04425520571269828     25    
54471.93259369355    1.0158474366053372    0.045464355761028794    25    
54472.43259369355    0.999467748950516     0.04534038373583991     25    
54472.93259369355    0.983227401863136     0.04459427264128506     25    
54473.43259369355    0.9672665646830674    0.04381439355388389     25    
54473.93259369355    0.9517086844193677    0.04340491525456101     25    
54474.43259369355    0.9364723701183083    0.043414506718361195    25    
54474.93259369355    0.9216246781808877    0.04366938626741964     25    
54475.43259369355    0.9073394815554204    0.04405002656777868     25    
54475.93259369355    0.8936653516855078    0.0446440938703141      25    
54476.43259369355    0.880538503751608     0.04543306359865327     25    
54476.93259369355    0.8680323031344672    0.04600340555960916     25    
54477.43259369355    0.8562259954381918    0.04601324888447945     25    
54477.93259369355    0.8451234519055594    0.045564986871266644    25    
54478.43259369355    0.8345957418540395    0.044900972946980054    25    
54478.93259369355    0.8245201994182619    0.044272288288429655    25    
54479.43259369355    0.8149847760647166    0.04387058720288589     25    
54479.93259369355    0.8059104967348473    0.043302686026253985    25    
54480.43259369355    0.7971338354970313    0.04202911245068625     25    
54480.93259369355    0.78864845860999      0.03925251657743362     25    
54481.43259369355    0.7804887324560041    0.035295191610997076    25    
54481.93259369355    0.7725375619976987    0.03159994504167976     25    
54482.43259369355    0.7647145037552452    0.029918871622009683    25    
54482.93259369355    0.7570700409123201    0.029959179170498756    25    
54483.43259369355    0.7496049224748486    0.030549908856008546    25    
54483.93259369355    0.7423131867677566    0.03061133661351149     25    
54484.43259369355    0.735191711072016     0.03036651594788245     25    
54484.93259369355    0.7282493718714622    0.030066120897985465    25    
54485.43259369355    0.721496775545145     0.029772536294886763    25    
54485.93259369355    0.7149315043440743    0.02947234050445417     25    
54486.43259369355    0.708553831765336     0.029165994905197352    25    
54486.93259369355    0.7023744064588606    0.028916801484863554    25    
54487.43259369355    0.6963972369767575    0.02876825766421254     25    
54487.93259369355    0.6906168504186446    0.028694560892519247    25    
54488.43259369355    0.6850431732599388    0.0286837315127247      25    
54488.93259369355    0.6796845393971408    0.028673999966473098    25    
54489.43259369355    0.6745340582584641    0.028464532927279684    25    
54489.93259369355    0.6695987486463397    0.028503819240799685    25    
54490.43259369355    0.6648890420323061    0.02934361858995986     25    
54490.93259369355    0.6604010857118744    0.031389147457244915    25    
54491.43259369355    0.6561367630451407    0.03385182361223147     25    
54491.93259369355    0.6521067226820338    0.03580030401151164     25    
54492.43259369355    0.6483135632059536    0.036625287438379055    25    
54492.93259369355    0.64475284688342      0.036797594699723275    25    
54493.43259369355    0.6414348749916591    0.037218329072845266    25    
54493.93259369355    0.6383671211677806    0.03845896837475805     25    