54394.43259369355    0.7266976715689644     0.193774943266525       25    
54394.93259369355    0.8204912498202551     0.18983086514329212     25    
54395.43259369355    0.9200934885622151     0.18455036816503037     25    
54395.93259369355    1.0255813591438865     0.19064976384398327     25    
54396.43259369355    1.136991189935255      0.2193607449697875      25    
54396.93259369355    1.254278899245215      0.2621971569683501      25    
54397.43259369355    1.3775134069602561     0.2984227687612249      25    
54397.93259369355    1.5067591692870799     0.31629716910936373     25    
54398.43259369355    1.6419681310855285     0.31929132661312876     25    
54398.93259369355    1.7831850578544233     0.3161314085785505      25    
54399.43259369355    1.9304864307120764     0.3142447473548607      25    
54399.93259369355    2.083852426919502      0.31490434054034083     25    
54400.43259369355    2.243287554662737      0.3155484193778379      25    
54400.93259369355    2.4088687852908293     0.3161660558190808      25    
54401.43259369355    2.580623029583482      0.3167491541803229      25    
54401.93259369355    2.7585121402215447     0.31730570634899524     25    
54402.43259369355    2.942608520309835      0.3178474508342947      25    
54402.93259369355    3.1329711819138173     0.3183799004084148      25    
54403.43259369355    3.3295500573671957     0.3188867426744398      25    
54403.93259369355    3.5323973688361714     0.3194082006798335      25    
54404.43259369355    3.741599081987928      0.3200250210307472      25    
54404.93259369355    3.9575224331353263     0.3218798462471166      25    
54405.43259369355    4.179730914575131      0.3236595977460611      25    
54405.93259369355    4.407400032347755      0.32280483408354305     25    
54406.43259369355    4.64214653694765       0.3163806510049495      25    
54406.93259369355    4.884000687790835      0.3054998627125938      25    
54407.43259369355    5.126114878115932      0.29549979115398467     25    
54407.93259369355    5.364075690123899      0.29177671978092723     25    
54408.43259369355    5.603174754061319      0.29346763664364817     25    
54408.93259369355    5.835899843608415      0.297178824437081       25    
54409.43259369355    6.053252285778457      0.2998075072617018      25    
54409.93259369355    6.259325277006183      0.3015917383793353      25    
54410.43259369355    6.451630282427317      0.3032303722907667      25    
54410.93259369355    6.621955336602185      0.3045596739558611      25    
54411.43259369355    6.766314392208172      0.30538914605136713     25    
54411.93259369355    6.888494205404673      0.30583541517046375     25    
54412.43259369355    6.990510526284693      0.3062451825395042      25    
54412.93259369355    7.0727260294051915     0.3068831983143327      25    
54413.43259369355    7.132788580250111      0.30760864775997676     25    
54413.93259369355    7.176718738158406      0.3083659027830737      25    
54414.43259369355    7.2106487241647805     0.3091464943383315      25    
54414.93259369355    7.230967363729929      0.3101321941104178      25    
54415.43259369355    7.240433822626493      0.3110415706662317      25    
54415.93259369355    7.24524336237978       0.3114580664033164      25    
54416.43259369355    7.246987409211389      0.313068799871375       25    
54416.93259369355    7.243408846993153      0.3147245284176548      25    
54417.43259369355    7.235018396613541      0.31173986654027325     25    
54417.93259369355    7.222683507126139      0.29841462686385084     25    
54418.43259369355    7.206559967950138      0.27378420944856974     25    
54418.93259369355    7.18426542011582       0.24732815135977954     25    
54419.43259369355    7.153670828361129      0.23205665534249936     25    
54419.93259369355    7.1162027835486334     0.230054926917057       25    
54420.43259369355    7.0706647086874215     0.23384732813224682     25    
54420.93259369355    7.014883242767714      0.23597988623323124     25    
54421.43259369355    6.947831100977002      0.23517140044491538     25    
54421.93259369355    6.8708655104460705     0.23401268204175482     25    
54422.43259369355    6.785553104555835      0.23272474846687327     25    
54422.93259369355    6.691899412403605      0.2313525013005016      25    
54423.43259369355    6.588990474323043      0.2297766706274045      25    
54423.93259369355    6.480456818823713      0.2283478375371031      25    
54424.43259369355    6.369246166116233      0.22744930102931057     25    
54424.93259369355    6.252957563545356      0.22718619023629574     25    
54425.43259369355    6.133996843829905      0.2270398889654451      25    
54425.93259369355    6.015917712021813      0.22647689078438193     25    
54426.43259369355    5.898534051444666      0.2269502498031028      25    
54426.93259369355    5.78122432574447       0.2269533131745848      25    
54427.43259369355    5.664896606239734      0.22309082512086287     25    
54427.93259369355    5.55027825695479       0.21101463204692325     25    
54428.43259369355    5.436930145386153      0.1913335030953648      25    
54428.93259369355    5.323949857815879      0.1714392366803527      25    
54429.43259369355    5.21071017879555       0.1609062102423258      25    
54429.93259369355    5.097787055706338      0.15953088101386673     25    
54430.43259369355    4.9845321348851535     0.16174730174697674     25    
54430.93259369355    4.870103896210545      0.162124551809494       25    
54431.43259369355    4.754431510600638      0.16091950118134726     25    
54431.93259369355    4.637877353013638      0.15953449638672998     25    
54432.43259369355    4.520684874104194      0.15796878652205218     25    
54432.93259369355    4.402594409404097      0.15603696883574103     25    
54433.43259369355    4.283665777224122      0.15380952855414853     25    
54433.93259369355    4.164967928191069      0.15183181863156947     25    
54434.43259369355    4.047139674042897      0.15062394488482844     25    
54434.93259369355    3.9295096524834614     0.1500977544326537      25    
54435.43259369355    3.8129564246931205     0.14975853500393838     25    
54435.93259369355    3.698461478563989      0.1492360183661055      25    
54436.43259369355    3.5856873365972652     0.1496431797550229      25    
54436.93259369355    3.474711587078291      0.1494547860986155      25    
54437.43259369355    3.365984922517643      0.14621246112745248     25    
54437.93259369355    3.259663912310817      0.13681416990865872     25    
54438.43259369355    3.1555562475643564     0.12270245128923576     25    
54438.93259369355    3.0535994531355115     0.1092487384224763      25    
54439.43259369355    2.953764574910385      0.10285147202008268     25    
54439.93259369355    2.856088764023056      0.10220932181893971     25    
54440.43259369355    2.76051053883056       0.10356362785625868     25    
54440.93259369355    2.666957798920373      0.10344588494462365     25    
54441.43259369355    2.575391164827482      0.10276063757042561     25    
54441.93259369355    2.4859231927438397     0.10202085391487492     25    
54442.43259369355    2.398687755640476      0.10102858221432957     25    
54442.93259369355    2.313571565896841      0.09953529437886133     25    
54443.43259369355    2.2306546769251923     0.0977793571724468      25    
54443.93259369355    2.1502646745559266     0.0962523963910236      25    
54444.43259369355    2.072521934803755      0.09533870087037924     25    
54444.93259369355    1.9972614222646907     0.09484251389189675     25    
54445.43259369355    1.9247842865227391     0.09449329885979275     25    
54445.93259369355    1.855372995063125      0.09407215608237736     25    
54446.43259369355    1.7889417824592757     0.09371233437263299     25    
54446.93259369355    1.725430392747572      0.09332135566851617     25    
54447.43259369355    1.6648236351270436     0.09275778226463884     25    
54447.93259369355    1.6072875187912614     0.09275726828290716     25    
54448.43259369355    1.5526407262133821     0.09253248900271045     25    
54448.93259369355    1.5005024017943724     0.0903538181374297      25    
54449.43259369355    1.4507900518951884     0.08388567593726692     25    
54449.93259369355    1.403657311896327      0.07312349119016677     25    
54450.43259369355    1.3587180200174862     0.06174653609010538     25    
54450.93259369355    1.3156946767938513     0.05550990367181578     25    
54451.43259369355    1.2748418807741797     0.054982933542751015    25    
54451.93259369355    1.23587320023121       0.056721768357816914    25    
54452.43259369355    1.1984266348870873     0.057218901140388315    25    
54452.93259369355    1.1626776198358013     0.056458676186508176    25    
54453.43259369355    1.1285114229556412     0.055566530305987495    25    
54453.93259369355    1.0955648664627142     0.05495744881441936     25    
54454.43259369355    1.0638051251339329     0.054929573492261345    25    
54454.93259369355    1.0333349638141727     0.055254713943730036    25    
54455.43259369355    1.00380249222908       0.05558609384222632     25    
54455.93259369355    0.9749475053282965     0.05568927723776303     25    
54456.43259369355    0.9469242991612365     0.05573347530708221     25    
54456.93259369355    0.9197031918645481     0.05561097994700166     25    
54457.43259369355    0.8932103935903236     0.05516910045990903     25    
54457.93259369355    0.8673137109663172     0.05430946803243061     25    
54458.43259369355    0.8422443230857406     0.05322191271171244     25    
54458.93259369355    0.818327801636826      0.05216070413154156     25    
54459.43259369355    0.7955322038376192     0.0511038908062441      25    
54459.93259369355    0.7738205235396586     0.05001695835797688     25    
54460.43259369355    0.7535370414584943     0.049186725934742596    25    
54460.93259369355    0.7349393633028105     0.048932302984479877    25    
54461.43259369355    0.71789629896724       0.04922137374562825     25    
54461.93259369355    0.7023018217426654     0.049550149107179135    25    
54462.43259369355    0.6881203101863936     0.049421803801370665    25    
54462.93259369355    0.6756744540913966     0.04878098992609734     25    
54463.43259369355    0.6644260646958542     0.04800361581133795     25    
54463.93259369355    0.6536301915900958     0.047497650903900596    25    
54464.43259369355    0.6434818360916919     0.04740924586301655     25    
54464.93259369355    0.6339379818823278     0.04754378499227034     25    
54465.43259369355    0.624203915070024      0.047755927314457464    25    
54465.93259369355    0.613857148174987      0.04802020854325497     25    
54466.43259369355    0.6032664148387064     0.048416422254820485    25    
54466.93259369355    0.5921995947578902     0.048695801170683214    25    
54467.43259369355    0.580365036007261      0.048699936573246186    25    
54467.93259369355    0.5676131634489809     0.048756904581085225    25    
54468.43259369355    0.5544801940742009     0.04833895954310485     25    
54468.93259369355    0.5415725903838904     0.04669980875622569     25    
54469.43259369355    0.5286263978571609     0.04269105249379114     25    
54469.93259369355    0.515795383525278      0.037081828652246664    25    
54470.43259369355    0.5037810164648577     0.03205534671237003     25    
54470.93259369355    0.492867649160588      0.030139038247447188    25    
54471.43259369355    0.48275405356618856    0.030497084134613713    25    
54471.93259369355    0.47371247519051624    0.0313684230026762      25    
54472.43259369355    0.46604270381146723    0.031292136468445655    25    
54472.93259369355    0.4597979698739071     0.03076912327140293     25    
54473.43259369355    0.45452460415147916    0.030242694081948386    25    
54473.93259369355    0.4497565822677958     0.03003132096695083     25    
54474.43259369355    0.4457665652267686     0.030193063881961534    25    
54474.93259369355    0.44234614465815825    0.030562049291498763    25    
54475.43259369355    0.4389168147175346     0.030996990431891025    25    
54475.93259369355    0.43534423498913805    0.03154830553775402     25    
54476.43259369355    0.43182906116280173    0.03222052102949857     25    
54476.93259369355    0.4280449143980305     0.032690509244431565    25    
54477.43259369355    0.4237068239869389     0.03268273219334154     25    
54477.93259369355    0.4188965575922387     0.03226287604063354     25    
54478.43259369355    0.413816660197999      0.031668930142357755    25    
54478.93259369355    0.408642119025477      0.031132474772158705    25    
54479.43259369355    0.4032342604770628     0.03058782306112483     25    
54479.93259369355    0.3977254867778485     0.030033070704792185    25    
54480.43259369355    0.39237922810424786    0.029553564420925417    25    
54480.93259369355    0.387210713280254      0.02917611332299531     25    
54481.43259369355    0.3821611428775755     0.028872361108937452    25    
54481.93259369355    0.37740575153371747    0.028653579985676428    25    
54482.43259369355    0.373073931438965      0.028556807693071392    25    
54482.93259369355    0.369097439880474      0.02860268211349282     25    
54483.43259369355    0.36543308697928434    0.02865585601085388     25    
54483.93259369355    0.3620520175804275     0.02858027849004625     25    
54484.43259369355    0.35898924052279535    0.028378357612928506    25    
54484.93259369355    0.3562014614373325     0.02812283823884779     25    
54485.43259369355    0.3536214834657378     0.027879586001060823    25    
54485.93259369355    0.35126462428952554    0.027643924551512565    25    
54486.43259369355    0.3491291511642035     0.02740817854207301     25    
54486.93259369355    0.3471475994237319     0.027215884225464806    25    
54487.43259369355    0.34529457283186243    0.027100862607062293    25    
54487.93259369355    0.3436047450231763     0.027046641489141494    25    
54488.43259369355    0.3420152266780609     0.02702896702504082     25    
54488.93259369355    0.34047321828222743    0.027019092543326812    25    
54489.43259369355    0.3390223751466729     0.02699418981355435     25    
54489.93259369355    0.3376182295534098     0.027022741819711756    25    
54490.43259369355    0.33619469277304526    0.027184929654697654    25    
54490.93259369355    0.33477617366711687    0.027495579381922826    25    
54491.43259369355    0.3333507401822009     0.027914177806244857    25    
54491.93259369355    0.3318509276522571     0.028411841277493844    25    
54492.43259369355    0.330260272716931      0.02876595602268668     25    
54492.93259369355    0.32860689069685717    0.029010797102292877    25    
54493.43259369355    0.3268255177104763     0.029848645387647973    25    
54493.93259369355    0.3248688044285385     0.03161158256259895     25    