#mB  c  mBmB x1x1 cc mBx1 mBc x1c
14.609377871995395  -0.3  0.00025017794717141874  0.010383080827518876  0.00015070104426351472  0.0001667482740632037  0.00012976093682756914  2.579662665149931e-05
14.610199757024871  0.3  0.00027130511258941994  0.009825017137416148  0.0001667437329905333  0.0001751210676554946  0.00015114478016715275  4.7811943242907114e-05
15.114910332863065  0.0  0.0002736085936129556  0.010509911674624332  0.00016362363964650878  0.00019097202217004008  0.00014656845324901034  4.811837737332434e-05
15.614910332863067  0.0  0.00030419803511789177  0.011535590847317702  0.00017459148871996373  0.000226816898511131  0.00016040259737651018  6.48654222380292e-05
16.114910332863065  0.0  0.00036890515846506143  0.013812476121109042  0.0001978871532519011  0.00029756620897029113  0.00018928171329037478  9.772953790609963e-05
15.613405805308775  -0.15  0.00029956220451881965  0.012189541762834197  0.0001687770711391769  0.0002326995228790871  0.0001523860086343231  6.1016446207797484e-05
15.613853509221029  0.15  0.0003111373976953736  0.011049996128898766  0.00018117486596714043  0.00022246864377826962  0.0001693082288054192  6.811569769534873e-05
16.6093778719954  -0.3  0.0005194392264743294  0.026463905560568126  0.00022979562009003109  0.0005923279548686105  0.00022079468517623683  0.0002264652288160012
16.610199757024876  0.3  0.0005109396837287897  0.014673917392134753  0.0002704393321897883  0.00034580078639805155  0.00028242546067620567  0.00013021562281746488
