57342.6150200949    0.5218517082867735     0.21255585170131036     25    
57343.1150200949    0.6128545233420603     0.20765830656534684     25    
57343.6150200949    0.7124811192047491     0.20540167839762358     25    
57344.1150200949    0.8216558558341044     0.234946316351849       25    
57344.6150200949    0.9401419224596391     0.3022837977480439      25    
57345.1150200949    1.068361473596803      0.3629851359045147      25    
57345.6150200949    1.2071086545076424     0.3906669400633465      25    
57346.1150200949    1.3560124938245368     0.39356893587868935     25    
57346.6150200949    1.51575952135729       0.38973745461986364     25    
57347.1150200949    1.6869268578725798     0.3911210098531053      25    
57347.6150200949    1.8691829910019446     0.3931413999639726      25    
57348.1150200949    2.063392016051398      0.39494736921705126     25    
57348.6150200949    2.269827219494102      0.39649577949301046     25    
57349.1150200949    2.488370167557053      0.39787708584619647     25    
57349.6150200949    2.7199667432899624     0.39916198124839647     25    
57350.1150200949    2.9645264929374053     0.400295526722486       25    
57350.6150200949    3.2222907770550506     0.401475290554099       25    
57351.1150200949    3.4942387040494354     0.40320674210213686     25    
57351.6150200949    3.7807833696279385     0.4066073861410575      25    
57352.1150200949    4.080675659330096      0.4089852126294366      25    
57352.6150200949    4.394648035769209      0.40643570548227864     25    
57353.1150200949    4.726010595591571      0.3983299283689267      25    
57353.6150200949    5.058760798642561      0.3926921313667416      25    
57354.1150200949    5.3857914652560215     0.3966515444940508      25    
57354.6150200949    5.711526365384636      0.40680574873662523     25    
57355.1150200949    6.011973980292406      0.416820137138669       25    
57355.6150200949    6.283299774024697      0.42459319057203004     25    
57356.1150200949    6.5258360380581095     0.4315631140804924      25    
57356.6150200949    6.718420299916506      0.4366790223885967      25    
57357.1150200949    6.856312626100871      0.43905075233143465     25    
57357.6150200949    6.948761668476933      0.44024553682953066     25    
57358.1150200949    7.001198491926402      0.4422958001822572      25    
57358.6150200949    7.00733156096037       0.44496840518972564     25    
57359.1150200949    6.983521092594123      0.44771358248657406     25    
57359.6150200949    6.943264063867863      0.4506937428463075      25    
57360.1150200949    6.879156324333961      0.45421695446746574     25    
57360.6150200949    6.8082239862708995     0.4557184321490241      25    
57361.1150200949    6.740726663754892      0.45508506732001053     25    
57361.6150200949    6.670610880320783      0.4521425737367585      25    
57362.1150200949    6.599686535531678      0.4407150079897127      25    
57362.6150200949    6.5308126612636626     0.41148946547166193     25    
57363.1150200949    6.459984253251953      0.37366058517113737     25    
57363.6150200949    6.3804883851268395     0.3500364424278814      25    
57364.1150200949    6.294374629229556      0.34818574174689965     25    
57364.6150200949    6.198256613412735      0.3534472896519638      25    
57365.1150200949    6.086316223680823      0.35246682792430667     25    
57365.6150200949    5.959346848152218      0.348358381733604       25    
57366.1150200949    5.820651155088687      0.34321702085848016     25    
57366.6150200949    5.670702303277611      0.33712610898657175     25    
57367.1150200949    5.508808886857235      0.3298589156621241      25    
57367.6150200949    5.3434229735368675     0.3240282077008117      25    
57368.1150200949    5.175978331247589      0.3218433132750055      25    
57368.6150200949    5.006333966958941      0.3215061277898315      25    
57369.1150200949    4.842661054770297      0.31984186631281714     25    
57369.6150200949    4.685660533038252      0.3178961981635446      25    
57370.1150200949    4.534179375646311      0.3135958723246541      25    
57370.6150200949    4.3894909618564535     0.30149404603850605     25    
57371.1150200949    4.252430365036577      0.27721029703539024     25    
57371.6150200949    4.119906483165137      0.2513862532965959      25    
57372.1150200949    3.9895207802250803     0.23913634353661253     25    
57372.6150200949    3.862599497983746      0.23882434400193056     25    
57373.1150200949    3.7360936625710917     0.24017068371545014     25    
57373.6150200949    3.6079579251969207     0.237057768356625       25    
57374.1150200949    3.4793685830025187     0.23294147706945814     25    
57374.6150200949    3.350437102062053      0.22848309181612828     25    
57375.1150200949    3.220299907708082      0.22289927141320695     25    
57375.6150200949    3.0901986322965955     0.21730959881579923     25    
57376.1150200949    2.9627249673505855     0.21483680850098685     25    
57376.6150200949    2.837060115993918      0.2169597664279448      25    
57377.1150200949    2.714610808010604      0.22010326029482905     25    
57377.6150200949    2.59768635261305       0.22098474930620826     25    
57378.1150200949    2.4856586844662054     0.22120835414243478     25    
57378.6150200949    2.3786931791393355     0.217705281499206       25    
57379.1150200949    2.277381222653826      0.20517900900708272     25    
57379.6150200949    2.1815537902565576     0.18339489944470724     25    
57380.1150200949    2.089855679490792      0.16383636784612182     25    
57380.6150200949    2.0020379612002706     0.15713786898473206     25    
57381.1150200949    1.9181401121588362     0.15764295892736907     25    
57381.6150200949    1.836780750830374      0.15725726974047707     25    
57382.1150200949    1.757898928664228      0.1550218536743418      25    
57382.6150200949    1.6815443160183743     0.15218811106314328     25    
57383.1150200949    1.6072559071030863     0.14745054337964267     25    
57383.6150200949    1.5349659659112362     0.13960043224868496     25    
57384.1150200949    1.4650613778384647     0.1317328962427238      25    
57384.6150200949    1.3978130967224556     0.12783670188196036     25    
57385.1150200949    1.3330660521796476     0.12735584314039702     25    
57385.6150200949    1.2711902890729874     0.12779513476143106     25    
57386.1150200949    1.2124201799779246     0.1280047540925337      25    
57386.6150200949    1.1566272385706469     0.1285923664133057      25    
57387.1150200949    1.1039122549603206     0.12810658772195568     25    
57387.6150200949    1.0543823742883625     0.12622471478593367     25    
57388.1150200949    1.007907375804508      0.12307893957152984     25    
57388.6150200949    0.9642679756039223     0.11785575407031043     25    
57389.1150200949    0.9235389469272701     0.10848360504832825     25    
57389.6150200949    0.8855869302833764     0.09815495441356771     25    
57390.1150200949    0.8502339620572716     0.09297390394861008     25    
57390.6150200949    0.8176461673436808     0.09387182275580509     25    
57391.1150200949    0.7873657897851102     0.09515806703384916     25    
57391.6150200949    0.7591442759370179     0.09196553374568847     25    
57392.1150200949    0.733165206509237      0.08576911245715994     25    
57392.6150200949    0.7085586872766012     0.08014752240227918     25    
57393.1150200949    0.6851235181907002     0.07772707526324742     25    
57393.6150200949    0.6629183437596285     0.07700773193470592     25    
57394.1150200949    0.6410232950801653     0.07640080061138155     25    
57394.6150200949    0.6193071881440442     0.07592250839130284     25    
57395.1150200949    0.5979298767888326     0.07544268807810574     25    
57395.6150200949    0.5767359682612254     0.07390118679766788     25    
57396.1150200949    0.5554573517603443     0.07044815639655888     25    
57396.6150200949    0.5348640409019761     0.06745487462298527     25    
57397.1150200949    0.5156258460843384     0.06796386580034326     25    
57397.6150200949    0.49736366227666473    0.07147113689258225     25    
57398.1150200949    0.4809511210913666     0.07515415590267611     25    
57398.6150200949    0.4670325697619449     0.07782615572260786     25    
57399.1150200949    0.4552665757858649     0.08020681047447902     25    
57399.6150200949    0.44562768630426675    0.08101371318234837     25    
57400.1150200949    0.4385915537630627     0.07873406749229366     25    
57400.6150200949    0.4335352373287041     0.075040131992543       25    
57401.1150200949    0.4289749058105836     0.07358812437733311     25    
57401.6150200949    0.42536242192157664    0.07536590643850082     25    
57402.1150200949    0.4218937968384791     0.0782105987806945      25    
57402.6150200949    0.4171245010860651     0.08055059679614565     25    
57403.1150200949    0.411455500952211      0.08320751650991075     25    
57403.6150200949    0.40459811779625776    0.08458430126410312     25    
57404.1150200949    0.395927061205918      0.08286867698433986     25    
57404.6150200949    0.3855680816521605     0.0784847887087556      25    
57405.1150200949    0.37478928190489064    0.07319074718643354     25    
57405.6150200949    0.36387497425426635    0.06724120423222665     25    
57406.1150200949    0.352742003516293      0.060337390539413026    25    
57406.6150200949    0.3428481409261074     0.05571817440697527     25    
57407.1150200949    0.3342986757436313     0.05577819462506861     25    
57407.6150200949    0.32705111439642615    0.05804064545980714     25    
57408.1150200949    0.32172738343541774    0.05937578062196571     25    
57408.6150200949    0.31859703348221446    0.059613318082959735    25    
57409.1150200949    0.31678561127760024    0.06027606020832983     25    
57409.6150200949    0.3155758456762151     0.06267290752981532     25    
57410.1150200949    0.3153929272339256     0.06659695718576857     25    
57410.6150200949    0.31522213722981246    0.07016163543049153     25    
57411.1150200949    0.31441858617131724    0.07256070086095874     25    
57411.6150200949    0.31332545442063975    0.07436062166170843     25    
57412.1150200949    0.31131964155328123    0.07461337647820515     25    
57412.6150200949    0.30800206819549514    0.07189398823045512     25    
57413.1150200949    0.303760977888564      0.06760755848184694     25    
57413.6150200949    0.2990867068110333     0.06534736841231827     25    
57414.1150200949    0.2938039701537927     0.06561032389211978     25    
57414.6150200949    0.288234202307942      0.06763087554125027     25    
57415.1150200949    0.28294095155506305    0.07155567730979182     25    
57415.6150200949    0.2777194263957763     0.07783597091478882     25    
57416.1150200949    0.27286527440388786    0.08352827751289103     25    
57416.6150200949    0.268727480534585      0.08668971135857219     25    
57417.1150200949    0.2651784177959787     0.08843844385150172     25    
57417.6150200949    0.2621362569220705     0.08866865010141867     25    
57418.1150200949    0.2596014136590792     0.08691946432490506     25    
57418.6150200949    0.2575661728399393     0.08344882232682332     25    
57419.1150200949    0.25589284341164864    0.07933084712872826     25    
57419.6150200949    0.2545945462680979     0.07443183086595775     25    
57420.1150200949    0.2536362705219537     0.06878412649435196     25    
57420.6150200949    0.2528909565064438     0.06336935080555456     25    
57421.1150200949    0.2524049230359118     0.05808373736276961     25    
57421.6150200949    0.2520979413658549     0.05305152404890075     25    
57422.1150200949    0.2518675640808722     0.048652183413713114    25    
57422.6150200949    0.2517681232864506     0.04476841849361309     25    
57423.1150200949    0.2516867646955729     0.042557736835096185    25    
57423.6150200949    0.251558245458864      0.041769432453389106    25    
57424.1150200949    0.25141972634364496    0.04247905232761353     25    
57424.6150200949    0.25113831983503837    0.0503529040722285      25    
57425.1150200949    0.25069857996434963    0.06074352831145366     25    
57425.6150200949    0.25009531153142445    0.07520228379947906     25    
57426.1150200949    0.24919338954398831    0.09987380221882391     25    