#mB  c  mBmB x1x1 cc mBx1 mBc x1c
15.331831210468378  -0.3  0.0007869471989789832  0.03512641749156465  0.000388075846707112  0.0016886540583737019  0.00044385901237393354  0.0012010462953817964
15.332881270311953  0.3  0.0007751194358379197  0.027868128088057734  0.0003835765277491855  0.001345271156268371  0.0004460425286084398  0.0008904879851088943
15.837491778793053  0.0  0.0008556315421798841  0.03770138785028643  0.0004185627608691935  0.0018172064134336623  0.0004864063851344702  0.0012662534867353306
16.337491778793055  0.0  0.0010507102361868399  0.05454514192721063  0.0005042199519354512  0.0025944779543453  0.0005930614608166906  0.0018673754674403068
16.837491778793055  0.0  0.0015167762653735784  0.09350470133952847  0.0007076984196718266  0.004358233545312362  0.0008456638656630161  0.0032668144013384974
16.335926651902312  -0.15  0.0011045587629518008  0.06491292350661844  0.0005306100090356824  0.002978981207028971  0.0006172565514829025  0.0022355627541153188
16.33648853716659  0.15  0.0010086114913381143  0.04683950676636374  0.0004855714791858  0.0022780097217055552  0.0005748627920700903  0.0015825594751044999
17.33183121046838  -0.3  0.0031952886736367086  0.3250937592148606  0.001550363495204937  0.011939822367434643  0.001704589319805655  0.01070327187570109
17.332881270311955  0.3  0.002167886748316346  0.10993030643829568  0.0009790285061075175  0.005702141392712267  0.0012352182793893436  0.004058902671315719
