#mB  c  mBmB x1x1 cc mBx1 mBc x1c
22.285069595379078  -0.3  0.00019759217637879966  0.00979806135480461  0.00032019242812889796  0.0005966506775121403  0.00012378076406712325  6.540437656192147e-05
22.285981254581362  0.3  0.0002215579143672766  0.009388740315221543  0.00034352734638868606  0.0005795494777308223  0.00017280582827410989  6.740692937545356e-05
22.79065246085645  0.0  0.00023546963593874565  0.013604407323234192  0.0003913435676355043  0.0008195719832022597  0.00015818026599265375  0.00016187895835317344
23.290652460856446  0.0  0.00029230876229871517  0.022551055532535037  0.0004978434481924027  0.0013183665239667867  0.00016902657243120166  0.00035105530649915274
23.79065246085645  0.0  0.0004232549860494017  0.0429092303971756  0.0006946405111732905  0.00244949054133104  0.0001887005917389726  0.0008170755571758815
23.289124090597163  -0.15  0.00028543932837015617  0.02220798415352424  0.0004873107127486433  0.0012867335728539329  0.000139620609619136  0.000307165765946708
23.289616718294162  0.15  0.00029829223853300744  0.022214174315224447  0.0005028849446148705  0.001300331948875778  0.00019435498630452253  0.00034113994060312096
24.285069595379074  -0.3  0.0006976614500446535  0.06810827865371484  0.0008464153207594451  0.0038953703567009483  -3.079544848803888e-07  0.0006790587298612183
24.285981254581365  0.3  0.0007532121028231935  0.08729357618088465  0.0012889969377666633  0.004872883025736793  0.00044043273696616245  0.001782230593889298
