58094.01583111338    51.85101753344353     9.970128638822166     25    
58094.51583111338    62.44807362102047     9.94799998937266      25    
58095.01583111338    73.95774891524901     10.061370308053233    25    
58095.51583111338    86.36036007575088     10.641921108034632    25    
58096.01583111338    99.6409440530462      11.229900968620866    25    
58096.51583111338    113.77755798329788    11.364477384981875    25    
58097.01583111338    128.75741784289332    11.3431320553709      25    
58097.51583111338    144.55648223971954    11.381540201443238    25    
58098.01583111338    161.16398518084813    11.415437553954808    25    
58098.51583111338    178.55394774107376    11.441535612183474    25    
58099.01583111338    196.71746096296874    11.46173199606921     25    
58099.51583111338    215.6267693834185     11.476443021757492    25    
58100.01583111338    235.27466008531275    11.48954871496371     25    
58100.51583111338    255.65233940351186    11.47437205138373     25    
58101.01583111338    276.7120562710072     11.502900529533536    25    
58101.51583111338    298.463390130136      11.82693676157059     25    
58102.01583111338    320.6406122326224     12.277064859268068    25    
58102.51583111338    342.5165316849573     12.487555956549002    25    
58103.01583111338    363.92933677614667    12.569289349790731    25    
58103.51583111338    383.7810605170811     12.66482565340867     25    
58104.01583111338    402.04661557478283    12.747261482321129    25    
58104.51583111338    417.60014708439405    12.783100535401735    25    
58105.01583111338    430.66453906445685    12.78727111323512     25    
58105.51583111338    441.4852334250471     12.834836048405704    25    
58106.01583111338    450.1576191229592     12.91401795537679     25    
58106.51583111338    457.5912165391124     13.016464299459477    25    
58107.01583111338    463.7726641464581     13.133855176124971    25    
58107.51583111338    469.58180707230434    13.228310416782115    25    
58108.01583111338    474.9505786846245     13.273008118124324    25    
58108.51583111338    479.8243191123309     12.526220731853153    25    
58109.01583111338    484.19198505044994    10.892559611821163    25    
58109.51583111338    487.52657030478235    10.094219597362345    25    
58110.01583111338    489.83935473546785    10.318241779590517    25    
58110.51583111338    490.65196603028085    10.427313566287486    25    
58111.01583111338    489.9480927385349     10.402911566836273    25    
58111.51583111338    487.88596400503206    10.36700339210103     25    
58112.01583111338    484.4369340237477     10.317270382771936    25    
58112.51583111338    480.0952576144054     10.321096466356494    25    
58113.01583111338    474.8612872914282     10.39546776121619     25    
58113.51583111338    469.17610709264795    10.408826932275682    25    
58114.01583111338    463.09295858757946    10.323556459216773    25    
58114.51583111338    456.65500013389214    10.349761892147413    25    
58115.01583111338    449.90351347140756    10.548664981598815    25    
58115.51583111338    442.6607965091359     10.682330936043748    25    
58116.01583111338    434.91621107677685    10.701459912604253    25    
58116.51583111338    426.5375839276772     10.681824081283274    25    
58117.01583111338    417.4611447940367     10.632681858871777    25    
58117.51583111338    407.82485517061497    10.559814505134682    25    
58118.01583111338    397.5991174876165     10.451954599783306    25    
58118.51583111338    387.0742618519029     10.38074977943763     25    
58119.01583111338    376.29686564174375    10.392767725615663    25    
58119.51583111338    365.5105340791519     10.402618236627198    25    
58120.01583111338    354.80125213794287    10.485473888170151    25    
58120.51583111338    344.29270230534587    10.222494619963404    25    
58121.01583111338    334.0546442340953     9.069012881533162     25    
58121.51583111338    324.1369655464624     7.977547379259919     25    
58122.01583111338    314.5698771061071     7.896815368975229     25    
58122.51583111338    305.4120227385384     8.045925918831218     25    
58123.01583111338    296.7167246741383     8.029273971407745     25    
58123.51583111338    288.4688287054394     7.99152238713548      25    
58124.01583111338    280.6917691560849     7.905081291307436     25    
58124.51583111338    273.3273859108124     7.83360710774625      25    
58125.01583111338    266.3426309277835     7.853546082218868     25    
58125.51583111338    259.70153192984355    7.895158595497925     25    
58126.01583111338    253.3596185444925     7.9080401502801765    25    
58126.51583111338    247.29981559836367    7.90103458798388      25    
58127.01583111338    241.4849805256038     7.914610321133643     25    
58127.51583111338    235.9091833258222     7.81575141690203      25    
58128.01583111338    230.55107492481184    7.261523467315792     25    
58128.51583111338    225.4011320246476     6.570253909796438     25    
58129.01583111338    220.44118148071288    6.434494924793094     25    
58129.51583111338    215.65238960351135    6.541902406637468     25    
58130.01583111338    210.99918146493903    6.497451207565398     25    
58130.51583111338    206.4592789428823     6.437063499657612     25    
58131.01583111338    201.96889311093298    6.473980713286431     25    
58131.51583111338    197.51563713552713    6.55362819346988      25    
58132.01583111338    193.01957671117472    6.5950091079055015    25    
58132.51583111338    188.49710091115995    6.605189034910366     25    
58133.01583111338    183.9290579908929     6.55875526348797      25    
58133.51583111338    179.34447571682253    6.4446193840652       25    
58134.01583111338    174.831291475754      6.147099399911763     25    
58134.51583111338    170.39629087572862    5.729819690505878     25    
58135.01583111338    166.14493498235686    5.5998312547725115    25    
58135.51583111338    162.06458013374626    5.673590552028475     25    
58136.01583111338    158.18779025927572    5.635983794660626     25    
58136.51583111338    154.49645481727       5.5357108380774624    25    
58137.01583111338    150.89022847886486    5.5000324098341995    25    
58137.51583111338    147.36845308988748    5.516035216283292     25    
58138.01583111338    143.8173829394468     5.547708593928646     25    
58138.51583111338    140.24347553239306    5.593254866483723     25    
58139.01583111338    136.60366661681576    5.613310479020051     25    
58139.51583111338    132.90222091076313    5.602788959534891     25    
58140.01583111338    129.23022113485752    5.151632037153768     25    
58140.51583111338    125.58557168551792    4.114392865415353     25    
58141.01583111338    122.06616591094993    3.5052336813304055    25    
58141.51583111338    118.67175436424843    3.6024505249563306    25    
58142.01583111338    115.45479435743819    3.6287541518601643    25    
58142.51583111338    112.42060284304239    3.543623041987211     25    
58143.01583111338    109.53250164367452    3.4982650311947348    25    
58143.51583111338    106.79160655404847    3.5034809598726713    25    
58144.01583111338    104.159703174698      3.5348861943916385    25    
58144.51583111338    101.63454932331742    3.5992647229313315    25    
58145.01583111338    99.194301886478       3.613905333206379     25    
58145.51583111338    96.83348083977688     3.558820074870486     25    
58146.01583111338    94.56223038472189     3.4951204332868016    25    
58146.51583111338    92.38017912594512     3.458363400821189     25    
58147.01583111338    90.29732136013202     3.2750774278713566    25    
58147.51583111338    88.31571580756773     2.7870151944192076    25    
58148.01583111338    86.43825345250164     2.396409640290641     25    
58148.51583111338    84.66864241466327     2.3906828662135036    25    
58149.01583111338    82.99538895045784     2.428491097989223     25    
58149.51583111338    81.41742918285982     2.401979665078967     25    
58150.01583111338    79.92413043231171     2.3729480694934515    25    
58150.51583111338    78.51307713503628     2.343313766968521     25    
58151.01583111338    77.17459692038979     2.320950302816411     25    
58151.51583111338    75.90569584986429     2.311613887704738     25    
58152.01583111338    74.69730774520808     2.3108201158693173    25    
58152.51583111338    73.54580465785999     2.2842145652105286    25    
58153.01583111338    72.44278223728266     2.3458067202202635    25    
58153.51583111338    71.38392288953932     2.616676778730342     25    
58154.01583111338    70.36153972712967     2.855639648468382     25    
58154.51583111338    69.37056987541841     2.899352607261794     25    
58155.01583111338    68.4040995452651      2.9487608386251143    25    