#mB  c  mBmB x1x1 cc mBx1 mBc x1c
18.00146229151505  -0.3  0.07989108678903872  1.1386180744752656  0.026126651351168772  0.16731531065070865  0.0423762679394974  0.07941031074067878
18.001944518784846  0.3  0.026774473403056456  0.4171708311472783  0.008535453050459234  0.02634535200216918  0.01423328972844897  0.017540239908895052
18.50680403158822  0.0  0.1112827081559956  1.621008807056495  0.03453999241890304  0.17307689164233536  0.058434506536711096  0.09488152154912408
19.00680403158822  0.0  0.274301007767568  3.9183845991720836  0.083996196268563  0.42270974079137547  0.14330009964426796  0.23115892102040617
19.50680403158822  0.0  0.6829471856507191  9.790698057903828  0.20834217098976615  1.0517171862044363  0.3563256904755689  0.5770486973393966
19.005389714702662  -0.15  0.3707814377962741  5.194945675322906  0.1161029625921292  0.6779112465560513  0.19469862220034456  0.3436341635454666
19.005667453987208  0.15  0.19987447277977394  3.094754849252506  0.060041721170263115  0.2453177438226761  0.10374689572531838  0.15152129156788277
20.001462291515047  -0.3  3.054752503295335  41.993481500596175  0.9662387631333845  6.2454323045910725  1.596324685453973  2.940107222117102
20.00194451878485  0.3  0.8879214944465661  14.45068046185652  0.25708596653075394  0.7659812333452686  0.4541967614307724  0.5659161801344075
