51041.92610392472    1578.7095032475386    293.3934363182953     25    
51042.42610392472    1896.406932347383     290.43713660743185    25    
51042.92610392472    2239.8472823761945    296.54305028334136    25    
51043.42610392472    2608.132616468907     332.51066266630926    25    
51043.92610392472    3000.5397544426087    366.725123610641      25    
51044.42610392472    3416.0863271756334    373.21416503243546    25    
51044.92610392472    3854.1312298740677    370.9102276724865     25    
51045.42610392472    4313.61237489486      372.3432921868018     25    
51045.92610392472    4793.966019097874     373.68775368426185    25    
51046.42610392472    5294.055070053873     374.83265413829184    25    
51046.92610392472    5813.388432541315     375.8518018032918     25    
51047.42610392472    6350.7587230799745    376.7557654426366     25    
51047.92610392472    6905.7427806316855    377.6995577291023     25    
51048.42610392472    7477.697215686295     379.90696805715334    25    
51048.92610392472    8064.844287111531     381.24561012788587    25    
51049.42610392472    8667.515407790394     375.3001606637216     25    
51049.92610392472    9276.101047701799     367.2673032939573     25    
51050.42610392472    9870.962006684384     369.1132763020787     25    
51050.92610392472    10445.075154185502    375.8232311787546     25    
51051.42610392472    10968.220462941357    380.19206736105434    25    
51051.92610392472    11438.18490550388     383.5294569409651     25    
51052.42610392472    11822.578874705472    384.9590357483619     25    
51052.92610392472    12131.219843348032    385.36785492596016    25    
51053.42610392472    12373.625098389617    387.78973657940475    25    
51053.92610392472    12555.745656898007    391.46094328976255    25    
51054.42610392472    12708.613156195153    395.9760293569762     25    
51054.92610392472    12833.007834029206    400.6572318389391     25    
51055.42610392472    12960.578349403728    401.35482794650875    25    
51055.92610392472    13086.452683696096    399.04737598530863    25    
51056.42610392472    13209.527455178893    395.939003891421      25    
51056.92610392472    13327.331923270696    392.2456615446967     25    
51057.42610392472    13420.999294892932    392.6372259943883     25    
51057.92610392472    13490.649917847748    396.16276770637614    25    
51058.42610392472    13517.854135513287    397.0239238759403     25    
51058.92610392472    13504.005923765824    395.75848320542946    25    
51059.42610392472    13447.88480838081     394.0840570009899     25    
51059.92610392472    13349.96224572934     392.0113701932252     25    
51060.42610392472    13218.987824488511    392.26644116596714    25    
51060.92610392472    13054.811370573338    394.7113792935387     25    
51061.42610392472    12865.606538555658    396.2315335129379     25    
51061.92610392472    12651.269790050881    397.08086067311245    25    
51062.42610392472    12415.525637442355    373.579395427859      25    
51062.92610392472    12158.412743033556    317.96450375658026    25    
51063.42610392472    11880.844489846808    285.2902803961964     25    
51063.92610392472    11582.773360208377    288.4773564518641     25    
51064.42610392472    11265.41222998844     289.8050421892456     25    
51064.92610392472    10928.065824641177    286.83925858498736    25    
51065.42610392472    10580.172126044772    282.8860929525752     25    
51065.92610392472    10221.117852673631    277.56854907030237    25    
51066.42610392472    9865.813259860417     274.557409836094      25    
51066.92610392472    9514.54965055776      274.85408356765174    25    
51067.42610392472    9181.31012237759      274.49886656201       25    
51067.92610392472    8867.915361238207     273.3296647182318     25    
51068.42610392472    8578.756944416358     268.01618152270584    25    
51068.92610392472    8315.407805284467     255.8096952354233     25    
51069.42610392472    8075.354491682833     247.9338560007882     25    
51069.92610392472    7858.537732415737     248.80681815728136    25    
51070.42610392472    7663.335865901737     249.7619210739895     25    
51070.92610392472    7489.703185820696     248.85063411916465    25    
51071.42610392472    7335.486316497705     246.84920495961984    25    
51071.92610392472    7200.521076087769     242.9263829631861     25    
51072.42610392472    7082.239859691334     240.45774164601698    25    
51072.92610392472    6980.212445962362     241.34486847301693    25    
51073.42610392472    6892.020797539972     242.331617508908      25    
51073.92610392472    6817.303177913835     242.41308017838793    25    
51074.42610392472    6753.013054630654     241.7460543909062     25    
51074.92610392472    6698.53706611078      241.9639611122059     25    
51075.42610392472    6650.34843150969      235.93795302723       25    
51075.92610392472    6607.286229903559     213.94935734488945    25    
51076.42610392472    6566.1668964401015    193.8320940710098     25    
51076.92610392472    6525.254044723248     192.69214357666556    25    
51077.42610392472    6482.905281473448     195.2437458648763     25    
51077.92610392472    6437.632203879901     192.86817498783535    25    
51078.42610392472    6389.125603861404     191.45080505191783    25    
51078.92610392472    6336.896832583638     194.26862526615582    25    
51079.42610392472    6280.3806381372815    197.31174580093315    25    
51079.92610392472    6218.844413456548     198.05708024394997    25    
51080.42610392472    6152.574164842252     197.22961415424095    25    
51080.92610392472    6081.227684885464     191.12532479833035    25    
51081.42610392472    6005.860644979378     189.6915912350612     25    
51081.92610392472    5927.250247106205     208.45867315314345    25    
51082.42610392472    5846.063147338868     227.91279672229322    25    
51082.92610392472    5763.54094530007      232.33773676661934    25    
51083.42610392472    5679.374758544829     230.92860774109442    25    
51083.92610392472    5594.135333450287     227.32730237986027    25    
51084.42610392472    5506.649296365948     222.83475456516229    25    
51084.92610392472    5415.6305003385005    222.27712555906632    25    
51085.42610392472    5320.4543709374075    223.4507966389545     25    
51085.92610392472    5219.225820120508     225.35096504457047    25    
51086.42610392472    5112.377856680034     226.76169312436198    25    
51086.92610392472    4999.132827051222     227.38583168897833    25    
51087.42610392472    4880.885823325906     221.54574025815867    25    
51087.92610392472    4759.95700892671      184.37114286671502    25    
51088.42610392472    4636.974209403991     121.06343062686304    25    
51088.92610392472    4514.81241962891      96.68624684889657     25    
51089.42610392472    4393.5396265013405    105.66609146095472    25    
51089.92610392472    4275.365666592774     103.57736182852481    25    
51090.42610392472    4159.88530690088      100.21802106550012    25    
51090.92610392472    4047.2915181705866    99.02712321951462     25    
51091.42610392472    3937.5412970271227    99.41616669755373     25    
51091.92610392472    3830.6154271326154    100.9042547662332     25    
51092.42610392472    3726.5600265915305    102.86283726375555    25    
51092.92610392472    3625.5055054888394    101.82464648146305    25    
51093.42610392472    3527.5417224091425    98.6352783554234      25    
51093.92610392472    3433.220247426443     94.98962746623152     25    
51094.42610392472    3342.5645680720695    91.21045800858488     25    
51094.92610392472    3256.2153486315524    92.54016776041368     25    
51095.42610392472    3174.1354108496107    97.50371847685618     25    
51095.92610392472    3096.7024613824483    99.08624737670712     25    
51096.42610392472    3023.835552284337     98.23714556676691     25    
51096.92610392472    2955.0692417981704    97.24875294200886     25    
51097.42610392472    2890.399243803933     96.00282710944799     25    
51097.92610392472    2829.27503345211      94.89206166080797     25    
51098.42610392472    2771.704948566114     93.90573317378899     25    
51098.92610392472    2717.1436936251744    93.42072623328282     25    
51099.42610392472    2665.6014824833183    93.4310476023254      25    
51099.92610392472    2616.531902567006     93.53270706577317     25    
51100.42610392472    2569.9455258051994    93.69376281510247     25    
51100.92610392472    2525.2963405272567    96.27946621925321     25    
51101.42610392472    2482.5937587814037    101.2847511840832     25    
51101.92610392472    2441.2936877555726    104.47499684676319    25    
51102.42610392472    2401.4028616615815    105.45526566656001    25    
51102.92610392472    2362.3806245016035    110.2379210229225     25    