52393.71593006655    1576.7292147155451    460.83148932558584    25    
52394.21593006655    1932.7213341880497    422.68727156939406    25    
52394.71593006655    2328.8998741396167    470.76306826508875    25    
52395.21593006655    2766.3622213356366    734.4697809927725     25    
52395.71593006655    3246.050405548729     932.8965096069486     25    
52396.21593006655    3769.137642083092     961.4232351091639     25    
52396.71593006655    4336.491612138588     942.449520265668      25    
52397.21593006655    4949.358399626118     944.5217062002134     25    
52397.71593006655    5608.534297104887     946.0287104239205     25    
52398.21593006655    6315.335297160408     946.6217244420351     25    
52398.71593006655    7070.489263643331     946.3970705248796     25    
52399.21593006655    7875.379137881655     945.2647633867215     25    
52399.71593006655    8730.667314949616     943.5374864961915     25    
52400.21593006655    9639.302561166594     946.1994681544171     25    
52400.71593006655    10598.16884622522     942.0324698683773     25    
52401.21593006655    11613.788294347556    901.5092583471765     25    
52401.71593006655    12661.115346644452    850.7956092069722     25    
52402.21593006655    13705.717908655186    842.8954584380516     25    
52402.71593006655    14726.50042173071     854.4219835076017     25    
52403.21593006655    15667.091041694457    859.2999017215369     25    
52403.71593006655    16517.177963524307    863.1980639686599     25    
52404.21593006655    17213.976277059242    863.9436673923348     25    
52404.71593006655    17776.565214482518    863.3210741072805     25    
52405.21593006655    18207.900394655546    864.7162339202441     25    
52405.71593006655    18522.75774028588     867.2756495433185     25    
52406.21593006655    18759.19676595679     871.6093308672396     25    
52406.71593006655    18921.783516720963    876.1120291256472     25    
52407.21593006655    19051.21613418685     885.5810358315351     25    
52407.71593006655    19139.989981524497    883.2738983010958     25    
52408.21593006655    19193.542727532862    787.3202527136316     25    
52408.71593006655    19206.320592776625    620.2770613797319     25    
52409.21593006655    19163.2458266896      562.8345680094392     25    
52409.71593006655    19063.5709428913      588.8032895434442     25    
52410.21593006655    18891.176957616466    591.6205542024621     25    
52410.71593006655    18650.648144550003    588.8537646598131     25    
52411.21593006655    18348.311141655886    584.8741441275473     25    
52411.71593006655    17987.503037533013    580.2462574070316     25    
52412.21593006655    17588.835458029847    579.7348743515485     25    
52412.71593006655    17152.976307591074    581.8404593254804     25    
52413.21593006655    16700.950879821652    584.7379844561053     25    
52413.71593006655    16231.420107270827    584.4117889164899     25    
52414.21593006655    15753.85948373921     539.3991238579977     25    
52414.71593006655    15267.348913937962    452.4384612607251     25    
52415.21593006655    14773.39972529697     415.01748131233177    25    
52415.71593006655    14272.01687675578     425.37890537552755    25    
52416.21593006655    13764.966111984117    426.49749704169386    25    
52416.71593006655    13252.308664963255    422.791441484712      25    
52417.21593006655    12736.49739838596     416.88182075399567    25    
52417.71593006655    12217.554249946334    409.013850701447      25    
52418.21593006655    11698.431393699397    405.27809928092245    25    
52418.71593006655    11179.109924478335    405.2972272940865     25    
52419.21593006655    10662.44493232144     406.35644214608106    25    
52419.71593006655    10148.469188816065    407.94759739835666    25    
52420.21593006655    9642.837750607767     376.0867079722816     25    
52420.71593006655    9145.486590465714     301.35413363078277    25    
52421.21593006655    8664.425315644523     258.59621102164317    25    
52421.71593006655    8199.549737433019     264.5047651813464     25    
52422.21593006655    7758.925063304211     267.2089420417285     25    
52422.71593006655    7342.668561325228     265.9477756280423     25    
52423.21593006655    6952.1336792977245    262.74393132354567    25    
52423.71593006655    6587.617470126009     257.20889801154937    25    
52424.21593006655    6244.33303733242      254.71964745084645    25    
52424.71593006655    5922.315863183507     255.880908660323      25    
52425.21593006655    5617.107870839627     256.4845986812994     25    
52425.71593006655    5328.533351266711     256.3788781442493     25    
52426.21593006655    5054.327318943621     254.97797211117359    25    
52426.71593006655    4794.251041901995     253.68186044014652    25    
52427.21593006655    4548.218449847851     232.3891677225104     25    
52427.71593006655    4316.213082661317     174.8946670452928     25    
52428.21593006655    4098.011011968202     130.64921600241829    25    
52428.71593006655    3893.642646147271     133.92908082848163    25    
52429.21593006655    3702.5892776247415    137.49860167865535    25    
52429.71593006655    3524.8805521806084    133.75193873744124    25    
52430.21593006655    3359.6889520678656    132.04226772238826    25    
52430.71593006655    3206.981719283175     133.651907958085      25    
52431.21593006655    3065.9784497200912    134.99493236731118    25    
52431.71593006655    2936.8017226329785    135.6395735804736     25    
52432.21593006655    2817.6539699340005    134.52840851819673    25    
52432.71593006655    2708.6431975796177    130.5671737836416     25    
52433.21593006655    2606.7369077751987    127.88040831558332    25    
52433.71593006655    2511.6524676047966    127.97245496695699    25    
52434.21593006655    2420.513663689568     128.67052622873317    25    
52434.71593006655    2332.563654058905     130.0264740021917     25    
52435.21593006655    2246.917684310555     129.49021427505107    25    
52435.71593006655    2162.77908476881      125.23109034829518    25    
52436.21593006655    2081.8713483857814    121.66062632816217    25    
52436.71593006655    2004.3655222965065    120.59680171243745    25    
52437.21593006655    1931.6838873952772    120.57448644924504    25    
52437.71593006655    1864.3792320264497    121.80203919297391    25    
52438.21593006655    1802.7100090026584    122.24890603687435    25    
52438.71593006655    1747.2396641222824    122.2385909625231     25    
52439.21593006655    1696.6070062983968    116.71290239641598    25    
52439.71593006655    1650.5686890747738    97.34621759997039     25    
52440.21593006655    1607.9964591585892    78.91525975010197     25    
52440.71593006655    1568.4031421285865    78.8818499554066      25    
52441.21593006655    1531.1885028452436    81.73521301596611     25    
52441.71593006655    1495.8473938416503    79.7284428593422      25    
52442.21593006655    1462.5456906479972    77.83260204128194     25    
52442.71593006655    1431.242238559379     77.52358472162904     25    
52443.21593006655    1401.9944807160975    77.95479709277326     25    
52443.71593006655    1374.8632847727256    79.36895326575579     25    
52444.21593006655    1349.7388417470488    80.23238274667123     25    
52444.71593006655    1326.6708144675258    78.94896957451766     25    
52445.21593006655    1305.2960056617305    77.37723667673345     25    
52445.71593006655    1285.4372244460806    76.50379192479804     25    
52446.21593006655    1266.7941339694564    76.55377383119814     25    
52446.71593006655    1249.1068203767288    78.57588502094856     25    
52447.21593006655    1232.2103388648509    80.76095398536742     25    
52447.71593006655    1215.8433601959784    81.74897750383803     25    
52448.21593006655    1200.0659814317694    81.96968728603237     25    
52448.71593006655    1184.8429831257583    81.16341159218521     25    
52449.21593006655    1170.1881275738165    79.83549707665973     25    
52449.71593006655    1156.1031362432163    78.40842780176581     25    
52450.21593006655    1142.5893238117721    77.03611580219027     25    
52450.71593006655    1129.648516108397     76.16777019058387     25    
52451.21593006655    1117.281920722825     75.6345115289998      25    
52451.71593006655    1105.4914683735692    75.62434667351084     25    
52452.21593006655    1094.2782639592454    75.50408438112181     25    
52452.71593006655    1083.6443386910053    73.69440460423681     25    
52453.21593006655    1073.5906991733088    72.05021186679306     25    
52453.71593006655    1064.1194727129784    72.37380574351576     25    
52454.21593006655    1055.2315720172862    75.87860971642273     25    
52454.71593006655    1046.9292160917623    83.01273384300684     25    