58474.372966527044    105.70532863280775    26.73449565957775     25    
58474.872966527044    127.26640019069153    25.74755487295675     25    
58475.372966527044    150.7286283682037     26.6685959996721      25    
58475.872966527044    176.06355469742365    33.74833348230815     25    
58476.372966527044    203.25329286648753    40.22870369540332     25    
58476.872966527044    232.26447660202143    41.40606729470978     25    
58477.372966527044    263.083824779554      40.71378465528845     25    
58477.872966527044    295.6736685563784     40.72475598314327     25    
58478.372966527044    330.0247267592966     40.763588196262205    25    
58478.872966527044    366.09563321239       40.79454040683267     25    
58479.372966527044    403.88050145761065    40.81982090234931     25    
58479.872966527044    443.3348732219491     40.84091636548375     25    
58480.372966527044    484.45565152639006    40.86104807621067     25    
58480.872966527044    527.2348520773255     41.038097045211785    25    
58481.372966527044    571.621791006056      41.18523509763745     25    
58481.872966527044    617.5381206577507     39.933065110607664    25    
58482.372966527044    664.7791235070927     37.53678473200352     25    
58482.872966527044    711.2711660563817     36.62157705362435     25    
58483.372966527044    757.0448410937549     37.05997697761747     25    
58483.872966527044    799.1923169565055     37.3355956833975      25    
58484.372966527044    837.8198762589784     37.48060364274397     25    
58484.872966527044    870.2904995127369     37.563986092946806    25    
58485.372966527044    896.4763373570679     37.57580415427544     25    
58485.872966527044    917.2042170101313     37.64027199580394     25    
58486.372966527044    932.2911532547037     37.77001164502757     25    
58486.872966527044    943.8765250005744     37.92576359003429     25    
58487.372966527044    952.0108389113334     38.12516880308995     25    
58487.872966527044    958.4377925312016     38.281195031483946    25    
58488.372966527044    963.5957807383799     38.732555588794966    25    
58488.872966527044    967.3256195195472     37.39668122807757     25    
58489.372966527044    969.8485754115859     32.26682375855702     25    
58489.872966527044    970.3366596221899     27.840887996286916    25    
58490.372966527044    968.6340888018292     27.76971499133725     25    
58490.872966527044    964.2162014605345     28.446858582267716    25    
58491.372966527044    956.640122533316      28.386450657260202    25    
58491.872966527044    946.353147955274      28.285721557490014    25    
58492.372966527044    933.3011012500732     28.158712120506976    25    
58492.872966527044    918.1807088503848     28.076005911403392    25    
58493.372966527044    901.4104139016054     28.16161060091041     25    
58493.872966527044    883.4149551054305     28.24760895275113     25    
58494.372966527044    864.8219929772805     28.50260891828605     25    
58494.872966527044    845.6052608828209     28.138874925096264    25    
58495.372966527044    826.0635603620824     25.18181509016094     25    
58495.872966527044    806.0804233887438     21.186666536303505    25    
58496.372966527044    785.6160235949238     20.2379998321534      25    
58496.872966527044    764.6603457644728     20.835083072084796    25    
58497.372966527044    743.1502229766401     20.800738751794903    25    
58497.872966527044    721.1216159017632     20.657505255349072    25    
58498.372966527044    698.6169673383163     20.441703006821644    25    
58498.872966527044    675.6657725184401     20.19754369216743     25    
58499.372966527044    652.4072835318022     20.156771541397127    25    
58499.872966527044    628.8471852324268     20.246010568233586    25    
58500.372966527044    605.123327040903      20.362658974005456    25    
58500.872966527044    581.2486459158306     20.401901446511513    25    
58501.372966527044    557.478556791956      18.912214682861475    25    
58501.872966527044    533.8110585011893     15.756500524464588    25    
58502.372966527044    510.6062133608837     14.118040070716358    25    
58502.872966527044    487.8502327473822     14.405975078861168    25    
58503.372966527044    465.9067718047881     14.524823165385412    25    
58503.872966527044    444.7753555481356     14.445717502884388    25    
58504.372966527044    424.58180529817184    14.269798514501515    25    
58504.872966527044    405.34501105973055    13.964736156633515    25    
58505.372966527044    386.979140964626      13.787939340120566    25    
58505.872966527044    369.48520658002326    13.802024273959404    25    
58506.372966527044    352.7951076230047     13.8122932011241      25    
58506.872966527044    336.9054359762614     13.792379940063288    25    
58507.372966527044    321.75510915857666    13.73295919088892     25    
58507.872966527044    307.3373103206906     13.764148860687904    25    
58508.372966527044    293.5972474074033     13.188358029456236    25    
58508.872966527044    280.52465589128707    11.166133219611842    25    
58509.372966527044    268.06954291959295    9.27149441980055      25    
58509.872966527044    256.2089808128005     9.171409304178908     25    
58510.372966527044    244.927339211671      9.415296504093659     25    
58510.872966527044    234.20448026647034    9.205658327785217     25    
58511.372966527044    224.05282544599547    9.031363330329604     25    
58511.872966527044    214.47458828826066    9.108795503102977     25    
58512.372966527044    205.4733513515485     9.231370973574274     25    
58512.872966527044    197.0666926785122     9.26942428580538      25    
58513.372966527044    189.2195703993257     9.229607788674702     25    
58513.872966527044    181.91820338866438    9.024102664583827     25    
58514.372966527044    175.10429263092814    8.733732062135688     25    
58514.872966527044    168.6886408320712     8.440598184796036     25    
58515.372966527044    162.64185671757528    8.187329921108374     25    
58515.872966527044    156.84906206930464    8.207564961551064     25    
58516.372966527044    151.31499357484927    8.336178239914297     25    
58516.872966527044    145.96474888480782    8.18592339959066      25    
58517.372966527044    140.8200593334034     7.899318157113277     25    
58517.872966527044    135.90058514990062    7.784093708462207     25    
58518.372966527044    131.2086397355331     7.78362348382689      25    
58518.872966527044    126.77335036861366    7.848469492288426     25    
58519.372966527044    122.59153531928617    7.960948241527582     25    
58519.872966527044    118.67246795474045    7.974084664086553     25    
58520.372966527044    115.013202918585      7.880969605055205     25    
58520.872966527044    111.58270827928764    7.208038875975622     25    
58521.372966527044    108.38204067112652    5.793130082012647     25    
58521.872966527044    105.37824108085502    4.97032896094771      25    
58522.372966527044    102.57247434919952    5.087317661114101     25    
58522.872966527044    99.93408865240193     5.101777226189454     25    
58523.372966527044    97.46358293733785     4.938947861993384     25    
58523.872966527044    95.13450264404814     4.881798188584025     25    
58524.372966527044    92.946889861906       4.967021038654468     25    
58524.872966527044    90.87490257918759     5.099274701745406     25    
58525.372966527044    88.91651534183097     5.2930754951997505    25    
58525.872966527044    87.05353164635822     5.366555633077993     25    
58526.372966527044    85.28139768893237     5.248892797907042     25    
58526.872966527044    83.59618310552914     5.084662567782871     25    
58527.372966527044    81.99646834530229     4.9171735555464835    25    
58527.872966527044    80.4781758288129      4.715221924124129     25    
58528.372966527044    79.04028293632834     4.4321540859197475    25    
58528.872966527044    77.67830055900978     4.206484977421458     25    
58529.372966527044    76.39079041374409     4.181294987943739     25    
58529.872966527044    75.17278951857865     4.195593298558467     25    
58530.372966527044    74.02146650283898     4.143117961776211     25    
58530.872966527044    72.93275954888891     4.080805022405787     25    
58531.372966527044    71.90290240143929     4.023458221497165     25    
58531.872966527044    70.92869646947591     3.9780467548781444    25    
58532.372966527044    70.00558594135627     3.9646038695665786    25    
58532.872966527044    69.13112591086757     3.971795771257639     25    
58533.372966527044    68.300052491032       3.972624099458232     25    
58533.872966527044    67.51058324150607     4.009151095202665     25    
58534.372966527044    66.75683741890846     4.180063749423376     25    
58534.872966527044    66.03760382983333     4.405234697936414     25    
58535.372966527044    65.34647609342781     4.50430146128742      25    
58535.872966527044    64.68272304429158     4.612205819702916     25    
58536.372966527044    64.03950388303218     4.96268488663479      25    