51327.07725997921    4876.9464820940175    1289.2852382297917    25    
51327.57725997921    5924.400590273703     1260.0778321683676    25    
51328.07725997921    7073.391053019332     1311.3251410105534    25    
51328.57725997921    8323.857022888156     1605.9662259166582    25    
51329.07725997921    9675.744709096236     1860.7430053627004    25    
51329.57725997921    11128.989803762175    1900.6441537092928    25    
51330.07725997921    12683.541922228118    1878.5402880694473    25    
51330.57725997921    14339.333404799125    1883.3622846690125    25    
51331.07725997921    16096.31716431833     1886.516649439545     25    
51331.57725997921    17954.42229790242     1887.279951566645     25    
51332.07725997921    19913.604907270255    1886.026016426435     25    
51332.57725997921    21973.790954975353    1882.5140907233633    25    
51333.07725997921    24134.939622987284    1877.889021278638     25    
51333.57725997921    26400.77396937153     1878.6354576735903    25    
51334.07725997921    28761.469837766133    1871.9253086535814    25    
51334.57725997921    31230.779559157007    1826.2988145851537    25    
51335.07725997921    33740.01847476738     1776.0601711646984    25    
51335.57725997921    36206.494298132005    1780.4692509812164    25    
51336.07725997921    38568.93180986308     1806.7985061001898    25    
51336.57725997921    40691.15462651536     1822.5723511102683    25    
51337.07725997921    42542.01589139978     1833.8739388724846    25    
51337.57725997921    43963.60762819467     1832.9789601152484    25    
51338.07725997921    45024.64228229459     1827.4664281061437    25    
51338.57725997921    45755.8594129697      1830.3506652391177    25    
51339.07725997921    46216.80198493506     1837.6135393598668    25    
51339.57725997921    46541.97734529919     1850.9884366018612    25    
51340.07725997921    46756.1563399977      1863.7965431511218    25    
51340.57725997921    47007.54854123536     1867.5769139845186    25    
51341.07725997921    47264.370529943786    1851.532071137247     25    
51341.57725997921    47545.84816347313     1756.5539738693897    25    
51342.07725997921    47824.74654825728     1626.0835915936332    25    
51342.57725997921    48043.77101997869     1601.4688430751323    25    
51343.07725997921    48195.19227133786     1632.8782404393617    25    
51343.57725997921    48218.31697110612     1634.1546491729398    25    
51344.07725997921    48119.3866279474      1624.5340647618605    25    
51344.57725997921    47876.38409600081     1611.1091328436225    25    
51345.07725997921    47494.666841406       1596.3554092562745    25    
51345.57725997921    46977.06950965472     1597.0316603803956    25    
51346.07725997921    46324.35642982949     1605.530559608862     25    
51346.57725997921    45537.75693382175     1611.4496027887465    25    
51347.07725997921    44622.40480099108     1602.995633635576     25    
51347.57725997921    43597.5344873102      1492.881049490908     25    
51348.07725997921    42467.540963089756    1309.0783811390695    25    
51348.57725997921    41264.60414248761     1244.6565338793694    25    
51349.07725997921    39990.77376735716     1267.7500264582436    25    
51349.57725997921    38677.65798843577     1263.552750009534     25    
51350.07725997921    37328.91821383055     1247.9833570334283    25    
51350.57725997921    35987.423712432166    1226.4480495973678    25    
51351.07725997921    34656.154641251844    1201.1197669760813    25    
51351.57725997921    33387.35840477039     1192.7276589962296    25    
51352.07725997921    32182.020037661317    1196.8345530614279    25    
51352.57725997921    31095.327289661596    1197.0945145048001    25    
51353.07725997921    30122.382745792605    1192.0321734956701    25    
51353.57725997921    29275.369104163936    1144.7425147703348    25    
51354.07725997921    28550.211716338734    1061.1809284221629    25    
51354.57725997921    27921.064595040738    1035.0598186756547    25    
51355.07725997921    27387.7358363965      1058.8648403009386    25    
51355.57725997921    26924.795977443373    1068.329483786454     25    
51356.07725997921    26532.723355937826    1067.7832708586361    25    
51356.57725997921    26192.176963169135    1059.2580151323755    25    
51357.07725997921    25903.58277032531     1043.575660958117     25    
51357.57725997921    25653.489221050153    1045.1354320803414    25    
51358.07725997921    25442.014055591404    1062.2845039727597    25    
51358.57725997921    25255.388963704027    1072.0508313581797    25    
51359.07725997921    25093.803283808844    1075.1472591882286    25    
51359.57725997921    24945.783791404676    1072.7932441652938    25    
51360.07725997921    24811.476396193706    1064.818686712142     25    
51360.57725997921    24681.920635185896    1035.3281306845636    25    
51361.07725997921    24557.218712277267    981.8706707083726     25    
51361.57725997921    24428.311786602902    957.3982426976385     25    
51362.07725997921    24295.284152356333    965.8566894727289     25    
51362.57725997921    24149.609446615526    961.0925898458008     25    
51363.07725997921    23991.342083583666    940.6452473018903     25    
51363.57725997921    23812.600952963152    939.056218462381      25    
51364.07725997921    23613.429725949154    959.0799144801714     25    
51364.57725997921    23385.68825805518     972.5565339101486     25    
51365.07725997921    23128.991887892375    978.6380668423461     25    
51365.57725997921    22841.430292626537    968.4688995530524     25    
51366.07725997921    22522.343796752404    934.6917333090568     25    
51366.57725997921    22178.0911978868      967.8660831495437     25    
51367.07725997921    21808.658414781876    1078.4240199285682    25    
51367.57725997921    21420.185851247414    1138.675608581077     25    
51368.07725997921    21013.039481442604    1142.1227949439894    25    
51368.57725997921    20590.50472084849     1129.8317891406216    25    
51369.07725997921    20153.13411038032     1101.5874187707643    25    
51369.57725997921    19700.118532230943    1085.866021728059     25    
51370.07725997921    19231.482038715596    1089.4878976210373    25    
51370.57725997921    18746.37845904984     1096.9971050453219    25    
51371.07725997921    18243.925275440284    1109.1569861611931    25    
51371.57725997921    17729.364465318067    1109.1552650087074    25    
51372.07725997921    17201.37835797041     1104.607803791685     25    
51372.57725997921    16675.077970694685    1006.2848106762458    25    
51373.07725997921    16151.147611747978    707.3983553623132     25    
51373.57725997921    15644.33092657904     419.90739600982596    25    
51374.07725997921    15156.9917317601      429.5361718522434     25    
51374.57725997921    14696.152524442456    461.1405917958602     25    
51375.07725997921    14265.082087953087    445.2108337811014     25    
51375.57725997921    13857.190405580364    431.66143850313694    25    
51376.07725997921    13472.308784234072    423.23179253171935    25    
51376.57725997921    13104.4529575323      420.3040833426188     25    
51377.07725997921    12752.458490048399    425.8019204459754     25    
51377.57725997921    12412.94321757789     426.8632927273834     25    
51378.07725997921    12084.356581498143    417.7015827804356     25    
51378.57725997921    11767.969431676864    408.7320875518892     25    
51379.07725997921    11463.718534479403    399.6431102868627     25    
51379.57725997921    11172.662647815978    405.84586890125127    25    
51380.07725997921    10895.13897293767     439.3150067112947     25    
51380.57725997921    10631.389360259132    463.5550442169603     25    
51381.07725997921    10381.885264888486    466.4003318363061     25    
51381.57725997921    10145.306125910012    463.11396561412624    25    
51382.07725997921    9921.4688450038       456.66959666622097    25    
51382.57725997921    9709.156569028199     448.8716101417168     25    
51383.07725997921    9508.04897804617      440.78213590504924    25    
51383.57725997921    9317.008441046344     434.23715181760775    25    
51384.07725997921    9135.683500173714     430.76568093897635    25    
51384.57725997921    8962.968349909459     429.35633304308834    25    
51385.07725997921    8798.47901933137      431.05742506922405    25    
51385.57725997921    8641.142903562473     431.01589032730755    25    
51386.07725997921    8490.54214346412      423.6821810736939     25    
51386.57725997921    8345.63870995037      419.8532499218666     25    
51387.07725997921    8205.97948051693      421.5034740913302     25    
51387.57725997921    8070.562377018095     440.014394404768      25    