#mB  c  mBmB x1x1 cc mBx1 mBc x1c
17.327248729275762  -0.3  0.0011712021461937308  0.02889829044950149  0.0006343931572643386  0.002027740854442783  0.0007369609937978483  0.0007587282078992869
17.32696358863748  0.3  0.0012115025924470662  0.022395336056578466  0.0006420169227213333  0.0015865048030511751  0.0007742126664914129  0.0005588766431486845
17.83215948925733  0.0  0.0014493652650671757  0.03193898848883652  0.0007387025737996598  0.0022892975313400085  0.0009071687743674615  0.00087456913247598
18.33215948925733  0.0  0.002078123548756593  0.04702840004349159  0.000980253988374903  0.0036202374860896036  0.001272971231897579  0.0015221148776257392
18.83215948925733  0.0  0.003551323381087354  0.07965870922282339  0.0015241731614220402  0.006770860064708017  0.0021221922013804503  0.0031348827719976757
18.330948994594024  -0.15  0.0021522535371933608  0.0562273387222073  0.0010219357243410763  0.004303155303617705  0.001310820104552857  0.0018505935437827775
18.330842761313317  0.15  0.002018719226605845  0.04025667202740865  0.0009505632471735154  0.0031089603728360225  0.001244156367172234  0.0012769403490096184
19.327248729275762  -0.3  0.008290903623253857  0.2767204137339529  0.0034085421326847695  0.02383183087577424  0.004809040726784678  0.011927649206547349
19.32696358863748  0.3  0.005903936769259324  0.08965590707621675  0.0023031438643059637  0.008796304866125445  0.0034771066342798368  0.004257318207827334
