52971.62324374954    -0.8346716307659696     0.8346716308258734     25    
52972.12324374954    -0.8630841755938548     0.8630841756517865     25    
52972.62324374954    -0.8771661901524391     0.8771661902094409     25    
52973.12324374954    -0.8703480605180303     0.8703480605754785     25    
52973.62324374954    -0.8441261844237579     0.8441261844829907     25    
52974.12324374954    -0.7959562089684029     0.7959562090312204     25    
52974.62324374954    -0.7199154153414337     0.7199154154108862     25    
52975.12324374954    -0.618550233923468      0.6185502340043022     25    
52975.62324374954    -0.48761938405264066    0.4876193841551797     25    
52976.12324374954    -0.32227830544035485    0.32227830559550025    25    
52976.62324374954    -0.12526093429716045    0.1252609346963272     25    
52977.12324374954    0.10893967439067771     0.10893967484964732    25    
52977.62324374954    0.38365865898103413     0.3836586591113583     25    
52978.12324374954    0.6968371042509942      0.696837104322747      25    
52978.62324374954    1.0548163561573753      1.054816356204777      25    
52979.12324374954    1.4589908677185597      1.45899086775283       25    
52979.62324374954    1.9088392715168174      1.7094543145895964     25    
52980.12324374954    2.4110629529082046      1.6977602986949076     25    
52980.62324374954    2.9666482827464398      1.68100994703771       25    
52981.12324374954    3.574612134900523       1.6679874649935693     25    
52981.62324374954    4.237600833635059       1.6777867306643466     25    
52982.12324374954    4.96652254003777        1.719382504438938      25    
52982.62324374954    5.736983861570475       1.7662898340619413     25    
52983.12324374954    6.5231025662473066      1.791308866876143      25    
52983.62324374954    7.3422017670343624      1.7981548325961527     25    
52984.12324374954    8.1562856944902         1.7997820135711162     25    
52984.62324374954    8.93502671070526        1.8049559423284174     25    
52985.12324374954    9.695896088581694       1.810374681840645      25    
52985.62324374954    10.40071998730323       1.8135014603671764     25    
52986.12324374954    11.023829907701895      1.8113558132283476     25    
52986.62324374954    11.580456013645058      1.8056955363497016     25    
52987.12324374954    12.07532639141427       1.8040097889440458     25    
52987.62324374954    12.501523320181613      1.8095052733649373     25    
52988.12324374954    12.86841056305098       1.8190411904530372     25    
52988.62324374954    13.201635719723358      1.8306358764424602     25    
52989.12324374954    13.495398237220753      1.8479214047458288     25    
52989.62324374954    13.759153582747327      1.8641195455866257     25    
52990.12324374954    14.01509136530535       1.8741652642261994     25    
52990.62324374954    14.260190895842966      1.9026690453592097     25    
52991.12324374954    14.491999671758109      1.8841922703610983     25    
52991.62324374954    14.712778886976361      1.7177320812446897     25    
52992.12324374954    14.92384500271901       1.3414759980966011     25    
52992.62324374954    15.114988899453108      0.8835918749207109     25    
52993.12324374954    15.280867859593577      0.6712776870829166     25    
52993.62324374954    15.424686571772153      0.7412378827536007     25    
52994.12324374954    15.536836230562217      0.8273622043868616     25    
52994.62324374954    15.61230151785017       0.8267103385060641     25    
52995.12324374954    15.654900738937561      0.8202576304132188     25    
52995.62324374954    15.666427535305658      0.8125082345696744     25    
52996.12324374954    15.64418977434105       0.8003993580479397     25    
52996.62324374954    15.592551202020328      0.7888500185656715     25    
52997.12324374954    15.519768461782737      0.7898348548718652     25    
52997.62324374954    15.422970287515263      0.8087050735923044     25    
52998.12324374954    15.306668823445932      0.8294908210555945     25    
52998.62324374954    15.17822520858477       0.836838982023609      25    
52999.12324374954    15.036304271257167      0.8349454796982697     25    
52999.62324374954    14.878676545571691      0.8244949836377461     25    
53000.12324374954    14.705513063073772      0.799527696204646      25    
53000.62324374954    14.517656076985741      0.7577214034434633     25    
53001.12324374954    14.307283986786608      0.7266981954030752     25    
53001.62324374954    14.071609351692643      0.7325460153924881     25    
53002.12324374954    13.812173237425181      0.7594573468317593     25    
53002.62324374954    13.521968921666607      0.7782199187169788     25    
53003.12324374954    13.195027619094295      0.7797796661242361     25    
53003.62324374954    12.838543798648452      0.7741139316939989     25    
53004.12324374954    12.463610532001336      0.7652893886559268     25    
53004.62324374954    12.062163503410874      0.7483745597641324     25    
53005.12324374954    11.648916791857925      0.7320744266059429     25    
53005.62324374954    11.24609112975312       0.732344642252686      25    
53006.12324374954    10.8434652404746        0.7523225222510551     25    
53006.62324374954    10.458334385931984      0.7731534170360409     25    
53007.12324374954    10.110424779434279      0.7745220356146607     25    
53007.62324374954    9.792277612671013       0.7571802203260083     25    
53008.12324374954    9.50655233140816        0.7575924357434032     25    
53008.62324374954    9.258909609439504       0.8100730299058143     25    
53009.12324374954    9.046782503737598       0.8909531924463479     25    
53009.62324374954    8.857477386296091       0.950861068735585      25    
53010.12324374954    8.689548321040178       0.9719867973086901     25    
53010.62324374954    8.54283495725007        0.9754668001597047     25    
53011.12324374954    8.404322831137147       0.9768038513374597     25    
53011.62324374954    8.275168795994876       0.9787426652955238     25    
53012.12324374954    8.153122510543334       0.9771407531131322     25    
53012.62324374954    8.02944271155197        0.9704706847515072     25    
53013.12324374954    7.9065154746471755      0.9548978402846166     25    
53013.62324374954    7.781305146555152       0.939812938528014      25    
53014.12324374954    7.649203384852519       0.9374213525217691     25    
53014.62324374954    7.512622018555339       0.9470353388259417     25    
53015.12324374954    7.367134704604872       0.957813000439915      25    
53015.62324374954    7.2084252129294315      0.9624638473699277     25    
53016.12324374954    7.038265000950079       0.9644699520963705     25    
53016.62324374954    6.858375998184557       0.962615810782756      25    
53017.12324374954    6.667217456738623       0.9584493026870076     25    
53017.62324374954    6.46619989291776        0.9504991648337054     25    
53018.12324374954    6.264501521992216       0.9288870224879625     25    
53018.62324374954    6.061488061499418       0.8785994770724551     25    
53019.12324374954    5.858994617926077       0.8152155839507859     25    
53019.62324374954    5.666075274288196       0.7755500133020884     25    
53020.12324374954    5.48256417312003        0.7734402720579345     25    
53020.62324374954    5.307586043361211       0.7835307798048757     25    
53021.12324374954    5.14299597669357        0.7800288027168861     25    
53021.62324374954    4.990581395683865       0.7634953140648046     25    
53022.12324374954    4.843467569958832       0.7492140099083358     25    
53022.62324374954    4.696538133214071       0.7510757540067762     25    
53023.12324374954    4.552921232649001       0.7659525877873743     25    
53023.62324374954    4.40518736850657        0.7810806983975377     25    
53024.12324374954    4.248570881259558       0.7906905498239072     25    
53024.62324374954    4.085745156746859       0.798277205523949      25    
53025.12324374954    3.91501934041643        0.7973306923540477     25    
53025.62324374954    3.733596234596273       0.7897350397727622     25    
53026.12324374954    3.5445180123597524      0.7720258739774121     25    
53026.62324374954    3.3545853178298777      0.7266246045217827     25    
53027.12324374954    3.1621323332170834      0.621328964373127      25    
53027.62324374954    2.9700279617186904      0.4784136078153685     25    
53028.12324374954    2.7850899226106596      0.3791531249061052     25    
53028.62324374954    2.6054485092904085      0.37398907042678364    25    
53029.12324374954    2.433284467802952       0.3999919233221885     25    
53029.62324374954    2.2722630897378053      0.3932992355363886     25    
53030.12324374954    2.121453298443607       0.3673328846042158     25    
53030.62324374954    1.980050774231769       0.34397891172003514    25    
53031.12324374954    1.8478728922481702      0.34084247016542885    25    
53031.62324374954    1.7250727305973883      0.3517937347848425     25    
53032.12324374954    1.6107979043877307      0.36597314762981703    25    
53032.62324374954    1.5048545777357045      0.38209487944882947    25    
53033.12324374954    1.407319649587984       0.3997981956044243     25    
53033.62324374954    1.3172895644403804      0.4066662407620045     25    
53034.12324374954    1.2348662364686187      0.39527471819815035    25    
53034.62324374954    1.1598229704918868      0.375358913905591      25    
53035.12324374954    1.0912849444263117      0.36172188588394755    25    
53035.62324374954    1.029550959471225       0.3557314255590637     25    
53036.12324374954    0.974137663405519       0.35354095499327526    25    
53036.62324374954    0.9242516927162467      0.35450070036609266    25    
53037.12324374954    0.8801619923764749      0.36105557367652596    25    
53037.62324374954    0.8415939753655377      0.3654696149365373     25    
53038.12324374954    0.8081343511831782      0.358902012194825      25    
53038.62324374954    0.77987980298111        0.3425557683463934     25    
53039.12324374954    0.7573008579618865      0.3283055563174686     25    
53039.62324374954    0.7405431465304938      0.32524311104742104    25    
53040.12324374954    0.7295235296264923      0.32878902259845544    25    
53040.62324374954    0.7248035980596554      0.33570662891362385    25    
53041.12324374954    0.7267312821525904      0.348550713184297      25    
53041.62324374954    0.7349468619408378      0.36304704548003125    25    
53042.12324374954    0.7490181942570627      0.3678253531042022     25    
53042.62324374954    0.769822361317259       0.35942767810318194    25    
53043.12324374954    0.7957723566038536      0.34487610184586703    25    
53043.62324374954    0.8245116542024591      0.33135803400707836    25    
53044.12324374954    0.8571744724603466      0.3167452051147203     25    
53044.62324374954    0.8917623060692887      0.3034371681861413     25    
53045.12324374954    0.926057898389842       0.2961251676956557     25    
53045.62324374954    0.9611573668465442      0.2944153989276339     25    
53046.12324374954    0.9952685338105646      0.2951660503913122     25    
53046.62324374954    1.026965720387381       0.2971730088655984     25    
53047.12324374954    1.0569723249004366      0.3012338259042794     25    
53047.62324374954    1.0850286109082175      0.3029159808510672     25    
53048.12324374954    1.110998804260865       0.29958643788540884    25    
53048.62324374954    1.1349768395059876      0.2932419154436737     25    
53049.12324374954    1.156916516829692       0.2859329271686215     25    
53049.62324374954    1.1768243470621969      0.2772002255945089     25    
53050.12324374954    1.1946873432388179      0.2676635340527486     25    
53050.62324374954    1.2104620761234506      0.2597848968757081     25    
53051.12324374954    1.224164518333377       0.25354944714624866    25    
53051.62324374954    1.2357687386535543      0.24882172994237506    25    
53052.12324374954    1.2452378128264867      0.2467176610108473     25    
53052.62324374954    1.252591130225892       0.24896640143519963    25    
53053.12324374954    1.2577928379016852      0.24858459968753505    25    
53053.62324374954    1.260815539090286       0.2370981876179202     25    
53054.12324374954    1.2616759948912306      0.21479169892621694    25    
53054.62324374954    1.2603314531346987      0.19557288592280764    25    
53055.12324374954    1.2567670670663396      0.1895464499498193     25    
53055.62324374954    1.250990924480882       0.19273572861900234    25    
53056.12324374954    1.2429564679245768      0.20885792032402722    25    