55150.64327604304    801.0648949334327     196.82146860612613    25    
55151.14327604304    955.4930742164887     196.145153404745      25    
55151.64327604304    1120.386181076848     207.66089658751707    25    
55152.14327604304    1294.894300145511     255.87661749537583    25    
55152.64327604304    1478.3841733856743    298.9205225668079     25    
55153.14327604304    1669.9025096294406    308.5956274101768     25    
55153.64327604304    1868.9154643451466    307.32645786244433    25    
55154.14327604304    2074.374295153509     309.66087855315084    25    
55154.64327604304    2285.8366464404953    311.3093266171081     25    
55155.14327604304    2502.166249202947     311.96017889611977    25    
55155.64327604304    2723.0043121569547    311.83683505748456    25    
55156.14327604304    2947.1349642629903    311.0282508621887     25    
55156.64327604304    3174.2750539797494    309.97628111263276    25    
55157.14327604304    3403.43054975362      310.4988815831463     25    
55157.64327604304    3633.8076123331666    311.19245135371807    25    
55158.14327604304    3864.5578080854675    307.0022018625983     25    
55158.64327604304    4092.0127347777266    301.8045735633033     25    
55159.14327604304    4304.342726973393     308.93788976709044    25    
55159.64327604304    4499.476763026505     322.9726232371504     25    
55160.14327604304    4659.9981751778805    331.802507098287      25    
55160.64327604304    4785.913503459221     337.7396088465947     25    
55161.14327604304    4859.6286661617305    341.068407179867      25    
55161.64327604304    4885.124872897797     343.45373924006805    25    
55162.14327604304    4872.604198586411     358.36618010270035    25    
55162.64327604304    4823.448033278439     382.0949427020242     25    
55163.14327604304    4761.095057980231     404.537094408097      25    
55163.64327604304    4685.051153810924     425.34790879943915    25    
55164.14327604304    4617.862925450926     423.7270267236835     25    
55164.64327604304    4558.513421685854     400.70488115156627    25    
55165.14327604304    4509.060603419891     364.40721108160943    25    
55165.64327604304    4469.544493966238     309.57033480375895    25    
55166.14327604304    4432.006484923941     280.89245105756777    25    
55166.64327604304    4396.594461001079     288.78800427983504    25    
55167.14327604304    4356.378236849764     295.86724842602507    25    
55167.64327604304    4311.049223947184     299.8234058540539     25    
55168.14327604304    4259.329537221804     311.1844482600151     25    
55168.64327604304    4200.8808724503815    329.8509959920072     25    
55169.14327604304    4137.311716687908     355.4970254975058     25    
55169.64327604304    4068.6538443498507    390.734438271169      25    
55170.14327604304    3996.072461667516     404.0203069097421     25    
55170.64327604304    3919.909532282223     390.2545994392463     25    
55171.14327604304    3839.4081914851213    361.62488089526954    25    
55171.64327604304    3754.7607054270493    309.62324262055057    25    
55172.14327604304    3664.2063756809034    270.6114280274859     25    
55172.64327604304    3567.511885715693     271.5984534101448     25    
55173.14327604304    3463.3967114708885    277.63071694472313    25    
55173.64327604304    3350.559405006123     279.18654492953       25    
55174.14327604304    3232.5753939973015    278.39347288656194    25    
55174.64327604304    3109.1477022037147    270.1374480689247     25    
55175.14327604304    2986.3599629985542    270.71063799409336    25    
55175.64327604304    2865.7893072090233    292.7212367374591     25    
55176.14327604304    2752.359676783384     311.152452887727      25    
55176.64327604304    2648.9145169336434    314.9155778984597     25    
55177.14327604304    2556.699336399983     314.04166211250254    25    
55177.64327604304    2477.5614111547625    309.87784481126045    25    
55178.14327604304    2410.732887455877     307.5435010354261     25    
55178.64327604304    2356.239040362931     314.92732462907406    25    
55179.14327604304    2313.8865717330004    321.48767695174394    25    
55179.64327604304    2284.0838260084715    320.3732250488174     25    
55180.14327604304    2265.175406027163     312.5499515781947     25    
55180.64327604304    2256.3830108832703    291.126940640347      25    
55181.14327604304    2255.4184235631897    267.2555131120412     25    
55181.64327604304    2259.6622017518853    260.67645316286115    25    
55182.14327604304    2267.6453361597314    261.3433950589481     25    
55182.64327604304    2275.8137543988814    261.4336995223411     25    
55183.14327604304    2284.68594468521      260.91229223145876    25    
55183.64327604304    2292.7667645379747    253.47652223824133    25    
55184.14327604304    2301.4517269671674    244.02361614085572    25    
55184.64327604304    2312.5007476137307    241.35943784527896    25    
55185.14327604304    2326.361997121607     242.60723037157652    25    
55185.64327604304    2345.4979278380188    245.86827013885994    25    
55186.14327604304    2369.1335053655016    250.41180641039836    25    
55186.64327604304    2397.322137136246     251.06060496752866    25    
55187.14327604304    2428.883678124245     251.98928786781173    25    
55187.64327604304    2460.1198437997355    267.5336018050976     25    
55188.14327604304    2490.7166972217487    289.05650197617234    25    
55188.64327604304    2516.330605340801     297.2331340944335     25    
55189.14327604304    2537.4557223285906    296.23982357438655    25    
55189.64327604304    2552.553258810554     284.69303938404994    25    
55190.14327604304    2562.2857804129712    264.4741447414276     25    
55190.64327604304    2569.6340017596344    259.0836842367227     25    
55191.14327604304    2574.621751132123     265.9374346946352     25    
55191.64327604304    2580.66865664935      273.98649983991885    25    
55192.14327604304    2587.5157400949693    283.33739697221154    25    
55192.64327604304    2595.720588601617     284.0986772493482     25    
55193.14327604304    2605.13812403667      277.4053998818468     25    
55193.64327604304    2611.5729668975755    288.8208940717155     25    
55194.14327604304    2615.128446623581     316.2256807966619     25    
55194.64327604304    2611.371899026002     334.6153725006215     25    
55195.14327604304    2600.2912287848594    345.6511556343162     25    
55195.64327604304    2580.123541355391     334.6633539762005     25    
55196.14327604304    2550.561634552795     296.2147070634256     25    
55196.64327604304    2514.4475547315633    254.1546534332857     25    
55197.14327604304    2471.724072835355     207.8116966678577     25    
55197.64327604304    2425.218168908701     179.61333361364237    25    
55198.14327604304    2375.0843691399205    186.58535338619413    25    
55198.64327604304    2323.1454251441287    191.23155130912207    25    
55199.14327604304    2269.7400750540305    186.34292555642014    25    
55199.64327604304    2214.969687197306     184.72052460300065    25    
55200.14327604304    2158.8901585615213    188.60208784732936    25    
55200.64327604304    2101.6303550932053    195.50289147942487    25    
55201.14327604304    2043.1287003791317    207.32901729270156    25    
55201.64327604304    1983.9112473215357    211.28280433673416    25    
55202.14327604304    1923.868972023793     201.86772850452573    25    
55202.64327604304    1864.2463263930522    187.28627359657997    25    
55203.14327604304    1805.2482347022       168.07375504380664    25    
55203.64327604304    1748.0167907068003    147.84533214665225    25    
55204.14327604304    1692.985874666474     129.17384407490582    25    
55204.64327604304    1640.7642986051912    114.95651508615656    25    
55205.14327604304    1591.9080374173027    111.73014406093765    25    
55205.64327604304    1546.0476214352839    111.75785342318984    25    
55206.14327604304    1503.1688135228403    109.80610480004984    25    
55206.64327604304    1463.020905396443     107.9497000199818     25    
55207.14327604304    1425.469582723001     106.06375772236846    25    
55207.64327604304    1390.3249786760866    104.62908056288165    25    
55208.14327604304    1357.429640251186     104.23827718408775    25    
55208.64327604304    1326.617413741183     104.37832644522257    25    
55209.14327604304    1297.7068497598348    104.5283442229364     25    
55209.64327604304    1270.5555137845538    105.18006756525301    25    
55210.14327604304    1244.9590749013862    105.39980597475882    25    
55210.64327604304    1220.7971284703688    108.58725543205597    25    
55211.14327604304    1197.8441793282814    114.73829011976018    25    
55211.64327604304    1176.0001214510705    132.11134589078537    25    
55212.14327604304    1155.0200266929605    163.46701482492946    25    