#mB  c  mBmB x1x1 cc mBx1 mBc x1c
18.866810977275804  -0.3  0.00043445621486876373  0.013811110137746255  0.00024945492164097656  0.0013751115583858693  0.00024175950588247943  0.00036578341155055633
18.867882127322773  0.3  0.0004367856087863275  0.011128066681320877  0.00025422015054553626  0.0010735827951684233  0.0002560365428210457  0.0002182160089917993
19.372483385979614  0.0  0.00047712066788485266  0.014927353254553787  0.0002710554688041082  0.0014468266308394883  0.0002711489121065033  0.000379055018780132
19.872483385979617  0.0  0.0005774899677603451  0.020827056888636817  0.00031759024298326965  0.002004300232664338  0.0003239403793274123  0.0006056960333094048
20.372483385979617  0.0  0.000804840204780129  0.033769371553253234  0.00042251935337036454  0.0032445867928765633  0.0004430773521822394  0.0011113042964717333
19.870912657982547  -0.15  0.0005951061466946449  0.02353363910192016  0.00033054369507252545  0.002269761707171352  0.00032797276573396034  0.0007222038182698136
19.871485097143463  0.15  0.0005631816008098975  0.018538360026518732  0.0003093756151591572  0.0017758126241933475  0.0003210099336418883  0.0005019815980068313
20.866810977275804  -0.3  0.0014773175907933842  0.08564673337071808  0.0008586550191425074  0.008068289417454527  0.0007425701645357504  0.002911924054635221
20.867882127322773  0.3  0.0011760558545114317  0.04275995490246923  0.0005627328001948266  0.004194447389428915  0.0006644615111295908  0.0015200975853951089
