#mB  c  mBmB x1x1 cc mBx1 mBc x1c
15.679089601722172  -0.3  0.00035128138864822184  0.013512648812551306  0.00025515631329134787  0.00022296519575721642  0.00023660262937044314  0.00012530671665269503
15.679781104112514  0.3  0.00039353777402708  0.012122480315743972  0.0002770474746109868  0.00020899487575831913  0.00027068864546174275  0.00011633304260954935
16.184548854694654  0.0  0.00038273627021946367  0.013759106176591925  0.00027124620647576335  0.0002475735987040273  0.0002601178130309522  0.00014675339551396358
16.684548854694658  0.0  0.00041067994874927196  0.01641393708554688  0.0002851742769182676  0.0003372378162486779  0.000277488572004735  0.000221714863510656
17.184548854694658  0.0  0.0004797802243281567  0.02235505463676001  0.00031905918237800583  0.0005514040147431216  0.0003202184444545565  0.00039828921157493533
16.68307895535983  -0.15  0.0004042243488645519  0.018179619512432365  0.0002833815498651625  0.0003815098209264272  0.0002717608857672069  0.00026116372933707583
16.68346141526379  0.15  0.00041801442212227607  0.015115985793498907  0.00028806211804332973  0.0003052498250926394  0.00028383340337927225  0.00019446265979135136
17.679089601722172  -0.3  0.0006904058147706152  0.055866117616685834  0.00044908016542418426  0.0016942602892147584  0.0004489988767848899  0.0014259159790513364
17.679781104112514  0.3  0.0006238213024008521  0.024425375136752005  0.0003785973312954619  0.0007055223670434853  0.00041165176357508773  0.0005088434568942368
