#Date  :
#Flux  :
#Fluxerr  :
#ZP  :
#end  :
@INSTRUMENT  PS
@BAND  PS_r
@MAGSYS  AB
55074.6015625  -3.2339999675750732  9.40999984741211  27.523
55083.6015625  7.2870001792907715  17.323999404907227  27.523
55086.6015625  -14.592000007629395  20.364999771118164  27.523
55089.6015625  6.547999858856201  8.826000213623047  27.523
55095.6015625  1.2929999828338623  10.027000427246094  27.523
55098.6015625  1.4780000448226929  10.619000434875488  27.523
55101.6015625  -2.9670000076293945  9.531000137329102  27.523
55104.6015625  0.4259999990463257  9.329000473022461  27.523
55161.3984375  -17.597000122070312  9.447999954223633  27.523
55170.3984375  11.392999649047852  17.805999755859375  27.523
55173.3984375  1.4819999933242798  7.934000015258789  27.523
55176.3984375  9.220000267028809  13.295999526977539  27.523
55179.3984375  -2.8949999809265137  4.927000045776367  27.523
55188.30078125  -7.793000221252441  11.694000244140625  27.523
55191.30078125  -6.488999843597412  11.111000061035156  27.523
55203.30078125  1.7690000534057617  4.196000099182129  27.523
55206.30078125  -3.177999973297119  5.1479997634887695  27.523
55215.19921875  -3.2049999237060547  8.291000366210938  27.523
55413.6015625  -26.69300079345703  12.29800033569336  27.523
55416.6015625  9.279000282287598  10.836000442504883  27.523
55422.6015625  11.329000473022461  11.267999649047852  27.523
55425.6015625  1.1929999589920044  7.02400016784668  27.523
55428.6015625  -8.064000129699707  9.631999969482422  27.523
55446.6015625  2.697999954223633  11.055000305175781  27.523
55449.6015625  -2.8589999675750732  5.96999979019165  27.523
55452.6015625  -13.154000282287598  7.426000118255615  27.523
55458.6015625  3.1619999408721924  8.555999755859375  27.523
55467.6015625  -7.801000118255615  14.22700023651123  27.523
55476.6015625  1.781000018119812  10.717000007629395  27.523
55479.6015625  -18.683000564575195  21.461999893188477  27.523
55482.6015625  -11.982000350952148  6.538000106811523  27.523
55485.6015625  -5.066999912261963  10.762999534606934  27.523
55500.3984375  7.75600004196167  4.322000026702881  27.523
55503.3984375  25.926000595092773  10.932000160217285  27.523
55509.5  109.64099884033203  10.586000442504883  27.523
55530.5  182.47500610351562  34.895999908447266  27.523
55587.30078125  17.729999542236328  12.647000312805176  27.523
55590.30078125  12.48900032043457  6.929999828338623  27.523
55593.30078125  10.982000350952148  8.739999771118164  27.523
55596.30078125  -2.8289999961853027  6.132999897003174  27.523
55809.6015625  2.7720000743865967  6.341000080108643  27.523
55812.5  0.9350000023841858  7.900000095367432  27.523
55824.6015625  1.6660000085830688  6.369999885559082  27.523
55828.5  -4.193999767303467  2.9549999237060547  27.523
55829.5  -13.559000015258789  11.295000076293945  27.523
55833.6015625  0.527999997138977  9.479000091552734  27.523
55836.6015625  1.965000033378601  13.265999794006348  27.523
55839.5  4.632999897003174  11.895999908447266  27.523
55852.6015625  2.7699999809265137  8.973999977111816  27.523
55855.5  7.570000171661377  6.3520002365112305  27.523
55858.3984375  9.069999694824219  5.0980000495910645  27.523
55863.5  -2.056999921798706  10.093999862670898  27.523
55887.3984375  9.067000389099121  14.861000061035156  27.523
55895.30078125  -5.751999855041504  5.730000019073486  27.523
55911.30078125  3.252000093460083  5.702000141143799  27.523
55941.30078125  -6.164000034332275  31.759000778198242  27.523
56161.6015625  9.401000022888184  6.785999774932861  27.523
56206.6015625  2.2249999046325684  9.845999717712402  27.523
56209.6015625  -0.7419999837875366  8.003999710083008  27.523
56213.3984375  32.999000549316406  21.268999099731445  27.523
56217.5  1.3279999494552612  9.015000343322754  27.523
56220.5  16.48699951171875  17.354000091552734  27.523
56235.5  1.1239999532699585  6.421999931335449  27.523
56238.3984375  19.06100082397461  11.553999900817871  27.523
56241.3984375  -11.880999565124512  16.81599998474121  27.523
56242.3984375  7.447999954223633  12.972999572753906  27.523
56268.30078125  -3.115999937057495  9.130999565124512  27.523
56271.30078125  1.7730000019073486  7.2129998207092285  27.523
56302.30078125  2.006999969482422  8.194000244140625  27.523
56507.6015625  9.38700008392334  8.123000144958496  27.523
56512.6015625  -6.061999797821045  8.508999824523926  27.523
56518.6015625  2.4200000762939453  4.423999786376953  27.523
56534.6015625  -0.03500000014901161  5.576000213623047  27.523
56537.6015625  2.0399999618530273  5.454999923706055  27.523
56538.6015625  4.493000030517578  5.165999889373779  27.523
56567.6015625  1.5920000076293945  9.949999809265137  27.523
56574.6015625  -1.6549999713897705  6.906000137329102  27.523
56590.5  -3.2119998931884766  7.461999893188477  27.523
56593.5  11.673999786376953  15.875  27.523
56619.3984375  -5.123000144958496  10.105999946594238  27.523
56622.3984375  0.36399999260902405  10.989999771118164  27.523
56625.30078125  1.8949999809265137  8.680999755859375  27.523
56626.30078125  -27.19499969482422  18.965999603271484  27.523
56630.30078125  1.1119999885559082  8.454999923706055  27.523
56633.30078125  5.38100004196167  8.819000244140625  27.523
56636.30078125  15.006999969482422  18.363000869750977  27.523
56649.3984375  -8.51099967956543  20.823999404907227  27.523
56655.3984375  6.304999828338623  11.095999717712402  27.523
56656.3984375  1.2100000381469727  6.705999851226807  27.523
56663.30078125  -20.32699966430664  16.150999069213867  27.523
