57282.4155425169    0.46707789353133483    0.08464900250524827     25    
57282.9155425169    0.5216663279442066     0.08462591353817722     25    
57283.4155425169    0.5790759727663982     0.08452364836429192     25    
57283.9155425169    0.6391881109729758     0.08496942670644649     25    
57284.4155425169    0.7019233263565371     0.08662959565338092     25    
57284.9155425169    0.7673682117721164     0.08961700403966213     25    
57285.4155425169    0.8354336441670047     0.09274019924518939     25    
57285.9155425169    0.9060015937609157     0.09484547514982124     25    
57286.4155425169    0.9791084850650984     0.09559112068820008     25    
57286.9155425169    1.0547539769435106     0.09563089819872962     25    
57287.4155425169    1.1328193523712196     0.09552080497878655     25    
57287.9155425169    1.2132362764754276     0.09567727449519484     25    
57288.4155425169    1.296088593132579      0.09586344120296247     25    
57288.9155425169    1.3812788469339474     0.09603036337295533     25    
57289.4155425169    1.4686910698331954     0.09617237655656824     25    
57289.9155425169    1.5583769765642936     0.09628736741091298     25    
57290.4155425169    1.6503188740345371     0.09638068087575025     25    
57290.9155425169    1.7443980452189882     0.09645848847956547     25    
57291.4155425169    1.8405586110687464     0.09651975766815991     25    
57291.9155425169    1.938878917503079      0.09655756193806231     25    
57292.4155425169    2.039254551246535      0.09659601129455408     25    
57292.9155425169    2.1415794497142766     0.0966484781452293      25    
57293.4155425169    2.2460444318678134     0.09648045351834099     25    
57293.9155425169    2.3524675741189767     0.09635897813514381     25    
57294.4155425169    2.4604656031318557     0.0967731930712494      25    
57294.9155425169    2.5703583884409666     0.09822686648633953     25    
57295.4155425169    2.6825781969227585     0.10054848675345214     25    
57295.9155425169    2.7950414074277674     0.10288037877879135     25    
57296.4155425169    2.9057993778093514     0.10444482510683416     25    
57296.9155425169    3.0165665028413713     0.10525903854568719     25    
57297.4155425169    3.1259742418190855     0.10571733905466096     25    
57297.9155425169    3.231090609280463      0.10611631557671919     25    
57298.4155425169    3.3311309465211196     0.10662013719385113     25    
57298.9155425169    3.4275463914623283     0.1070891788514399      25    
57299.4155425169    3.517919923316513      0.10747399134048777     25    
57299.9155425169    3.599885670294124      0.10772093215679934     25    
57300.4155425169    3.673707807350965      0.10775728511353391     25    
57300.9155425169    3.740393301147964      0.10772123318482285     25    
57301.4155425169    3.800660404645441      0.10779444998789486     25    
57301.9155425169    3.8540538966284053     0.10806778698470526     25    
57302.4155425169    3.9004232844565867     0.10845106661691371     25    
57302.9155425169    3.9419892993115324     0.10889945523097974     25    
57303.4155425169    3.9805476685482213     0.10939715887329163     25    
57303.9155425169    4.014581289031403      0.11005644076445101     25    
57304.4155425169    4.045297170605837      0.11069363939862926     25    
57304.9155425169    4.074707860014622      0.11106937034676313     25    
57305.4155425169    4.103510866234629      0.11157123715770868     25    
57305.9155425169    4.130805785504295      0.11207292779813585     25    
57306.4155425169    4.156452274767627      0.1113828478480382      25    
57306.9155425169    4.180489705947233      0.10808507156987417     25    
57307.4155425169    4.203441173286468      0.10121715440396285     25    
57307.9155425169    4.224259682141312      0.093113294640582       25    
57308.4155425169    4.241666795780012      0.08723712998752539     25    
57308.9155425169    4.255892522502218      0.08576321964368248     25    
57309.4155425169    4.267085464571706      0.08682780114688951     25    
57309.9155425169    4.27409851166145       0.08830951054608976     25    
57310.4155425169    4.275977022686396      0.08857976075380095     25    
57310.9155425169    4.273082143735202      0.0884647242617233      25    
57311.4155425169    4.26583307910183       0.08824721303899892     25    
57311.9155425169    4.254573824072895      0.08802615661747044     25    
57312.4155425169    4.238762424486901      0.08773655096910192     25    
57312.9155425169    4.218793267959302      0.08741014765898786     25    
57313.4155425169    4.195915456405413      0.08721012983585247     25    
57313.9155425169    4.170803950980572      0.08731161171540353     25    
57314.4155425169    4.142612995964705      0.0877121279905739      25    
57314.9155425169    4.112346438869677      0.0881309896982649      25    
57315.4155425169    4.081166545364053      0.08827736086039427     25    
57315.9155425169    4.048920058444568      0.08797466211565617     25    
57316.4155425169    4.0154027032111985     0.08750163489523645     25    
57316.9155425169    3.9809150715852555     0.08723911563499334     25    
57317.4155425169    3.9457208882563357     0.08752036581233547     25    
57317.9155425169    3.9097272452485172     0.08822061294613585     25    
57318.4155425169    3.8726414205127626     0.08898164140642431     25    
57318.9155425169    3.8341880768418433     0.08946534599690158     25    
57319.4155425169    3.7945293138903966     0.08969667701593831     25    
57319.9155425169    3.753576473661447      0.08978728585070996     25    
57320.4155425169    3.7110535443604196     0.08977064344704416     25    
57320.9155425169    3.6667604999013172     0.08965624849907955     25    
57321.4155425169    3.620817706730524      0.08942558990456281     25    
57321.9155425169    3.5733839809342816     0.08911112730530636     25    
57322.4155425169    3.5245808672511965     0.08873490929960805     25    
57322.9155425169    3.4741557026031287     0.08819718851406906     25    
57323.4155425169    3.422399246762673      0.08762316102384979     25    
57323.9155425169    3.3697929044826345     0.0872144438742128      25    
57324.4155425169    3.3164143955362566     0.08714185611061565     25    
57324.9155425169    3.262047259736309      0.08730594471791        25    
57325.4155425169    3.2071677978105098     0.08748157583503613     25    
57325.9155425169    3.152181766312897      0.08754751612633352     25    
57326.4155425169    3.0967487785159045     0.08803295290387951     25    
57326.9155425169    3.041139538063501      0.08817937299610237     25    
57327.4155425169    2.985836711021549      0.08690909823803249     25    
57327.9155425169    2.9308526698681194     0.08283328871234677     25    
57328.4155425169    2.8760303048041416     0.07641245671307499     25    
57328.9155425169    2.821843445070284      0.0700026153962269      25    
57329.4155425169    2.768656730997375      0.06654234130071165     25    
57329.9155425169    2.7161297201933317     0.06611410893737317     25    
57330.4155425169    2.6645624313567122     0.06703765827530304     25    
57330.9155425169    2.614414673318163      0.06765614751924627     25    
57331.4155425169    2.5657709172287344     0.06755115538018888     25    
57331.9155425169    2.518463449817882      0.06739337108893133     25    
57332.4155425169    2.472590643087595      0.0671539065871856      25    
57332.9155425169    2.4282657514991786     0.06677780431752205     25    
57333.4155425169    2.3855348245387247     0.06619505216458209     25    
57333.9155425169    2.3441795375170544     0.0655990039242184      25    
57334.4155425169    2.3039579000014814     0.0652200027551088      25    
57334.9155425169    2.264943714843562      0.0651825800613865      25    
57335.4155425169    2.2271381061086015     0.06533443559781636     25    
57335.9155425169    2.190290113920371      0.0654844378466723      25    
57336.4155425169    2.1542282542918065     0.06549428286113886     25    
57336.9155425169    2.119091125905014      0.06545453303969406     25    
57337.4155425169    2.084800554049994      0.06535126278124778     25    
57337.9155425169    2.0512468576535023     0.06515625752048557     25    
57338.4155425169    2.018406750509163      0.06509744234988993     25    
57338.9155425169    1.9863336617148173     0.06496170342903666     25    
57339.4155425169    1.9550657994580154     0.06425391599430201     25    
57339.9155425169    1.9246212945974026     0.062336375833992784    25    
57340.4155425169    1.8949742867798147     0.05905591319115331     25    
57340.9155425169    1.8661598062261635     0.05555633566649813     25    
57341.4155425169    1.838219792405047      0.05329814154644406     25    
57341.9155425169    1.8112146129245115     0.05280129984502007     25    
57342.4155425169    1.78506127206959       0.05320007413546608     25    
57342.9155425169    1.7596292876174666     0.053583608305907006    25    
57343.4155425169    1.7349206245489825     0.053336452988368775    25    
57343.9155425169    1.7110389875054162     0.05285192289435843     25    
57344.4155425169    1.68767055167269       0.052401953811255314    25    
57344.9155425169    1.6645117927727748     0.05224083839896068     25    
57345.4155425169    1.6417694619475425     0.05243944051397285     25    
57345.9155425169    1.6193101494972273     0.052794191198955634    25    
57346.4155425169    1.5967964303280313     0.05308402256619113     25    
57346.9155425169    1.574063908669188      0.053219892435635685    25    
57347.4155425169    1.551275532961462      0.053309910007214543    25    
57347.9155425169    1.5283860842657842     0.0532719534689574      25    
57348.4155425169    1.5053263972371005     0.05302865158453839     25    
57348.9155425169    1.4819610350451857     0.052635175992818195    25    
57349.4155425169    1.458529921874478      0.05204690102168104     25    
57349.9155425169    1.4353579784535249     0.05117141342945471     25    
57350.4155425169    1.4124720804734685     0.04973171526160579     25    
57350.9155425169    1.3897444428843544     0.04776735212461528     25    
57351.4155425169    1.367515604903777      0.04593611931219796     25    
57351.9155425169    1.346086254311993      0.0449713196653734      25    
57352.4155425169    1.325322423052059      0.044962846810763235    25    
57352.9155425169    1.305225640393102      0.04533483949722277     25    
57353.4155425169    1.285871497240425      0.04548710292492468     25    
57353.9155425169    1.2674094942225218     0.04512608499916233     25    
57354.4155425169    1.2497484348735102     0.04455237078229931     25    
57354.9155425169    1.2325609090319425     0.04402004617967218     25    
57355.4155425169    1.2156123820592284     0.04376303316945403     25    
57355.9155425169    1.1991540145499713     0.04372479568249717     25    
57356.4155425169    1.1829329820680299     0.04380110357722409     25    
57356.9155425169    1.1665916726483072     0.04390590256726368     25    
57357.4155425169    1.1501110674127504     0.04409006717674638     25    
57357.9155425169    1.133591986228115      0.04433846091815226     25    
57358.4155425169    1.1168942524505876     0.04448753700228804     25    
57358.9155425169    1.09987311265845       0.04450188390409099     25    
57359.4155425169    1.0825137986340565     0.04464320002309947     25    
57359.9155425169    1.065025873460659      0.044393401480936234    25    
57360.4155425169    1.0476312670544419     0.04311342244912478     25    
57360.9155425169    1.030236123106649      0.03984630349712086     25    
57361.4155425169    1.0128651355163512     0.03510384033085345     25    
57361.9155425169    0.995776307523268      0.030511133781819553    25    
57362.4155425169    0.9791324551487711     0.028273199969123725    25    
57362.9155425169    0.9627847480400837     0.028210595795859494    25    
57363.4155425169    0.9468402814224501     0.02897551238788575     25    
57363.9155425169    0.9314357514889728     0.029222541858954294    25    
57364.4155425169    0.9166141396382116     0.028869919333321253    25    
57364.9155425169    0.9022887284823672     0.02841447347791042     25    
57365.4155425169    0.8883701699169947     0.0280465012687321      25    
57365.9155425169    0.8748251604080683     0.027910038890323365    25    
57366.4155425169    0.8617152536230894     0.027925621839292175    25    
57366.9155425169    0.8489369986762256     0.028038090681664195    25    
57367.4155425169    0.8363819660588478     0.02820573730525411     25    
57367.9155425169    0.82409118755203       0.028526153232018965    25    
57368.4155425169    0.8120572429402452     0.028892676034633823    25    
57368.9155425169    0.8002162174650265     0.029111216323722763    25    
57369.4155425169    0.7885195037161181     0.02904326795757902     25    
57369.9155425169    0.7769939514540455     0.028770520111150864    25    
57370.4155425169    0.765682939332003      0.0284030773737653      25    
57370.9155425169    0.7546241286123778     0.028060700449904538    25    
57371.4155425169    0.7437834922640834     0.027864510441149258    25    
57371.9155425169    0.7331890911547991     0.027589363048612325    25    
57372.4155425169    0.7228974628186339     0.026921986254117517    25    
57372.9155425169    0.7129272243592208     0.0254174900584539      25    
57373.4155425169    0.7032518634638156     0.023094545958892872    25    
57373.9155425169    0.6939000221631815     0.020692763584061847    25    
57374.4155425169    0.6849013660840138     0.019246239108757755    25    
57374.9155425169    0.6762632656602022     0.018977165600659623    25    
57375.4155425169    0.6679551521884449     0.01927614306406659     25    
57375.9155425169    0.6599429206987496     0.01949779223468855     25    
57376.4155425169    0.6522285240187635     0.01938712603327963     25    
57376.9155425169    0.6448225102593298     0.01923489384163845     25    
57377.4155425169    0.6376817170874117     0.019070791034420442    25    
57377.9155425169    0.6307726717386174     0.01891625220789142     25    
57378.4155425169    0.6241269569489498     0.018750995914146182    25    
57378.9155425169    0.6177164267166203     0.018592958800686357    25    
57379.4155425169    0.6114975673799853     0.01847081609556532     25    
57379.9155425169    0.6054753644337845     0.01839528676452862     25    
57380.4155425169    0.5996582944485369     0.01835377412168426     25    
57380.9155425169    0.5940028593288084     0.018341790571498075    25    
57381.4155425169    0.5884790189483935     0.018315835733216636    25    
57381.9155425169    0.583118606517722      0.01817074935259119     25    
57382.4155425169    0.5778897929223936     0.018163747947865586    25    
57382.9155425169    0.5727492067273366     0.018595054803384616    25    
57383.4155425169    0.5677086491587348     0.019723823289606413    25    
57383.9155425169    0.5627696543952998     0.021171844064972252    25    
57384.4155425169    0.5578887087753883     0.022407210853171412    25    
57384.9155425169    0.5530397086061353     0.023037265194367777    25    
57385.4155425169    0.5482537299820868     0.023175440918446272    25    
57385.9155425169    0.5434957644713859     0.02327421921218962     25    
57386.4155425169    0.5387230710944821     0.023769365887630362    25    