#Date  :
#Flux  :
#Fluxerr  :
#ZP  :
#end  :
@INSTRUMENT  SDSS
@BAND  SDSS_g
@MAGSYS  AB
53989.226259  0.9257  0.8222  23.897
53995.215251  -0.6348  0.49  23.897
53997.193958  0.824  0.5201  23.897
54000.201207  1.325  0.6116  23.897
54005.165307  3.197  0.5455  23.897
54007.177712  4.024  0.5965  23.897
54009.17465  6.152  0.6545  23.897
54011.239066  7.926  1.001  23.897
54019.18866  7.41  0.7122  23.897
54025.237075  5.388  0.6508  23.897
54029.167236  4.483  0.4955  23.897
54031.154138  4.606  0.5028  23.897
54036.158489  1.896  0.6451  23.897
54039.156128  2.146  1.363  23.897
54048.149859  0.0961  0.8379  23.897
54052.153745  1.418  0.7048  23.897
54054.172246  1.184  0.993  23.897
54055.149451  0.2239  0.5563  23.897
54058.147939  1.256  0.673  23.897
54060.169408  0.5068  0.4877  23.897
54063.137706  0.2121  0.5494  23.897
