#Date  :
#Flux  :
#Fluxerr  :
#ZP  :
#end  :
@INSTRUMENT  CNIa02
@BAND  Bessell12_V
@MAGSYS  Linear_AB11_off
57828.40878000017  0.0  2147.830474130531  25.0
57838.39636000013  0.0  809.0958991783822  25.0
57843.384209999815  0.0  855.0667128846823  25.0
57847.38867999986  0.0  758.5775750291835  25.0
57852.35783000011  0.0  1614.3585568264868  25.0
57853.35647  0.0  1306.1708881318405  25.0
57855.351559999865  0.0  1541.7004529495584  25.0
57858.368019999936  0.0  1235.947433444512  25.0
57865.35932999989  2108.6281499332886  194.21182978655375  25.0
57866.41636000015  2535.128630497912  210.14457816091027  25.0
57870.31055000005  2466.039337234341  204.41755499780672  25.0
57872.313180000056  2703.9583641088407  199.23501507910666  25.0
57876.294209999964  2290.86765276777  210.99670828966782  25.0
57883.27626000019  0.0  1330.45441797809  25.0
57888.33957999991  0.0  1137.6272858234322  25.0
57893.3767599999  0.0  937.5620069258802  25.0
57894.319310000166  0.0  660.6934480075964  25.0
57902.233899999876  0.0  679.2036326171836  25.0
57905.28682000004  0.0  724.4359600749891  25.0
57908.20742999995  0.0  1786.4875748520499  25.0
57910.30891000014  0.0  801.6780633876806  25.0
57911.29347999999  0.0  981.7479430199854  25.0
57914.21003000019  0.0  1485.9356422870076  25.0
57924.26402000012  0.0  1614.3585568264868  25.0
57925.381500000134  0.0  1318.2567385564087  25.0
57933.21248000022  0.0  630.9573444801937  25.0
57935.129720000084  0.0  787.0457896950977  25.0
57936.27408999996  0.0  483.05880203977335  25.0
57937.13789999997  0.0  870.9635899560823  25.0
57942.28201999981  0.0  1127.1974561755094  25.0
57947.22803999996  0.0  3133.2857243155822  25.0
57948.26599999983  0.0  1737.800828749378  25.0
57949.23237999994  0.0  1116.8632477805625  25.0
57951.18759000022  0.0  580.7644175213123  25.0
57954.17707000021  0.0  717.7942912713622  25.0
57958.23506999994  0.0  580.7644175213123  25.0
57865.70690000011  2290.86765276777  92.83855164745384  25.0
57867.75879999995  2591.7911346159435  126.51777617023438  25.0
57870.411700000055  2647.28074001756  160.92355405854448  25.0
57872.10279999999  2746.6289924159614  86.01111884463114  25.0
57876.4188000001  2269.8648518838236  127.5279900927806  25.0
57878.411700000055  1816.3519311765112  107.06700493627874  25.0
57879.79730000021  1664.1788566165865  93.49868762586458  25.0
57882.01599999983  1553.102075232849  70.09253385147403  25.0
57883.6296000001  1367.7288255958495  80.6223873292597  25.0
57886.456499999855  947.9818010107197  71.59612744013913  25.0
57894.81179999979  515.2286445817572  36.06527701322513  25.0
57895.11139999982  587.7599636805995  36.27024446057516  25.0
57898.66740000015  466.8743343920183  21.07035050020826  25.0
57900.61340000015  401.79081084894085  23.684032807810794  25.0
57904.03860000009  401.05136608657546  19.57724381784601  25.0
57906.6176  335.42853083268994  17.3007012607264  25.0
57909.6427000002  310.74203103885924  17.74464721708513  25.0
