#mB  c  mBmB x1x1 cc mBx1 mBc x1c
16.654575790004536  -0.3  0.0002675078671575891  0.007992753952198409  0.0001662547773446043  7.933743020640558e-05  0.00014433819716178  -6.755145925820605e-05
16.653720684324835  0.3  0.000272181512305492  0.007282526357239901  0.0001684256049835186  9.949121247953889e-05  0.00015380879560195318  -5.348849143103377e-05
17.15916635168468  0.0  0.0002851812954833534  0.008797934018191216  0.0001768062194361064  8.193806398622397e-05  0.00015622465565985692  -7.606249406162925e-05
17.65916635168468  0.0  0.00031778951396163775  0.010931233152880715  0.0001981567752553063  7.525451063917703e-05  0.00017206758650327867  -0.00010065945642796334
18.15916635168468  0.0  0.0003795502749721344  0.015005674351669395  0.0002382383289746585  8.388254991407819e-05  0.00020245062065445645  -0.00013590982496353453
17.65810725990797  -0.15  0.0003208464285307775  0.011755914632715662  0.00020329479038558507  6.66196731081247e-05  0.0001713396082395024  -0.000114167950174772
17.657715845991188  0.15  0.0003157557592860147  0.010247239515188081  0.000195106726961069  8.252336133359645e-05  0.0001734913501640199  -9.049322117331155e-05
18.654575790004536  -0.3  0.0005145115801844219  0.03289330396399236  0.00035260186762022514  0.00013892048213156127  0.00025304940548860063  -0.00028096323702837025
18.653720684324835  0.3  0.0004829248608121733  0.01764334020636016  0.00029819265355600046  0.00012296022954809378  0.000269214763182403  -0.00014317057135550775
