58453.70779889693    346.6964303889678     231.54574230109938    25    
58454.20779889693    431.9278823695172     223.4842029532019     25    
58454.70779889693    529.1030887326046     240.39708589563764    25    
58455.20779889693    638.9783261607857     328.00906757766074    25    
58455.70779889693    762.1488690408831     400.4271191142951     25    
58456.20779889693    899.4484953110086     413.08948505620555    25    
58456.70779889693    1051.3973780162703    407.48366075905403    25    
58457.20779889693    1218.9019965226557    408.94657079619407    25    
58457.70779889693    1402.412222361237     409.7310209662165     25    
58458.20779889693    1602.9024364981924    409.4154461361229     25    
58458.70779889693    1820.7570087782497    408.17467902754083    25    
58459.20779889693    2057.013421940091     405.9157910493549     25    
58459.70779889693    2311.995343969778     403.1518532828956     25    
58460.20779889693    2587.411205840072     400.99986299647986    25    
58460.70779889693    2882.199021115506     399.22648689142085    25    
58461.20779889693    3198.9666934116813    396.8258651165737     25    
58461.70779889693    3529.3756332219523    395.94014790802055    25    
58462.20779889693    3855.7180840765973    403.7125383354712     25    
58462.70779889693    4172.328193575397     415.710453961953      25    
58463.20779889693    4451.109929882852     423.33803205143784    25    
58463.70779889693    4690.545457708382     427.76140488425887    25    
58464.20779889693    4861.142323913387     425.08721501567726    25    
58464.70779889693    4969.927698962415     418.31526328346314    25    
58465.20779889693    5022.439213710233     419.63491742475173    25    
58465.70779889693    5022.440165592196     426.692586722535      25    
58466.20779889693    4992.843486774538     438.35625461565775    25    
58466.70779889693    4933.978491599242     452.2746841378944     25    
58467.20779889693    4868.638453626997     454.5967865304095     25    
58467.70779889693    4795.375644690142     446.0629422929946     25    
58468.20779889693    4724.252047460557     410.3524575469332     25    
58468.70779889693    4654.600513697818     345.94052502513625    25    
58469.20779889693    4589.967621500916     321.9532897672412     25    
58469.70779889693    4530.242525354039     339.90216879014895    25    
58470.20779889693    4479.267769565963     345.41835557561245    25    
58470.70779889693    4436.737502659014     341.14399088448954    25    
58471.20779889693    4396.238915186964     335.3566893845979     25    
58471.70779889693    4357.936537381999     327.84060555975213    25    
58472.20779889693    4309.612227485453     330.4660952527874     25    
58472.70779889693    4251.464238320876     343.7232452128211     25    
58473.20779889693    4171.975480198984     347.8545957432055     25    
58473.70779889693    4070.4509507295725    341.8364223337086     25    
58474.20779889693    3949.853147871371     337.0951969128125     25    
58474.70779889693    3809.3480548846815    334.145574722134      25    
58475.20779889693    3660.5131789495235    336.67517632936233    25    
58475.70779889693    3503.394532570034     346.22429869603764    25    
58476.20779889693    3348.4946956017825    350.4458514341536     25    
58476.70779889693    3196.4572922022835    347.6312599721812     25    
58477.20779889693    3054.1988203888945    340.56873328353186    25    
58477.70779889693    2922.384183655316     327.41471241808597    25    
58478.20779889693    2805.6150650350983    321.0450727923955     25    
58478.70779889693    2704.272780720468     326.83852416316654    25    
58479.20779889693    2622.927617367804     330.22692569029346    25    
58479.70779889693    2563.195910759096     326.79133020814265    25    
58480.20779889693    2523.30661068374      325.0633240990469     25    
58480.70779889693    2504.2454218579833    326.9671575210147     25    
58481.20779889693    2500.00313697121      332.3145951863393     25    
58481.70779889693    2509.734914084476     343.1703009386449     25    
58482.20779889693    2528.4392054280875    350.6581366978554     25    
58482.70779889693    2554.4918964217704    351.34915356861694    25    
58483.20779889693    2585.3393674974627    347.75085506489256    25    
58483.70779889693    2619.623957549041     337.0772126474849     25    
58484.20779889693    2656.540852068658     330.8094107329249     25    
58484.70779889693    2695.6405426721553    338.5770453117484     25    
58485.20779889693    2735.8154592801056    347.0897802657866     25    
58485.70779889693    2776.6777620910557    350.87327544507724    25    
58486.20779889693    2816.847429805794     350.46362471439454    25    
58486.70779889693    2855.7316390097617    345.1646281586447     25    
58487.20779889693    2891.799524368137     332.75584806747315    25    
58487.70779889693    2924.0818650344545    303.9220347371598     25    
58488.20779889693    2951.290784506301     276.34147436933694    25    
58488.70779889693    2971.9667273866794    275.85636302595015    25    
58489.20779889693    2986.0529744567175    282.5721479331219     25    
58489.70779889693    2992.6655337582997    279.22451960684936    25    
58490.20779889693    2992.646547042352     277.9424861659975     25    
58490.70779889693    2986.492316796341     290.49623788116986    25    
58491.20779889693    2974.584879315169     304.2931687761953     25    
58491.70779889693    2957.8868642809175    308.44509159298985    25    
58492.20779889693    2935.7750276993734    305.67581729102983    25    
58492.70779889693    2908.2893429540686    285.90355035880077    25    
58493.20779889693    2874.104237045788     268.0523941508114     25    
58493.70779889693    2831.2629219976407    298.55619171049676    25    
58494.20779889693    2779.064401362709     339.2610134274969     25    
58494.70779889693    2714.7331834669494    350.12323713239317    25    
58495.20779889693    2639.092259290548     348.048088456362      25    
58495.70779889693    2551.4970854519433    340.7145478302092     25    
58496.20779889693    2453.846206827529     330.4647661068371     25    
58496.70779889693    2350.211153014306     331.399568464891      25    
58497.20779889693    2241.349725169118     338.30015050640156    25    
58497.70779889693    2131.991958967931     345.0075331793298     25    
58498.20779889693    2022.305165229156     350.5992366672061     25    
58498.70779889693    1916.2437786489959    349.1652435855957     25    
58499.20779889693    1813.5987487972661    339.0167433043474     25    
58499.70779889693    1716.394403951244     298.1029924058814     25    
58500.20779889693    1624.696647176182     227.81009340369954    25    
58500.70779889693    1540.5927642383563    201.94383450153427    25    
58501.20779889693    1463.9291954171972    217.15306216140212    25    
58501.70779889693    1395.8211888352319    216.01169413468128    25    
58502.20779889693    1335.9642640883183    206.5130855216903     25    
58502.70779889693    1283.0791810532726    204.80869303564054    25    
58503.20779889693    1237.1417587269113    209.48000463492954    25    
58503.70779889693    1196.7042052111085    217.36801077395225    25    
58504.20779889693    1161.7798031369887    227.55156729391544    25    
58504.70779889693    1130.8806536179432    226.21742685825905    25    
58505.20779889693    1104.030107435582     214.09183380812007    25    
58505.70779889693    1079.623224174715     199.8222062978151     25    
58506.20779889693    1057.6936989684407    182.69271583824425    25    
58506.70779889693    1036.5859778957406    158.97903856026275    25    
58507.20779889693    1016.3197842164257    124.37715335527909    25    
58507.70779889693    995.7302475637317     103.04119700084802    25    
58508.20779889693    974.7677794632896     105.84012175890133    25    
58508.70779889693    953.6005863070417     106.53826873696569    25    
58509.20779889693    932.2130477974235     103.4803907574569     25    
58509.70779889693    910.8486219913765     99.42092639043474     25    
58510.20779889693    889.50730821166       94.0755486559957      25    
58510.70779889693    868.4095277527115     89.36761226152073     25    
58511.20779889693    847.5583885695838     85.66975632247448     25    
58511.70779889693    827.1708204856969     82.90475998976557     25    
58512.20779889693    807.2538057658436     80.37036733277506     25    
58512.70779889693    788.020017084983      84.3386558561805      25    
58513.20779889693    769.4810766950891     96.47800829680804     25    
58513.70779889693    751.8446344452177     105.45035942226849    25    
58514.20779889693    735.1277182519698     106.90916506051336    25    
58514.70779889693    719.5321894610526     118.79786066870682    25    