54490.72930226052    2723.0508303885313    1848.4351744575629    25    
54491.22930226052    3308.594360373315     1845.0839414689058    25    
54491.72930226052    3958.6311316864985    2000.7331618166381    25    
54492.22930226052    4675.181149915205     2599.033464503378     25    
54492.72930226052    5460.01631312697      3095.8768727461857    25    
54493.22930226052    6315.278143321219     3198.530555849852     25    
54493.72930226052    7242.61905203117      3185.177617909411     25    
54494.22930226052    8244.298017912593     3210.841911335554     25    
54494.72930226052    9321.852025720353     3224.2658583301068    25    
54495.22930226052    10477.653451010576    3221.292994158604     25    
54495.72930226052    11713.127911515749    3203.969777678194     25    
54496.22930226052    13030.757119936385    3170.326969785928     25    
54496.72930226052    14431.859386738592    3127.4388327904235    25    
54497.22930226052    15921.950138452388    3084.022487406973     25    
54497.72930226052    17494.781147973586    3043.9727767057343    25    
54498.22930226052    19163.469407867513    3009.4968256909438    25    
54498.72930226052    20877.02533804532     3001.8571108365577    25    
54499.22930226052    22572.856770962582    3079.4225009672605    25    
54499.72930226052    24206.160722432804    3185.3673341092217    25    
54500.22930226052    25673.654927574993    3249.2535972038886    25    
54500.72930226052    26951.029909541183    3280.5275401348567    25    
54501.22930226052    27922.10799762287     3233.081011688743     25    
54501.72930226052    28619.87118539384     3165.0350555514733    25    
54502.22930226052    29039.660875086305    3200.0380285861893    25    
54502.72930226052    29208.95853308259     3294.702094447641     25    
54503.22930226052    29182.06948792147     3445.7312287994887    25    
54503.72930226052    28970.79829276054     3590.1237899778257    25    
54504.22930226052    28630.220700918926    3578.2788944199133    25    
54504.72930226052    28171.005631035936    3439.870866771337     25    
54505.22930226052    27650.08890304109     3073.4126537316993    25    
54505.72930226052    27076.885175452462    2558.6118899090584    25    
54506.22930226052    26511.23613124735     2451.7490417611293    25    
54506.72930226052    25958.739177511234    2596.5280552594813    25    
54507.22930226052    25485.95808302617     2615.6471748361446    25    
54507.72930226052    25074.12404241617     2589.4650856786625    25    
54508.22930226052    24711.49361079255     2540.859652637934     25    
54508.72930226052    24382.524176160267    2488.939835350421     25    
54509.22930226052    24023.873767943765    2554.9945869687535    25    
54509.72930226052    23631.86531690233     2678.3961597293387    25    
54510.22930226052    23138.40572144618     2690.2979010078648    25    
54510.72930226052    22556.869624855422    2633.4482516193248    25    
54511.22930226052    21891.374602097316    2575.1099831153047    25    
54511.72930226052    21152.83193111283     2516.404430859954     25    
54512.22930226052    20397.13772062913     2532.167258551945     25    
54512.72930226052    19626.36858259559     2596.138678247376     25    
54513.22930226052    18897.45511324315     2604.9885715785176    25    
54513.72930226052    18207.741665357273    2576.2611116915937    25    
54514.22930226052    17588.56842944867     2535.160915075653     25    
54514.72930226052    17037.74910484483     2488.9706297536472    25    
54515.22930226052    16566.665478005893    2542.5851203095112    25    
54515.72930226052    16175.274898136655    2664.9607479367       25    
54516.22930226052    15876.669965598727    2689.2200080629937    25    
54516.72930226052    15668.792499986705    2640.6966076646886    25    
54517.22930226052    15543.999070500995    2619.4483284543494    25    
54517.72930226052    15500.827630142236    2622.8007152044233    25    
54518.22930226052    15513.501860403605    2715.7180347435574    25    
54518.72930226052    15582.122759149775    2876.803900417416     25    
54519.22930226052    15680.742131447421    2930.925154502219     25    
54519.72930226052    15810.116413856917    2893.333410255883     25    
54520.22930226052    15956.896229266365    2785.4048835922545    25    
54520.72930226052    16121.540852339342    2602.8090232140844    25    
54521.22930226052    16302.81745154559     2573.5343429092563    25    
54521.72930226052    16500.751893832858    2697.0036352894267    25    
54522.22930226052    16714.095014954026    2793.3580312202516    25    
54522.72930226052    16942.93289374939     2866.311809199122     25    
54523.22930226052    17176.681786550118    2868.292013051145     25    
54523.72930226052    17415.68668711617     2797.9053472109035    25    
54524.22930226052    17639.485462617482    2689.9612016857905    25    
54524.72930226052    17848.275638113217    2536.5616550244445    25    
54525.22930226052    18021.643766821486    2464.4895636083056    25    
54525.72930226052    18159.199963338247    2493.788110197309     25    
54526.22930226052    18250.497556425376    2452.4666305859146    25    
54526.72930226052    18294.77268151139     2316.622046999671     25    
54527.22930226052    18293.213047956895    2268.1460256579376    25    
54527.72930226052    18245.763448495938    2335.4433592745654    25    
54528.22930226052    18153.12504979469     2370.141127613594     25    
54528.72930226052    18015.341063949232    2365.050139411264     25    
54529.22930226052    17832.63323198077     2274.4929077023803    25    
54529.72930226052    17605.063563510237    2045.1166785931325    25    
54530.22930226052    17332.324779271672    2049.2823148407974    25    
54530.72930226052    17014.403710665443    2369.9745716794337    25    
54531.22930226052    16650.87002145789     2561.0514282359986    25    
54531.72930226052    16240.987763463543    2592.4533836153337    25    
54532.22930226052    15789.696499217767    2577.446127240321     25    
54532.72930226052    15296.01111936085     2508.7248609154694    25    
54533.22930226052    14772.558391454948    2516.566710510181     25    
54533.72930226052    14219.863446956106    2642.930483726468     25    
54534.22930226052    13649.92829486481     2754.6552895250557    25    
54534.72930226052    13063.031129514842    2845.3361084775097    25    
54535.22930226052    12474.09453755705     2844.032177430336     25    
54535.72930226052    11883.375871616128    2728.6960900239224    25    
54536.22930226052    11310.664865489076    2485.9914726616953    25    
54536.72930226052    10757.797611627786    1991.214980385241     25    
54537.22930226052    10244.183729977427    1606.609798218789     25    
54537.72930226052    9774.648882706431     1666.0375181507927    25    
54538.22930226052    9355.7100079608       1746.7875870870623    25    
54538.72930226052    8993.506564801812     1721.094423214779     25    
54539.22930226052    8672.255638957084     1734.3920324260478    25    
54539.72930226052    8390.613874173796     1826.4460141471445    25    
54540.22930226052    8134.4324903995575    1921.618083147502     25    
54540.72930226052    7900.132924211542     2022.648766087207     25    
54541.22930226052    7678.677412186192     2039.7950197700643    25    
54541.72930226052    7465.744403135424     1909.49892600877      25    
54542.22930226052    7261.081947778886     1735.181767282096     25    
54542.72930226052    7063.894251617879     1547.8336725381769    25    
54543.22930226052    6873.350084943378     1356.8006472338204    25    
54543.72930226052    6689.045919906484     1166.5626358546947    25    
54544.22930226052    6510.341671812975     1046.754889650986     25    
54544.72930226052    6336.7539824004625    1098.8128027334415    25    
54545.22930226052    6168.538374464592     1166.511286552793     25    
54545.72930226052    6005.67313940708      1180.131190025818     25    
54546.22930226052    5848.338899308273     1168.9437790883476    25    
54546.72930226052    5696.596247235923     1126.9562013766265    25    
54547.22930226052    5550.588714613098     1066.316327419905     25    
54547.72930226052    5410.382246892        989.4152883325602     25    
54548.22930226052    5276.114914181471     904.6561081791577     25    
54548.72930226052    5147.8582321777       804.037802407652      25    
54549.22930226052    5025.744591815779     744.5783376242507     25    
54549.72930226052    4909.851296895438     767.842353526631      25    
54550.22930226052    4800.304841318428     897.3365026337733     25    
54550.72930226052    4697.188534847601     1058.68444812679      25    
54551.22930226052    4600.6227564918045    1401.5116658843044    25    