#Date  :
#Flux  :
#Fluxerr  :
#ZP  :
#end  :
@INSTRUMENT  SDSS
@BAND  SDSS_z
@MAGSYS  AB
54357.368862  4.79  3.008  23.909419999999997
54362.418857  1.788  3.269  23.909419999999997
54376.414513  5.624  3.587  23.909419999999997
54382.399859  1.578  5.142  23.909419999999997
54385.417475  14.93  3.755  23.909419999999997
54390.410656  15.7  6.128  23.909419999999997
54391.418896  20.46  8.439  23.909419999999997
54394.400979  20.09  5.905  23.909419999999997
54396.421071  -5.262  7.539  23.909419999999997
54402.411219  12.89  4.364  23.909419999999997
54408.325151  20.23  3.776  23.909419999999997
54411.28352  10.14  3.234  23.909419999999997
54413.323989  6.105  5.11  23.909419999999997
54417.325531  9.368  3.878  23.909419999999997
54418.323896  6.6  4.675  23.909419999999997
54422.328168  12.4  4.575  23.909419999999997
54424.264498  8.516  4.482  23.909419999999997
