54380.85216707209    11.813978601247412    1.6956966013185923     25    
54381.35216707209    13.70221384650948     1.6915076030132667     25    
54381.85216707209    15.701588693526258    1.6955722845464425     25    
54382.35216707209    17.79767027694286     1.749596778540361      25    
54382.85216707209    19.99444079535323     1.8465436695169823     25    
54383.35216707209    22.275380922019828    1.9125024669043513     25    
54383.85216707209    24.64086246044596     1.9245695256335433     25    
54384.35216707209    27.082529287615895    1.9196923380684738     25    
54384.85216707209    29.58918124252202     1.9235881042547482     25    
54385.35216707209    32.163272199805604    1.9279590158187914     25    
54385.85216707209    34.78772469529902     1.931614223941192      25    
54386.35216707209    37.46555513131833     1.934446727541629      25    
54386.85216707209    40.18461654307058     1.936906761506774      25    
54387.35216707209    42.937705635871666    1.9388835173783496     25    
54387.85216707209    45.72421963645753     1.9408523633559869     25    
54388.35216707209    48.52882163969463     1.9390201116641044     25    
54388.85216707209    51.357082311545064    1.9226374879685189     25    
54389.35216707209    54.184524038160845    1.9604559867005948     25    
54389.85216707209    57.02566347405137     2.11286559722325       25    
54390.35216707209    59.83663541444638     2.2809269238569603     25    
54390.85216707209    62.548405876224905    2.3559958674625006     25    
54391.35216707209    65.18095294997148     2.3697433935482977     25    
54391.85216707209    67.61647634312266     2.3786796847989535     25    
54392.35216707209    69.85818810193489     2.393002912362687      25    
54392.85216707209    71.85478933934378     2.402617955860408      25    
54393.35216707209    73.51947016784011     2.403753685195621      25    
54393.85216707209    74.8882174456973      2.3993936354659233     25    
54394.35216707209    76.00552333424665     2.406196964786772      25    
54394.85216707209    76.84667636938137     2.425970944260782      25    
54395.35216707209    77.50767188540333     2.4502097001183865     25    
54395.85216707209    78.03065542870047     2.4804234071061275     25    
54396.35216707209    78.42285584203425     2.509612837314557      25    
54396.85216707209    78.7870559342798      2.52142145924457       25    
54397.35216707209    79.10917029305867     2.526123504525187      25    
54397.85216707209    79.38851212355249     2.461770901671766      25    
54398.35216707209    79.64046348455989     2.2403521810324696     25    
54398.85216707209    79.83727511258269     1.9690872700404025     25    
54399.35216707209    79.9470386749483      1.8713820228346163     25    
54399.85216707209    79.97811478800445     1.9144102244170875     25    
54400.35216707209    79.89232309214529     1.9444445246500461     25    
54400.85216707209    79.67971602104389     1.938482883360529      25    
54401.35216707209    79.35845711187692     1.928081506436429      25    
54401.85216707209    78.92974386255538     1.9168634090418928     25    
54402.35216707209    78.39988312410179     1.9055116977096085     25    
54402.85216707209    77.81329721539265     1.9105984772524516     25    
54403.35216707209    77.16057020880302     1.937510880144996      25    
54403.85216707209    76.47547159001515     1.9574187093323372     25    
54404.35216707209    75.77964804877618     1.9670285208640619     25    
54404.85216707209    75.06301011157042     1.9545092064831453     25    
54405.35216707209    74.33181168246297     1.8604260226811833     25    
54405.85216707209    73.58709400214089     1.66784031679608       25    
54406.35216707209    72.80645792639213     1.5180782040818883     25    
54406.85216707209    71.98918814725957     1.5050646271341324     25    
54407.35216707209    71.12654474645385     1.5385787780861646     25    
54407.85216707209    70.20062973102023     1.5406097070281481     25    
54408.35216707209    69.21688307666282     1.5345589528589747     25    
54408.85216707209    68.17807151313407     1.5239798427510127     25    
54409.35216707209    67.07927728926624     1.5039189444685486     25    
54409.85216707209    65.93666064344978     1.4899749395173258     25    
54410.35216707209    64.75943604314153     1.5010477438107284     25    
54410.85216707209    63.547538225569724    1.5240629512979895     25    
54411.35216707209    62.32036121760495     1.5343931231987449     25    
54411.85216707209    61.07395730033064     1.5368418606419387     25    
54412.35216707209    59.8212059387423      1.5172043422098573     25    
54412.85216707209    58.566229968743315    1.449421181390877      25    
54413.35216707209    57.31099140948922     1.364528235666298      25    
54413.85216707209    56.06549081503941     1.3271964143839834     25    
54414.35216707209    54.82699276711824     1.3302896275262628     25    
54414.85216707209    53.60687629507347     1.3334328772108364     25    
54415.35216707209    52.405925237030765    1.3294310515248604     25    
54415.85216707209    51.227075602279704    1.3214115568192473     25    
54416.35216707209    50.0758311693352      1.3012382948710017     25    
54416.85216707209    48.95064526047962     1.2725257055952577     25    
54417.35216707209    47.855014357279195    1.254952414322127      25    
54417.85216707209    46.788378727957586    1.2526692994549427     25    
54418.35216707209    45.75297196408559     1.253700525996134      25    
54418.85216707209    44.75171651919438     1.2518648575479283     25    
54419.35216707209    43.78235714823764     1.24944094986402       25    
54419.85216707209    42.84194089204848     1.244402041189038      25    
54420.35216707209    41.932437678496484    1.2375573353631695     25    
54420.85216707209    41.04308830623889     1.2247789310127384     25    
54421.35216707209    40.17249086413924     1.1985969899463325     25    
54421.85216707209    39.31702905589797     1.1704390365934565     25    
54422.35216707209    38.46664100351794     1.1607831432279268     25    
54422.85216707209    37.623772199867595    1.1657229585967654     25    
54423.35216707209    36.786623707933956    1.1649966721362726     25    
54423.85216707209    35.9522842715008      1.1498482979529687     25    
54424.35216707209    35.12785425190199     1.1374393931343831     25    
54424.85216707209    34.31828758942965     1.1456467518255389     25    
54425.35216707209    33.52287329257652     1.165478108892923      25    
54425.85216707209    32.75107014015228     1.1772832543297047     25    
54426.35216707209    32.0026569303076      1.1822936443671748     25    
54426.85216707209    31.277751523148257    1.1780157681374126     25    
54427.35216707209    30.579415230518343    1.162625941314037      25    
54427.85216707209    29.9036891465367      1.1347455347240791     25    
54428.35216707209    29.24284502850521     1.081647184967358      25    
54428.85216707209    28.59904506172758     0.9942603277034355     25    
54429.35216707209    27.963640962544996    0.9279392570839963     25    
54429.85216707209    27.334400653476962    0.9246967479090784     25    
54430.35216707209    26.71128950366932     0.940849097996797      25    
54430.85216707209    26.09041912440139     0.929250159051974      25    
54431.35216707209    25.472911693325372    0.9025104659402803     25    
54431.85216707209    24.86401198984661     0.8871640437390153     25    
54432.35216707209    24.26291607115235     0.8895962244580732     25    
54432.85216707209    23.67324437135583     0.8986791500109205     25    
54433.35216707209    23.09861755668282     0.9111179992110362     25    
54433.85216707209    22.537901048032545    0.92573896519082       25    
54434.35216707209    21.993346584317607    0.9286648531263825     25    
54434.85216707209    21.465682915901738    0.9219784433020135     25    
54435.35216707209    20.950821826409765    0.8996109909279293     25    
54435.85216707209    20.44787723501338     0.8436822029478367     25    
54436.35216707209    19.955825166766417    0.7733971255744089     25    
54436.85216707209    19.470292835352698    0.741848291807905      25    
54437.35216707209    18.992121370793335    0.7475233652689376     25    
54437.85216707209    18.520684476401115    0.7486548914760904     25    
54438.35216707209    18.053918234240125    0.7287907099751487     25    
54438.85216707209    17.596199834598043    0.7082185001921499     25    
54439.35216707209    17.15154772590222     0.7044487288881767     25    
54439.85216707209    16.719074160249736    0.7121479618339668     25    
54440.35216707209    16.305787655778094    0.7244518662698685     25    
54440.85216707209    15.911486275939009    0.7453110418407944     25    
54441.35216707209    15.537852130357662    0.7597855584621229     25    
54441.85216707209    15.188080871536926    0.7536143847325314     25    
54442.35216707209    14.859892840952378    0.735283310191884      25    
54442.85216707209    14.549242659124369    0.7173442703511843     25    
54443.35216707209    14.257307565743716    0.7016107161356501     25    
54443.85216707209    13.979438940327595    0.6706255590292064     25    
54444.35216707209    13.71435009732899     0.5984942668156709     25    
54444.85216707209    13.46131801617347     0.5084520286213883     25    
54445.35216707209    13.216718832527523    0.4668704127933873     25    
54445.85216707209    12.981368191417227    0.4737382615025995     25    
54446.35216707209    12.754541159123285    0.47937280084141837    25    
54446.85216707209    12.536155940949095    0.4725780160539993     25    
54447.35216707209    12.326051821365702    0.4643127519466262     25    
54447.85216707209    12.123929690225962    0.4562433457150842     25    
54448.35216707209    11.929847981806727    0.44803074414202243    25    
54448.85216707209    11.743327320366035    0.4426941638321383     25    
54449.35216707209    11.564460408269046    0.44061802952653956    25    
54449.85216707209    11.392890457929465    0.4408602109506336     25    
54450.35216707209    11.22843426576155     0.4371428119533367     25    
54450.85216707209    11.071057456278936    0.4385730885517929     25    
54451.35216707209    10.920314719293076    0.47301697391827546    25    
54451.85216707209    10.776323435825576    0.5371448242964828     25    
54452.35216707209    10.638646933872488    0.584363958203723      25    
54452.85216707209    10.507233561578234    0.5939236634933653     25    
54453.35216707209    10.381918973584526    0.5992475719356238     25    
54453.85216707209    10.262332998545755    0.626856866338523      25    