53624.1507484309    17.873261641181763    3.5918352147256773    25    
53624.6507484309    20.75035039935537     3.337919006346528     25    
53625.1507484309    23.724770367544462    3.5183468779846234    25    
53625.6507484309    26.753476965875134    5.271169544721596     25    
53626.1507484309    29.8338745412897      7.059599943879583     25    
53626.6507484309    32.90864242209689     7.662029677090138     25    
53627.1507484309    35.984702349783944    7.575452515918889     25    
53627.6507484309    38.999974955387145    7.528651406055109     25    
53628.1507484309    41.961381980393675    7.547417297959161     25    
53628.6507484309    44.81160275311231     7.553388877579667     25    
53629.1507484309    47.54804162048523     7.544581633299704     25    
53629.6507484309    50.12765400263878     7.522132969005465     25    
53630.1507484309    52.52880945742515     7.481691630746418     25    
53630.6507484309    54.72987754269684     7.432521941457316     25    
53631.1507484309    56.68680631739532     7.480983311030658     25    
53631.6507484309    58.398565136017545    7.479998728888769     25    
53632.1507484309    59.80828561972818     6.761346702434862     25    
53632.6507484309    60.923782084098995    5.189830663995847     25    
53633.1507484309    61.72453777054315     4.2527239353829565    25    
53633.6507484309    62.21074177212109     4.612313426770458     25    
53634.1507484309    62.377228174028716    4.990729559484834     25    
53634.6507484309    62.21813108740558     5.137447653751931     25    
53635.1507484309    61.74739586129475     5.188894399457489     25    
53635.6507484309    60.92652914028747     5.0428452336957355    25    
53636.1507484309    59.86174678148173     4.863322621703887     25    
53636.6507484309    58.662775396451615    4.895630637969632     25    
53637.1507484309    57.36084571968454     5.054722643477734     25    
53637.6507484309    56.200211557148826    5.317523948745239     25    
53638.1507484309    55.15063029163038     5.662335209143268     25    
53638.6507484309    54.453779721988106    5.738365343769772     25    
53639.1507484309    54.132637556929055    5.531912729168346     25    
53639.6507484309    54.06891239545241     5.144643044385709     25    
53640.1507484309    54.30227340437816     4.411835676252862     25    
53640.6507484309    54.62370574908001     3.7422070871205158    25    
53641.1507484309    54.93816661895167     3.7876629209823283    25    
53641.6507484309    55.171568299614435    4.067752975499834     25    
53642.1507484309    55.11164597600419     4.080971037810833     25    
53642.6507484309    54.83003770638161     4.007677136742014     25    
53643.1507484309    54.345932821782256    3.960736136309349     25    
53643.6507484309    53.661846033131866    3.92919049034995      25    
53644.1507484309    52.98643734511993     4.095311512896047     25    
53644.6507484309    52.30037720668809     4.496259981069845     25    
53645.1507484309    51.77182773419447     4.707280449258766     25    
53645.6507484309    51.471457135855616    4.547386132371793     25    
53646.1507484309    51.30934931457118     4.436780709961338     25    
53646.6507484309    51.306355421128885    4.680170701217128     25    
53647.1507484309    51.342183797368364    5.022216660960963     25    
53647.6507484309    51.25956688556405     5.317743384295906     25    
53648.1507484309    51.05249009747959     5.576528742335075     25    
53648.6507484309    50.499348939367835    5.657159367838733     25    
53649.1507484309    49.6323265895068      5.59165845081502      25    
53649.6507484309    48.44439236662488     5.442371925769187     25    
53650.1507484309    46.91332068097897     5.164492124822615     25    
53650.6507484309    45.18949053509227     5.032925721605946     25    
53651.1507484309    43.27839700299201     5.2128852937179815    25    
53651.6507484309    41.280167460970944    5.396060036605903     25    
53652.1507484309    39.25394505285506     5.42625585384207      25    
53652.6507484309    37.228883328658355    5.370693510390263     25    
53653.1507484309    35.28656716791231     5.1650417575143175    25    
53653.6507484309    33.422772820347085    4.881311396398847     25    
53654.1507484309    31.711924648289017    4.861929678618229     25    
53654.6507484309    30.1448380710589      5.056980154056692     25    
53655.1507484309    28.802023093792425    5.150939758862369     25    
53655.6507484309    27.688500427031105    5.142644360790155     25    
53656.1507484309    26.783464200582152    5.028396568867787     25    
53656.6507484309    26.10801959382685     4.720107971723533     25    
53657.1507484309    25.580214288329163    4.443525387055307     25    
53657.6507484309    25.16689530931342     4.433841004946488     25    
53658.1507484309    24.8351802937139      4.518266330893137     25    
53658.6507484309    24.501784797001775    4.547639153663001     25    
53659.1507484309    24.19023119099514     4.558286419219955     25    
53659.6507484309    23.886408874263005    4.513083768347307     25    
53660.1507484309    23.594770580981336    4.417548039853256     25    
53660.6507484309    23.4132148931125      4.33373902403262      25    
53661.1507484309    23.331255820698086    4.25904348513149      25    
53661.6507484309    23.437125139676947    4.228811245063021     25    
53662.1507484309    23.76063827384945     4.283937000956881     25    
53662.6507484309    24.278530448478968    4.3192580932171944    25    
53663.1507484309    25.019549205664607    4.199490187798146     25    
53663.6507484309    25.910049035595755    4.110175232722339     25    
53664.1507484309    26.86543755803603     4.360499776736299     25    
53664.6507484309    27.87926850971581     4.746381898722601     25    
53665.1507484309    28.820677570420397    4.926015329143762     25    
53665.6507484309    29.708240334160017    4.9652015498631386    25    
53666.1507484309    30.516664563415937    4.784420625872077     25    
53666.6507484309    31.227269922350384    4.204813975770593     25    
53667.1507484309    31.964000955592475    4.248994460459531     25    
53667.6507484309    32.729738642862564    5.429562542688254     25    
53668.1507484309    33.61122279542966     6.362476547056637     25    
53668.6507484309    34.681460345703904    6.5867378140615935    25    
53669.1507484309    35.91295598628035     6.558643722829797     25    
53669.6507484309    37.344565864661426    6.445409551524059     25    
53670.1507484309    38.92445216798508     6.255866460750622     25    
53670.6507484309    40.49941936454508     6.287395823153703     25    
53671.1507484309    42.08725751586298     6.492309978269403     25    
53671.6507484309    43.50491833817811     6.6906304037731825    25    
53672.1507484309    44.76050061124025     6.904429220472941     25    
53672.6507484309    45.767878600958795    6.965025116593264     25    
53673.1507484309    46.48944687193108     6.857708287629102     25    
53673.6507484309    46.968488973953725    6.481614581671001     25    
53674.1507484309    47.21105157001819     5.447101079395533     25    
53674.6507484309    47.23378779352172     4.077481835371056     25    
53675.1507484309    47.06365651789022     3.605216032163583     25    
53675.6507484309    46.702039384957345    3.784927803096453     25    
53676.1507484309    46.1840892873184      3.7128103122500584    25    
53676.6507484309    45.50552076493058     3.5160787571262926    25    
53677.1507484309    44.70267735373605     3.4644612614880668    25    
53677.6507484309    43.77151843044341     3.585662340945242     25    
53678.1507484309    42.74545883974096     3.7598191362467186    25    
53678.6507484309    41.62486632058363     4.01398270586357      25    
53679.1507484309    40.438812655889336    4.165794470103733     25    
53679.6507484309    39.19903206343756     4.062737215055523     25    
53680.1507484309    37.92540331531548     3.8332507447985225    25    
53680.6507484309    36.65240033754598     3.5806434769307067    25    
53681.1507484309    35.38246109741842     3.2736370268974855    25    
53681.6507484309    34.16497624965083     2.9463292620404133    25    
53682.1507484309    32.99353466699769     2.5857288994221235    25    
53682.6507484309    31.903945097653857    2.3726180611995344    25    
53683.1507484309    30.898584500529235    2.386042079727332     25    
53683.6507484309    29.966808822451966    2.396090492003191     25    
53684.1507484309    29.109916138687456    2.334923827558422     25    
53684.6507484309    28.318360938592456    2.2589534605255333    25    
53685.1507484309    27.587929893219933    2.1727573561500466    25    
53685.6507484309    26.914409673623013    2.0876469358600347    25    
53686.1507484309    26.28941575519728     2.0334295819258883    25    
53686.6507484309    25.712442538469073    2.0019214195933124    25    
53687.1507484309    25.172324701729014    1.9815162772806596    25    
53687.6507484309    24.67041051024016     1.975037995245328     25    
53688.1507484309    24.19460770992481     2.0224019187078786    25    
53688.6507484309    23.74626456604593     2.1296586802398316    25    
53689.1507484309    23.31421575689421     2.2240677478389332    25    
53689.6507484309    22.897955682995935    2.2110313394496672    25    
53690.1507484309    22.489099819746812    2.3758030770399943    25    