54364.91737281967    1.490025254740106     0.41338518959469456     25    
54365.41737281967    1.70716934340425      0.4075124776106286      25    
54365.91737281967    1.9380166186456336    0.4033430071534737      25    
54366.41737281967    2.1818887447912516    0.42519872081619986     25    
54366.91737281967    2.4389513398987743    0.4852094750792318      25    
54367.41737281967    2.708915438072551     0.5456763431005488      25    
54367.91737281967    2.9911848185685725    0.5747143298691808      25    
54368.41737281967    3.286029219027676     0.5768637697620753      25    
54368.91737281967    3.5929734390420602    0.5710692660857616      25    
54369.41737281967    3.9115581160826887    0.5708536297580862      25    
54369.91737281967    4.242047620801583     0.5715794112794789      25    
54370.41737281967    4.583835261564765     0.5721580546796001      25    
54370.91737281967    4.936653277344202     0.5725551858628196      25    
54371.41737281967    5.3006511852310805    0.5727952417031319      25    
54371.91737281967    5.6751458087389635    0.5729111775835406      25    
54372.41737281967    6.060114942363714     0.5728639203262965      25    
54372.91737281967    6.455484552326801     0.57271526445854        25    
54373.41737281967    6.860620973637747     0.5728349798698306      25    
54373.91737281967    7.276300218436377     0.5762963214224316      25    
54374.41737281967    7.701048246565524     0.5770825672945186      25    
54374.91737281967    8.133667162120446     0.5653199981085967      25    
54375.41737281967    8.578198127837112     0.5364469076062843      25    
54375.91737281967    9.022810848336839     0.5070635862708391      25    
54376.41737281967    9.458913769862114     0.49653700000324524     25    
54376.91737281967    9.892375420540603     0.5008200643445254      25    
54377.41737281967    10.305431964170795    0.5075258627027245      25    
54377.91737281967    10.690486140933693    0.5098997227147813      25    
54378.41737281967    11.05168724867588     0.5118546304713268      25    
54378.91737281967    11.372228305301933    0.5131717938020188      25    
54379.41737281967    11.645433054163101    0.5132622966213226      25    
54379.91737281967    11.877932357921713    0.5128520266030048      25    
54380.41737281967    12.07339343683863     0.5133977462313477      25    
54380.91737281967    12.227399665005638    0.515100226531651       25    
54381.41737281967    12.348565028329707    0.5173746789961432      25    
54381.91737281967    12.44856053099497     0.5200028744600552      25    
54382.41737281967    12.522078043279352    0.5235392288291523      25    
54382.91737281967    12.57830058971098     0.5262755876902429      25    
54383.41737281967    12.626841850535104    0.5283737155473888      25    
54383.91737281967    12.663826619636113    0.531175519607901       25    
54384.41737281967    12.68999915324483     0.5241493090924686      25    
54384.91737281967    12.707279253937644    0.4933871739592658      25    
54385.41737281967    12.714380202069986    0.44405785449521257     25    
54385.91737281967    12.706711503975631    0.40584013143780534     25    
54386.41737281967    12.684279805910393    0.3990411994447169      25    
54386.91737281967    12.646499075428816    0.40712656996870855     25    
54387.41737281967    12.589338690453662    0.4110787861230011      25    
54387.91737281967    12.512089581849022    0.4102684914981134      25    
54388.41737281967    12.416804767274984    0.4088411630963618      25    
54388.91737281967    12.304682579534855    0.4073962842144893      25    
54389.41737281967    12.17417832748181     0.4054930506122132      25    
54389.91737281967    12.029706950619493    0.40418520730109586     25    
54390.41737281967    11.8744643051995      0.4048980993704154      25    
54390.91737281967    11.706579523064534    0.40733436119125344     25    
54391.41737281967    11.530835922225288    0.40899105687162146     25    
54391.91737281967    11.349353257817459    0.41100489718363853     25    
54392.41737281967    11.160931350541874    0.41223472443769416     25    
54392.91737281967    10.968366276353754    0.4025692907325734      25    
54393.41737281967    10.771995145200906    0.36997456347178737     25    
54393.91737281967    10.571639084319393    0.32529497058723045     25    
54394.41737281967    10.368427897684466    0.2963115132535637      25    
54394.91737281967    10.162011247191906    0.2934885975135462      25    
54395.41737281967    9.952961627500827     0.30024608825333693     25    
54395.91737281967    9.742236411079533     0.30143070203877687     25    
54396.41737281967    9.529569429701214     0.30040654145025275     25    
54396.91737281967    9.315062754764579     0.2988185847808722      25    
54397.41737281967    9.098965993994378     0.2962667667529097      25    
54397.91737281967    8.881211727023725     0.2927021412516505      25    
54398.41737281967    8.661401517944308     0.2900601071331279      25    
54398.91737281967    8.439403310122193     0.2899461596557381      25    
54399.41737281967    8.215285936793263     0.2912247054738396      25    
54399.91737281967    7.988751658748627     0.29185919319925063     25    
54400.41737281967    7.759088713893599     0.29406208677924484     25    
54400.91737281967    7.52735524041792      0.294278123077623       25    
54401.41737281967    7.295271012092675     0.2839292152983104      25    
54401.91737281967    7.061610399661172     0.255782010418131       25    
54402.41737281967    6.828815491385476     0.22198796589268308     25    
54402.91737281967    6.599827577276583     0.2038933263379595      25    
54403.41737281967    6.373122074221375     0.2029132987310334      25    
54403.91737281967    6.151633477770652     0.20651219125578546     25    
54404.41737281967    5.937827729069367     0.20596193274927357     25    
54404.91737281967    5.73051497657097      0.20519459064840395     25    
54405.41737281967    5.530683277280931     0.20391550774653236     25    
54405.91737281967    5.339240371015831     0.2013076172358832      25    
54406.41737281967    5.155476589410833     0.19799293717947086     25    
54406.91737281967    4.978097371795368     0.19563617913089515     25    
54407.41737281967    4.807294829147321     0.19495918931870418     25    
54407.91737281967    4.642667162371174     0.19501236586013937     25    
54408.41737281967    4.482936100957192     0.19483831364347978     25    
54408.91737281967    4.328356653624753     0.19462540716970284     25    
54409.41737281967    4.17866272002866      0.19417298548016712     25    
54409.91737281967    4.033281909154316     0.19365596811618505     25    
54410.41737281967    3.8923434394659036    0.19419173017621172     25    
54410.91737281967    3.755987208879036     0.19079917332341387     25    
54411.41737281967    3.6242542904561894    0.1764388747442955      25    
54411.91737281967    3.4971174124462108    0.1506664556113781      25    
54412.41737281967    3.3746951523481648    0.12691383699907308     25    
54412.91737281967    3.2570481018142523    0.12020803541900016     25    
54413.41737281967    3.1441324708770657    0.12367169126460288     25    
54413.91737281967    3.0359377763325828    0.12575297741275215     25    
54414.41737281967    2.932520293647217     0.1239931246249874      25    
54414.91737281967    2.8337864689758145    0.1219488341136578      25    
54415.41737281967    2.7395812243623454    0.12120221613218825     25    
54415.91737281967    2.649972751576499     0.12205575856314042     25    
54416.41737281967    2.5648396910825393    0.12327200624596267     25    
54416.91737281967    2.484095972376637     0.12384402486604978     25    
54417.41737281967    2.40789906342523      0.12416510652011213     25    
54417.91737281967    2.335647863087662     0.12384495239324532     25    
54418.41737281967    2.267141480552666     0.12246898150444091     25    
54418.91737281967    2.202544913057945     0.12019332698849428     25    
54419.41737281967    2.140565133251743     0.11716909119261996     25    
54419.91737281967    2.0810093449821827    0.11267875693681736     25    
54420.41737281967    2.0238831515518445    0.10732495013645942     25    
54420.91737281967    1.967829938396483     0.1038914874123953      25    
54421.41737281967    1.9127797064326708    0.10400280505287578     25    
54421.91737281967    1.8588129617716689    0.10534283089507669     25    
54422.41737281967    1.8054890630184834    0.10508520701510926     25    
54422.91737281967    1.7525507539916962    0.10298560730188097     25    
54423.41737281967    1.7008480121314675    0.10070409269810367     25    
54423.91737281967    1.6510866150151913    0.09971049551927323     25    
54424.41737281967    1.6028513568033929    0.09968518907040799     25    
54424.91737281967    1.5570858669268968    0.10008980625979386     25    
54425.41737281967    1.514474382361658     0.10083805639471687     25    
54425.91737281967    1.474661829299811     0.10199873350767868     25    
54426.41737281967    1.437851436971692     0.10255241873266867     25    
54426.91737281967    1.404504391298341     0.10281222969064566     25    
54427.41737281967    1.374124908088918     0.10226784160711225     25    
54427.91737281967    1.3454831470055428    0.09826698868276425     25    
54428.41737281967    1.3188877212345584    0.08734808422520732     25    
54428.91737281967    1.2937830422660908    0.07301733785305439     25    
54429.41737281967    1.2689110540132111    0.06410440962866218     25    
54429.91737281967    1.2445924915899835    0.06355549985576883     25    
54430.41737281967    1.220504025576321     0.0655938854340183      25    
54430.91737281967    1.1960192696775527    0.06509494565608673     25    
54431.41737281967    1.1712136980998915    0.063465437624999       25    
54431.91737281967    1.1468131709452118    0.062274118765300784    25    
54432.41737281967    1.1230968787488602    0.06251784590014281     25    
54432.91737281967    1.099899634783166     0.06369498514575464     25    
54433.41737281967    1.078090472755531     0.06511775874380359     25    
54433.91737281967    1.0578861144961678    0.06694611811057652     25    
54434.41737281967    1.0391606340510493    0.0688499331451262      25    
54434.91737281967    1.0223205067252024    0.06953449734303051     25    
54435.41737281967    1.007624380408232     0.06856861336852023     25    
54435.91737281967    0.9945806248607378    0.06681562079315448     25    
54436.41737281967    0.982639856258609     0.0651743520889229      25    
54436.91737281967    0.972088154758831     0.06346324015707247     25    
54437.41737281967    0.9623772722692712    0.06172083107339112     25    
54437.91737281967    0.9529550532475505    0.06008257516441526     25    
54438.41737281967    0.9440943150619523    0.05844403066188888     25    
54438.91737281967    0.9353345406275303    0.057188126912295495    25    
54439.41737281967    0.926336970618449     0.05678522751207823     25    
54439.91737281967    0.9172879643592992    0.05701448207449792     25    
54440.41737281967    0.9082141600484569    0.05706029957988437     25    
54440.91737281967    0.8990904976567827    0.05655926459153988     25    
54441.41737281967    0.8899516394695433    0.055845746560014814    25    
54441.91737281967    0.8808956680578023    0.05516798173833273     25    
54442.41737281967    0.8718967131321002    0.05448531898131196     25    
54442.91737281967    0.8629992477470564    0.053864834260586206    25    
54443.41737281967    0.8542887776811763    0.053491109503502075    25    
54443.91737281967    0.8457255278681336    0.05336578355622383     25    
54444.41737281967    0.8373804529319743    0.05339184583763927     25    
54444.91737281967    0.8293185139527973    0.053393277475310204    25    
54445.41737281967    0.8215019668991044    0.05333077919540043     25    
54445.91737281967    0.8140202800585138    0.053888185973251686    25    
54446.41737281967    0.8069099019068855    0.05572409050330522     25    
54446.91737281967    0.8001510552592275    0.058339482669616444    25    
54447.41737281967    0.7938436300931587    0.0605780826263096      25    
54447.91737281967    0.7879879665776601    0.06128638531533707     25    
54448.41737281967    0.7825978179827259    0.06198082650896043     25    
54448.91737281967    0.777770386151649     0.06513285709118753     25    