@INSTRUMENT MEGACAMPSF
@BAND i
@MAGSYS AB
@WEIGHTMAT weightmat_SNLS_i.dat
@X_FOCAL_PLANE 4.15071
@Y_FOCAL_PLANE -0.21681
#Date : MJD
#Flux : 
#Fluxerr : errors (but look at the weight matrix)
#ZP : 
#end
53550.54  -2.4260119  0.919420050414  26.322409
53554.55  -1.0073808  1.04988158258  26.322409
53558.52  1.0680342  0.917391642799  26.322409
53564.52  6.2364363  2.11451882969  26.322409
53565.48  14.167005  0.913458506699  26.322409
53577.57  53.459125  0.938604729796  26.322409
53582.46  58.015104  1.5971407055  26.322409
53586.44  52.786369  0.741429516729  26.322409
53591.44  43.207804  2.01274959108  26.322409
53594.4  43.41657  1.40540937658  26.322409
53609.36  20.758583  0.916327894481  26.322409
53613.34  15.027828  1.50550435186  26.322409
53617.36  16.628257  0.742927513382  26.322409
53622.34  11.667506  1.09128910331  26.322409
53624.32  11.248621  1.12598904761  26.322409
53639.29  7.862911  1.42643498515  26.322409
53642.25  4.3361861  2.00935857176  26.322409
53647.35  7.6631319  0.836294565944  26.322409
53651.26  11.838005  1.68441998131  26.322409
53654.24  4.2813201  1.40460633082  26.322409
53666.27  7.7570155  1.39430184363  26.322409
53667.33  6.4666823  1.56724456656  26.322409
53670.21  4.1661824  1.19460203366  26.322409
53674.23  4.2639318  1.04132186849  26.322409
53678.2  4.3482339  1.81060113551  26.322409
53681.21  3.5780252  0.907409864386  26.322409
53699.22  3.8586809  0.768105475746  26.322409
53705.22  3.6581352  1.2488886458  26.322409
53709.21  6.2154921  2.22098253886  26.322409
