57086.70643495457    281.08868338332826    57.84522774316123     25    
57087.20643495457    334.4453841264016     56.30600400295354     25    
57087.70643495457    391.2999304559302     58.975032864495915    25    
57088.20643495457    451.3304245027684     74.83786823243949     25    
57088.70643495457    514.3342001429861     89.29168348867105     25    
57089.20643495457    579.9339942516765     92.28728117276567     25    
57089.70643495457    647.9791054671923     91.26630999551742     25    
57090.20643495457    718.0437063958207     91.70512910533016     25    
57090.70643495457    790.022259451244      92.16142990006185     25    
57091.20643495457    863.4471739578963     92.53776748848927     25    
57091.70643495457    938.2512751178389     92.85686590615065     25    
57092.20643495457    1013.9320099606022    93.13766612074932     25    
57092.70643495457    1090.4537654896712    93.41439424797306     25    
57093.20643495457    1167.3644737520729    94.12031739843395     25    
57093.70643495457    1244.5521969173944    94.87896849261249     25    
57094.20643495457    1321.4075440646461    93.1180718674462      25    
57094.70643495457    1397.5172453197715    89.45108097229908     25    
57095.20643495457    1468.2446442015755    89.21780161672247     25    
57095.70643495457    1533.661398111024     91.93984086886502     25    
57096.20643495457    1587.404507768856     93.776245779036       25    
57096.70643495457    1629.7025919225553    94.84790534264951     25    
57097.20643495457    1654.9551656763251    94.97709183240941     25    
57097.70643495457    1662.7102165837384    94.05028493025014     25    
57098.20643495457    1657.8390446179744    93.76527459165497     25    
57098.70643495457    1639.7483473511088    94.29797667648542     25    
57099.20643495457    1617.256200313551     95.3041396650965      25    
57099.70643495457    1590.563857957905     97.02095301370643     25    
57100.20643495457    1567.0407194241106    97.57632446313241     25    
57100.70643495457    1548.4979315315934    96.8982179086744      25    
57101.20643495457    1534.3338229173007    93.15468120861912     25    
57101.70643495457    1525.4742665483996    83.41376723963714     25    
57102.20643495457    1518.502228082903     75.72961840826477     25    
57102.70643495457    1512.8369900637974    76.1294528654508      25    
57103.20643495457    1506.1432969220634    77.69894779992471     25    
57103.70643495457    1497.0878468902354    77.5022262813896      25    
57104.20643495457    1485.6106097343072    77.36343196156838     25    
57104.70643495457    1471.0881355781817    77.56401140143697     25    
57105.20643495457    1454.1621277617282    78.33613872276227     25    
57105.70643495457    1435.0773332246931    80.6149525371205      25    
57106.20643495457    1414.0685244647286    82.43274813053323     25    
57106.70643495457    1391.5880544272077    82.04936387023903     25    
57107.20643495457    1367.3436786651514    79.90191135939057     25    
57107.70643495457    1341.2927755379167    74.35349377089544     25    
57108.20643495457    1313.0851847121314    68.02571295417587     25    
57108.70643495457    1282.1508649600194    67.66071222641634     25    
57109.20643495457    1248.3910459272645    69.84629036942395     25    
57109.70643495457    1210.9415821706848    69.9361607894926      25    
57110.20643495457    1170.4239242137696    69.08475995037811     25    
57110.70643495457    1127.6964627472846    67.05081087196794     25    
57111.20643495457    1083.2690759356533    64.38907398885682     25    
57111.70643495457    1039.6133876780702    63.93453495665127     25    
57112.20643495457    996.7989123560048     64.91649401413723     25    
57112.70643495457    957.501350959461      64.85493976123693     25    
57113.20643495457    921.514352864331      64.30191564144886     25    
57113.70643495457    890.1058655510482     66.03668776947306     25    
57114.20643495457    863.1599712050911     69.51405857910088     25    
57114.70643495457    840.6640132776038     71.32775517141644     25    
57115.20643495457    822.6151790771328     71.71872927542675     25    
57115.70643495457    809.0619604847822     71.72171388869062     25    
57116.20643495457    800.0497977360737     71.35251618382061     25    
57116.70643495457    794.6866649894987     70.2581643421618      25    
57117.20643495457    793.0783541726927     68.22336962444612     25    
57117.70643495457    793.503105404693      67.11457684824761     25    
57118.20643495457    795.9584375771933     67.37603046775371     25    
57118.70643495457    798.8419002604032     67.6543672802579      25    
57119.20643495457    801.8531277111227     67.7632860853332      25    
57119.70643495457    804.8140541421616     67.63024214742384     25    
57120.20643495457    807.3961473438591     67.25558664377614     25    
57120.70643495457    810.6520654012196     66.31184589376022     25    
57121.20643495457    814.7142071743366     64.22533034399004     25    
57121.70643495457    820.3726400342331     62.729205518590554    25    
57122.20643495457    828.1509776846602     63.07441668366672     25    
57122.70643495457    837.6531371160403     63.60648775758234     25    
57123.20643495457    849.1916219886934     63.1913032266892      25    
57123.70643495457    861.4395631765163     63.281718016715416    25    
57124.20643495457    873.7666733273294     65.23807966085842     25    
57124.70643495457    885.2961804008743     67.21535450889432     25    
57125.20643495457    894.8785041137161     67.92702693062799     25    
57125.70643495457    902.6591584429561     67.70547064339323     25    
57126.20643495457    907.9938724878253     66.00032391319387     25    
57126.70643495457    911.7007821367149     63.57573283759038     25    
57127.20643495457    914.6134455510423     61.460116514092725    25    
57127.70643495457    917.0533684429373     59.79562324343221     25    
57128.20643495457    920.2731233878043     60.03320081338338     25    
57128.70643495457    923.9976516949359     61.087810116662084    25    
57129.20643495457    928.6292492987114     60.446113289648615    25    
57129.70643495457    933.6176647891591     59.15310414119077     25    
57130.20643495457    937.454552868935      59.52524646606616     25    
57130.70643495457    940.040079224612      60.91397575260451     25    
57131.20643495457    939.5407298113125     62.19777455164855     25    
57131.70643495457    936.1183466007976     63.327850641213885    25    
57132.20643495457    928.8943671437352     62.89852237817057     25    
57132.70643495457    918.0424461621797     60.96627519419593     25    
57133.20643495457    904.6799085974878     55.902323832160306    25    
57133.70643495457    888.7730930862161     46.921395151385454    25    
57134.20643495457    871.5608711097682     41.74938700702847     25    
57134.70643495457    853.0106160787444     41.97927723179922     25    
57135.20643495457    833.953381117068      41.77173947157189     25    
57135.70643495457    814.4290188214591     40.73564355158009     25    
57136.20643495457    794.4761377498321     40.677634144491215    25    
57136.70643495457    774.104456089323      41.845375619234225    25    
57137.20643495457    753.3368753618        43.24957845136506     25    
57137.70643495457    732.1493507335746     44.9951252653494      25    
57138.20643495457    710.7194508302073     45.509227295048944    25    
57138.70643495457    688.9966116511288     44.189192559005974    25    
57139.20643495457    667.4431089638523     42.27416108293273     25    
57139.70643495457    646.1102651706481     40.105487428165446    25    
57140.20643495457    625.4193921328647     37.304360136295266    25    
57140.70643495457    605.5141141704089     33.07215587145451     25    
57141.20643495457    586.6113418181086     29.38534334506431     25    
57141.70643495457    568.9133738750047     28.563675921391916    25    
57142.20643495457    552.2869591887065     28.525908974119982    25    
57142.70643495457    536.7240511316746     27.961066735045893    25    
57143.20643495457    522.1423155148842     27.413458397322444    25    
57143.70643495457    508.48292481184325    26.909952090455324    25    
57144.20643495457    495.69121796614473    26.505053335078877    25    
57144.70643495457    483.69536781551665    26.306111796706524    25    
57145.20643495457    472.45323815296206    26.241539530230135    25    
57145.70643495457    461.88121499250565    26.227946348964036    25    
57146.20643495457    451.9482109251494     26.31475408103198     25    
57146.70643495457    442.5603011926236     26.492609204888478    25    
57147.20643495457    433.6959711325193     26.87495935521626     25    
57147.70643495457    425.25246126568356    27.347444995472117    25    
57148.20643495457    417.21635362488405    28.57190771783526     25    
57148.70643495457    409.4775300614974     31.81479778627462     25    