56030.39309758053    22.168176752286886    4.442028754845784     25    
56030.89309758053    26.207560083770286    4.449907308032207     25    
56031.39309758053    30.546855726871378    4.4690548860797525    25    
56031.89309758053    35.171015237327566    4.536084735566964     25    
56032.39309758053    40.07994359877289     4.6265747849445455    25    
56032.89309758053    45.25360490089168     4.673298220852028     25    
56033.39309758053    50.694900195054885    4.684419017244385     25    
56033.89309758053    56.382788901526105    4.694641482021465     25    
56034.39309758053    62.31918534278087     4.707236759561294     25    
56034.89309758053    68.48602706629431     4.717634800549978     25    
56035.39309758053    74.88025886901424     4.725351269465795     25    
56035.89309758053    81.4905347623983      4.731490281704742     25    
56036.39309758053    88.30558060081857     4.736045831903339     25    
56036.89309758053    95.32227830857097     4.740573546038421     25    
56037.39309758053    102.52730362152123    4.732783212342196     25    
56037.89309758053    109.91889621243878    4.724762261783417     25    
56038.39309758053    117.45956656295078    4.854417754250205     25    
56038.89309758053    125.18246140243122    5.1328449741862       25    
56039.39309758053    132.81285246115598    5.330111750924139     25    
56039.89309758053    140.37300266797678    5.389370916560885     25    
56040.39309758053    147.5918803325343     5.41562985550318      25    
56040.89309758053    154.33869935514954    5.453474205052188     25    
56041.39309758053    160.52286605153256    5.480843915960706     25    
56041.89309758053    165.8536776378237     5.4872477959810135    25    
56042.39309758053    170.4325341333465     5.482332900489761     25    
56042.89309758053    174.32697104987326    5.502050411492104     25    
56043.39309758053    177.52317485566962    5.542110043456944     25    
56043.89309758053    180.30308950865304    5.5904578519314665    25    
56044.39309758053    182.64746684664055    5.654801604178372     25    
56044.89309758053    184.76083340692006    5.692076741760552     25    
56045.39309758053    186.74658101329055    5.725420549259871     25    
56045.89309758053    188.54470066776082    5.651146976346138     25    
56046.39309758053    190.18141900293762    5.249312447347348     25    
56046.89309758053    191.59906641944266    4.6950350238156275    25    
56047.39309758053    192.67650132386632    4.507739197851267     25    
56047.89309758053    193.4276332296532     4.599257804598341     25    
56048.39309758053    193.71638376972754    4.637060792734845     25    
56048.89309758053    193.54096279468573    4.625931493359788     25    
56049.39309758053    192.9497431106243     4.610581436013552     25    
56049.89309758053    191.91829072197433    4.58814746638626      25    
56050.39309758053    190.55779691845214    4.5788550618974995    25    
56050.89309758053    188.91253160497294    4.610768369008834     25    
56051.39309758053    187.023088323191      4.647171841266458     25    
56051.89309758053    184.99481357766604    4.644606101952419     25    
56052.39309758053    182.8032038855409     4.61549788230234      25    
56052.89309758053    180.47993947691782    4.551345974324676     25    
56053.39309758053    178.0218585501276     4.450062762150614     25    
56053.89309758053    175.38803898132474    4.393477369998085     25    
56054.39309758053    172.5810493191105     4.40212756455286      25    
56054.89309758053    169.57338071648167    4.411065368034206     25    
56055.39309758053    166.3399931130575     4.3969814730952175    25    
56055.89309758053    162.9202790015552     4.374495418359386     25    
56056.39309758053    159.3235575383992     4.339188137041445     25    
56056.89309758053    155.58030108082144    4.302971455421641     25    
56057.39309758053    151.77359549766572    4.302210663904723     25    
56057.89309758053    147.89492438507887    4.326113514469075     25    
56058.39309758053    144.0432089390084     4.342839472124372     25    
56058.89309758053    140.2087842337321     4.371266834505408     25    
56059.39309758053    136.45058381775306    4.240227919332433     25    
56059.89309758053    132.77540276982435    3.791404587686149     25    
56060.39309758053    129.2055341676813     3.352791007585618     25    
56060.89309758053    125.75377873488567    3.276550907006383     25    
56061.39309758053    122.43199965224073    3.338765913281311     25    
56061.89309758053    119.2702217756993     3.3333803128453625    25    
56062.39309758053    116.26196132306345    3.3186039419356557    25    
56062.89309758053    113.41924805345371    3.2869221268881725    25    
56063.39309758053    110.74085961361722    3.2385376182251915    25    
56063.89309758053    108.21153719262375    3.2121215876104166    25    
56064.39309758053    105.83284333494088    3.216698325031535     25    
56064.89309758053    103.59173528640767    3.222249767490433     25    
56065.39309758053    101.489415373662      3.2199031485357694    25    
56065.89309758053    99.50869504961565     3.211278804164992     25    
56066.39309758053    97.63845565646432     3.205979885688467     25    
56066.89309758053    95.86916336043758     3.179721322169704     25    
56067.39309758053    94.16779939671021     3.0476701339967875    25    
56067.89309758053    92.53767614085123     2.829741515564466     25    
56068.39309758053    90.93876876340161     2.7173170037879664    25    
56068.89309758053    89.37477796940496     2.7313837598054076    25    
56069.39309758053    87.82387509010533     2.7419662798585325    25    
56069.89309758053    86.28164438377648     2.714552965376878     25    
56070.39309758053    84.74667204680301     2.698979982178608     25    
56070.89309758053    83.21654430434847     2.7255220238873292    25    
56071.39309758053    81.68978220987373     2.761545946055531     25    
56071.89309758053    80.16067464394061     2.775510021195745     25    
56072.39309758053    78.63213146411218     2.774796549637057     25    
56072.89309758053    77.10810541212118     2.750212368714694     25    
56073.39309758053    75.58773855303558     2.702456787494762     25    
56073.89309758053    74.09218933978599     2.619836219347713     25    
56074.39309758053    72.6194131029389      2.4793937645109545    25    
56074.89309758053    71.18756699748074     2.3750228524463064    25    
56075.39309758053    69.80569878292474     2.3774228496059364    25    
56075.89309758053    68.46772026870853     2.398925267176372     25    
56076.39309758053    67.18041414585377     2.364441227954067     25    
56076.89309758053    65.92869868074818     2.316238836776333     25    
56077.39309758053    64.68271123416238     2.301365901672414     25    
56077.89309758053    63.445146910332134    2.309224153010112     25    
56078.39309758053    62.175924609690234    2.323144275953883     25    
56078.89309758053    60.87707637658489     2.346477841322705     25    
56079.39309758053    59.54155771795013     2.3533141505532864    25    
56079.89309758053    58.15726904109524     2.357129605922655     25    
56080.39309758053    56.760935486325316    2.2904168927742394    25    
56080.89309758053    55.36351811624383     2.032125686374945     25    
56081.39309758053    53.98128089196067     1.7059877550768074    25    
56081.89309758053    52.64799223834526     1.6054594358355188    25    
56082.39309758053    51.3586014336017      1.64780292836732      25    
56082.89309758053    50.13796289075204     1.6370054164418446    25    
56083.39309758053    48.98323806478084     1.5954041177484033    25    
56083.89309758053    47.8750081038987      1.5750942541103694    25    
56084.39309758053    46.81574423719381     1.5827926313821703    25    
56084.89309758053    45.78650988170445     1.6016475605512992    25    
56085.39309758053    44.781832974198394    1.6367767060345277    25    
56085.89309758053    43.79766570500288     1.6620604395075949    25    
56086.39309758053    42.82337619623926     1.6463883506724568    25    
56086.89309758053    41.86634789732826     1.6085927014433545    25    
56087.39309758053    40.934376628074034    1.5770112557238984    25    
56087.89309758053    40.02700761357201     1.5410108041053223    25    
56088.39309758053    39.15692889923402     1.4318393531989586    25    
56088.89309758053    38.32295962911951     1.213585496622723     25    
56089.39309758053    37.532056901793126    1.0462683969827347    25    
56089.89309758053    36.78705394180801     1.035738870793151     25    
56090.39309758053    36.083017437150716    1.0579436879627182    25    
56090.89309758053    35.419182127503554    1.0467813981540541    25    
56091.39309758053    34.793123629090104    1.0337267239996506    25    
56091.89309758053    34.20097995812233     1.0216514089823565    25    
56092.39309758053    33.642653585522886    1.0106888349699124    25    
56092.89309758053    33.112913472401836    1.0057446949984896    25    
56093.39309758053    32.61250759993367     1.0063139697944055    25    
56093.89309758053    32.1358837298031      1.0075571185420062    25    
56094.39309758053    31.683586731783425    0.9975667868166045    25    
56094.89309758053    31.250791789787076    1.0377468571951913    25    
56095.39309758053    30.836792040533044    1.1723038101758485    25    
56095.89309758053    30.43848762544617     1.2951958895225115    25    
56096.39309758053    30.05302458564364     1.3271172840556378    25    
56096.89309758053    29.679480861038225    1.3372146164259848    25    
56097.39309758053    29.313185426576133    1.3934398293897814    25    