54043.460963906335    5.337136798082194     0.772094734113079      25    
54043.960963906335    6.19069144797176      0.7715403501416033     25    
54044.460963906335    7.095249294547708     0.7738203122497292     25    
54044.960963906335    8.04458362771606      0.7932174333696189     25    
54045.460963906335    9.040452549975758     0.8279392385280571     25    
54045.960963906335    10.075826145232309    0.8523800481821073     25    
54046.460963906335    11.150714361748362    0.8577317201855533     25    
54046.960963906335    12.261787893210451    0.8567717627809321     25    
54047.460963906335    13.404002527247542    0.858721672204642      25    
54047.960963906335    14.578610644061948    0.8607998736741754     25    
54048.460963906335    15.778284843855328    0.8624899575479034     25    
54048.960963906335    17.004135764594647    0.8637242646181756     25    
54049.460963906335    18.251354118539673    0.8647387490015389     25    
54049.960963906335    19.51633105219057     0.8655117221800099     25    
54050.460963906335    20.799307501156484    0.8662257914900475     25    
54050.960963906335    22.093460643925326    0.865945106579579      25    
54051.460963906335    23.40139258490061     0.8588035543702923     25    
54051.960963906335    24.71272178131813     0.872895731056413      25    
54052.460963906335    26.03262270911383     0.9360288317156263     25    
54052.960963906335    27.34478032470388     1.0105128819338038     25    
54053.460963906335    28.61289830966427     1.0473598500276882     25    
54053.960963906335    29.848633234543207    1.0563497909180322     25    
54054.460963906335    30.997900571418814    1.061374910887733      25    
54054.960963906335    32.056328503440454    1.0687644873495177     25    
54055.460963906335    33.006232526110765    1.0737667029670848     25    
54055.960963906335    33.80292954303485     1.0746626973055795     25    
54056.460963906335    34.45935418650812     1.072039341116473      25    
54056.960963906335    34.997851804402366    1.074460318678245      25    
54057.460963906335    35.40694494201032     1.083976194004958      25    
54057.960963906335    35.725059210283106    1.0962563472605578     25    
54058.460963906335    35.980854824492646    1.111138873469115      25    
54058.960963906335    36.170017646713326    1.1268593626157393     25    
54059.460963906335    36.341826437077714    1.1328881909106476     25    
54059.960963906335    36.494752704904535    1.1345616367437772     25    
54060.460963906335    36.62664867719813     1.1109996253975138     25    
54060.960963906335    36.74478213608082     1.025164786898397      25    
54061.460963906335    36.840090004655416    0.9074414542197381     25    
54061.960963906335    36.895802962466725    0.8539945511621305     25    
54062.460963906335    36.91628365348907     0.8692069003038324     25    
54062.960963906335    36.88632933252237     0.8866421382863807     25    
54063.460963906335    36.79801716354989     0.8847393079300132     25    
54063.960963906335    36.65941934237169     0.8798882178616253     25    
54064.460963906335    36.473467395024635    0.8748596722981598     25    
54064.960963906335    36.239254376446745    0.8688633824594795     25    
54065.460963906335    35.977710072291785    0.8695190459900085     25    
54065.960963906335    35.68701862667515     0.8820712837485526     25    
54066.460963906335    35.3782114428877      0.8939236022457092     25    
54066.960963906335    35.06557413444687     0.8978350351888517     25    
54067.460963906335    34.743923675361       0.8945926674275353     25    
54067.960963906335    34.415105930750634    0.8634137022468258     25    
54068.460963906335    34.081443569396335    0.7874559797527803     25    
54068.960963906335    33.7334460645919      0.7163843066559425     25    
54069.460963906335    33.36744195051268     0.70280867979851       25    
54069.960963906335    32.982685281008585    0.7171535058585151     25    
54070.460963906335    32.569337225677344    0.720957035779499      25    
54070.960963906335    32.12842180888295     0.7188536186979688     25    
54071.460963906335    31.661958267210164    0.7147685541603804     25    
54071.960963906335    31.167700788841266    0.7061816219317166     25    
54072.460963906335    30.65076915694874     0.6982564596217068     25    
54072.960963906335    30.11834368983134     0.7012626099393704     25    
54073.460963906335    29.568429028820155    0.7130095873441465     25    
54073.960963906335    29.010239589910302    0.7201745580647236     25    
54074.460963906335    28.443756681563496    0.723279009560515      25    
54074.960963906335    27.872216934792416    0.7172220744583896     25    
54075.460963906335    27.300081211468463    0.6875564301212944     25    
54075.960963906335    26.726219802343294    0.6399457251036322     25    
54076.460963906335    26.155195167066818    0.6109974681510825     25    
54076.960963906335    25.586116632169617    0.6095748879536027     25    
54077.460963906335    25.022304350332554    0.6137335322725102     25    
54077.960963906335    24.465749612817493    0.612022246133158      25    
54078.460963906335    23.916355195381893    0.6091109500415993     25    
54078.960963906335    23.377482449859862    0.60126929747925       25    
54079.460963906335    22.84840108078437     0.5872583702433303     25    
54079.960963906335    22.33130702395676     0.576162718881105      25    
54080.460963906335    21.826630435490987    0.5737516512600803     25    
54080.960963906335    21.335018770882716    0.5747743709207392     25    
54081.460963906335    20.85889148782762     0.5743084041849168     25    
54081.960963906335    20.39778499768575     0.5734891782838991     25    
54082.460963906335    19.95013798092648     0.5714491936538173     25    
54082.960963906335    19.517205708109056    0.5683074781311171     25    
54083.460963906335    19.095326228399095    0.5632425264057724     25    
54083.960963906335    18.68105302458922     0.5535663465173828     25    
54084.460963906335    18.27512817921477     0.5405569349355217     25    
54084.960963906335    17.871878229199258    0.5333581342312435     25    
54085.460963906335    17.471154257335147    0.5348942836892656     25    
54085.960963906335    17.07304186425307     0.5366400526906225     25    
54086.460963906335    16.675898435837173    0.530969694873713      25    
54086.960963906335    16.281433100977956    0.5231640735210671     25    
54087.460963906335    15.893977688435486    0.5237251058180574     25    
54087.960963906335    15.512389515950241    0.5335210444581368     25    
54088.460963906335    15.14081898114143     0.5420635172095971     25    
54088.960963906335    14.781242272187237    0.545847797197333      25    
54089.460963906335    14.4328489951767      0.5460060411373729     25    
54089.960963906335    14.097016189929226    0.5398452200495905     25    
54090.460963906335    13.773762075200109    0.5276830071235199     25    
54090.960963906335    13.458673847716293    0.5089225254958716     25    
54091.460963906335    13.151935727721835    0.4764419832968668     25    
54091.960963906335    12.85131729502071     0.44354159902405477    25    
54092.460963906335    12.55332330264949     0.43420043461977825    25    
54092.960963906335    12.258972205206886    0.44160422581579506    25    
54093.460963906335    11.966556694202017    0.44178207730431235    25    
54093.960963906335    11.67523464487546     0.42956257400981435    25    
54094.460963906335    11.38748438887019     0.41800145210092565    25    
54094.960963906335    11.104451792450535    0.4165917160741845     25    
54095.460963906335    10.826196794968656    0.4206925523818008     25    
54095.960963906335    10.555674276808247    0.4260889138961069     25    
54096.460963906335    10.292535848576282    0.43426838141363727    25    
54096.960963906335    10.037434339202857    0.43886559727789864    25    
54097.460963906335    9.791471054290067     0.43729030337712593    25    
54097.960963906335    9.553338660587503     0.4299020850743736     25    
54098.460963906335    9.321249998393844     0.41076396113130226    25    
54098.960963906335    9.09573751543246      0.3771445704143778     25    
54099.460963906335    8.874470628758305     0.35153590921542077    25    
54099.960963906335    8.656903728433024     0.34890646821228466    25    
54100.460963906335    8.443153769452675     0.3527661939999708     25    
54100.960963906335    8.23223548300812      0.34627625112953364    25    
54101.460963906335    8.024521173406436     0.3343928251921407     25    
54101.960963906335    7.822802997263295     0.32843132481411186    25    
54102.460963906335    7.6265964152448555    0.3309790627105629     25    
54102.960963906335    7.437924612201705     0.33722328385913664    25    
54103.460963906335    7.258673255847029     0.3465869545092759     25    
54103.960963906335    7.088295941698815     0.357409981875951      25    
54104.460963906335    6.92833719197193      0.35940587718910466    25    
54104.960963906335    6.779187470728474     0.35178183894409404    25    
54105.460963906335    6.638654700598704     0.34114097249232744    25    
54105.960963906335    6.50626400731375      0.3322859815870898     25    
54106.460963906335    6.381472927982816     0.3207377828562214     25    
54106.960963906335    6.26192690949296      0.2974409673427473     25    
54107.460963906335    6.148202965599202     0.25813348670994374    25    
54107.960963906335    6.038533450601223     0.2259914586528504     25    
54108.460963906335    5.932363166234384     0.22087359506262808    25    
54108.960963906335    5.829930926444439     0.22607232427179652    25    
54109.460963906335    5.730952433486349     0.22412690549487987    25    
54109.960963906335    5.635505244637444     0.2198125125614346     25    
54110.460963906335    5.543492571354705     0.21554285254799993    25    
54110.960963906335    5.454927549909518     0.21116792762808245    25    
54111.460963906335    5.369744527390942     0.207558307079861      25    
54111.960963906335    5.287885383902514     0.20597560970350953    25    
54112.460963906335    5.2093577981234995    0.20591778977536065    25    
54112.960963906335    5.134056146045552     0.20623996870833103    25    
54113.460963906335    5.062004017919371     0.2046970820780638     25    
54113.960963906335    4.993116921892123     0.21088005216225522    25    
54114.460963906335    4.927360586207671     0.23416363094441187    25    
54114.960963906335    4.864722217169101     0.2613375907068345     25    
54115.460963906335    4.805104902417506     0.2745989257911915     25    
54115.960963906335    4.748535281280899     0.2758338446477852     25    
54116.460963906335    4.694914365978001     0.286007343669141      25    