54043.460963906335    3.570143490977976     0.883037314249546      25    
54043.960963906335    4.152764777264671     0.8798268845001664     25    
54044.460963906335    4.772914386694183     0.88416569066713       25    
54044.960963906335    5.4272758925982565    0.9325252161549238     25    
54045.460963906335    6.116785683201973     1.0171386204933703     25    
54045.960963906335    6.837699533889202     1.074224555023903      25    
54046.460963906335    7.5900227432338365    1.0854059300081529     25    
54046.960963906335    8.371982079452462     1.081802499046642      25    
54047.460963906335    9.18089092952227      1.0852656848673792     25    
54047.960963906335    10.017416327404877    1.089209633393142      25    
54048.460963906335    10.877655604799772    1.092462136626059      25    
54048.960963906335    11.762200301913072    1.0949835207451788     25    
54049.460963906335    12.66848892963153     1.0970103164397287     25    
54049.960963906335    13.594599365709534    1.098499325499563      25    
54050.460963906335    14.540659935581767    1.0996793164669887     25    
54050.960963906335    15.503180803694121    1.1032871647131384     25    
54051.460963906335    16.483983784979554    1.1144245015543917     25    
54051.960963906335    17.47542682134242     1.1080445314713638     25    
54052.460963906335    18.48371572617107     1.05388884388996       25    
54052.960963906335    19.492848647308957    0.9822255406438815     25    
54053.460963906335    20.468959882200295    0.9594396801782137     25    
54053.960963906335    21.423052887556402    0.9816238222046116     25    
54054.460963906335    22.30339760153257     1.004741776320027      25    
54054.960963906335    23.105986479581038    1.0174511191251387     25    
54055.460963906335    23.813555231261457    1.027383545405582      25    
54055.960963906335    24.383696153451023    1.0318969651262468     25    
54056.460963906335    24.82861125838681     1.0318244938952486     25    
54056.960963906335    25.164521416698445    1.0367691494578761     25    
54057.460963906335    25.381690160294216    1.0489090427523753     25    
54057.960963906335    25.512024941006896    1.0636391438657682     25    
54058.460963906335    25.578976346897335    1.0809580310580411     25    
54058.960963906335    25.579056148727606    1.098888884460608      25    
54059.460963906335    25.552766560277455    1.1048609925382482     25    
54059.960963906335    25.498431637146158    1.1008263451259686     25    
54060.460963906335    25.416111680720782    1.0808665627697895     25    
54060.960963906335    25.312129058266848    1.0267872104931954     25    
54061.460963906335    25.179715807207145    0.9576376791550965     25    
54061.960963906335    25.007751576527564    0.929537459882505      25    
54062.460963906335    24.799080032150204    0.9427850367709076     25    
54062.960963906335    24.544013520458936    0.9543702396293526     25    
54063.460963906335    24.236131048320146    0.9490217982650032     25    
54063.960963906335    23.883440319319526    0.9396929077699098     25    
54064.460963906335    23.490872368153568    0.9310044052597826     25    
54064.960963906335    23.056996197522725    0.9217006597645946     25    
54065.460963906335    22.602643200201232    0.9205829330691147     25    
54065.960963906335    22.12590380931247     0.9342245042903682     25    
54066.460963906335    21.63807156155937     0.9470227044675662     25    
54066.960963906335    21.15276484616512     0.9479894108629836     25    
54067.460963906335    20.66563128156915     0.9398352130721914     25    
54067.960963906335    20.18309132733054     0.907143714142222      25    
54068.460963906335    19.7058132870948      0.8347797459362477     25    
54068.960963906335    19.2305702095482      0.7678187722173845     25    
54069.460963906335    18.756500356421306    0.7535984904934854     25    
54069.960963906335    18.283311470866966    0.7648701276036147     25    
54070.460963906335    17.80848027804152     0.7655466672791049     25    
54070.960963906335    17.332628110484563    0.7600158858896096     25    
54071.460963906335    16.853700664930454    0.7510437334172932     25    
54071.960963906335    16.37136349767756     0.7346732438534189     25    
54072.460963906335    15.885031299055521    0.718030243485496      25    
54072.960963906335    15.393107525303915    0.714877828014163      25    
54073.460963906335    14.896023716007628    0.7225621515062505     25    
54073.960963906335    14.392081840643547    0.7267396929591675     25    
54074.460963906335    13.879693433266365    0.7307650384300116     25    
54074.960963906335    13.362443105698324    0.7214983076504106     25    
54075.460963906335    12.841979212639844    0.670622506532469      25    
54075.960963906335    12.318643916913148    0.5851075465744415     25    
54076.460963906335    11.801852769567988    0.5287818680293193     25    
54076.960963906335    11.289774948174982    0.5229691861519868     25    
54077.460963906335    10.789234896115316    0.5291275599545905     25    
54077.960963906335    10.305075918166379    0.5263375340272889     25    
54078.460963906335    9.83597948407791      0.5231372060497186     25    
54078.960963906335    9.386095908615466     0.5132777682858314     25    
54079.460963906335    8.955160489334014     0.4952532201504437     25    
54079.960963906335    8.541857345116192     0.4800783586736648     25    
54080.460963906335    8.146102553698931     0.47461749280275023    25    
54080.960963906335    7.767534048425191     0.47320137984149685    25    
54081.460963906335    7.405210200561871     0.4710986941703821     25    
54081.960963906335    7.059367642890146     0.4694898656189811     25    
54082.460963906335    6.729450314766339     0.465453682289934      25    
54082.960963906335    6.415335294513194     0.46129665597336744    25    
54083.460963906335    6.117098821776866     0.4496877458578354     25    
54083.960963906335    5.834705753775609     0.41415705336668907    25    
54084.460963906335    5.56816020346856      0.3570343530284871     25    
54084.960963906335    5.317437199772644     0.32001766217062744    25    
54085.460963906335    5.0830461558172075    0.32111497929738336    25    
54085.960963906335    4.863218631135605     0.3290698655977346     25    
54086.460963906335    4.657608004409063     0.32234884410716713    25    
54086.960963906335    4.465435555873841     0.31236881512526726    25    
54087.460963906335    4.282532784787485     0.30987109382298367    25    
54087.960963906335    4.109973259782239     0.3155544658802208     25    
54088.460963906335    3.943919163873935     0.3208628577712788     25    
54088.960963906335    3.782544361029686     0.3233108186829635     25    
54089.460963906335    3.6265840994377507    0.32322276829906615    25    
54089.960963906335    3.4747365080292916    0.3168197764279395     25    
54090.460963906335    3.3269946901261873    0.3041179786849148     25    
54090.960963906335    3.187378507195953     0.28972275652751933    25    
54091.460963906335    3.055728902576809     0.27214729449483166    25    
54091.960963906335    2.9340554764862983    0.2562487120548751     25    
54092.460963906335    2.8258209825075573    0.25315332296274046    25    
54092.960963906335    2.7299144409480784    0.2593997705437968     25    
54093.460963906335    2.646123907958353     0.2596613701635848     25    
54093.960963906335    2.576202255526145     0.2499804139256148     25    
54094.460963906335    2.5144458187029826    0.24064801993102228    25    
54094.960963906335    2.4577787630371626    0.2398882966666898     25    
54095.460963906335    2.4061495037646243    0.2436721502234559     25    
54095.960963906335    2.3522310189211812    0.24827686322641687    25    
54096.460963906335    2.2969349479858194    0.2549519962299616     25    
54096.960963906335    2.2384017968872962    0.25840907283271175    25    
54097.460963906335    2.1739480787742047    0.25620055080657944    25    
54097.960963906335    2.106576094842208     0.2491779990470877     25    
54098.460963906335    2.0401670234658957    0.23358746278917356    25    
54098.960963906335    1.973558193730676     0.20644859384715075    25    
54099.460963906335    1.9118777336211679    0.18540691555304994    25    
54099.960963906335    1.8560708453790822    0.18421572993172117    25    
54100.460963906335    1.8064572928767368    0.18896946921972235    25    
54100.960963906335    1.7655466454079347    0.18501372297526378    25    
54101.460963906335    1.732493310521894     0.1766547748342091     25    
54101.960963906335    1.7036958082689053    0.17407554600319683    25    
54102.460963906335    1.6798149160188254    0.17985021223367695    25    
54102.960963906335    1.6581424767131072    0.1883338257977114     25    
54103.460963906335    1.636288242513957     0.19811649129295372    25    
54103.960963906335    1.6148466737806375    0.2081040296752079     25    
54104.460963906335    1.5913270040969       0.20968009463989265    25    
54104.960963906335    1.5655517360379696    0.20192767186025418    25    
54105.460963906335    1.5389689068025958    0.19171859981898948    25    
54105.960963906335    1.5117971429667336    0.18180600731604676    25    
54106.460963906335    1.484434369010282     0.1716420236486784     25    
54106.960963906335    1.458421444261884     0.16530695367272422    25    
54107.460963906335    1.433399584679492     0.16279733773396116    25    
54107.960963906335    1.4103515817913308    0.16215070911420398    25    
54108.460963906335    1.3897433912676367    0.16392755918878005    25    
54108.960963906335    1.3711111251993784    0.1660468072876799     25    
54109.460963906335    1.3542507268442774    0.16493608284090175    25    
54109.960963906335    1.339214333011503     0.16155491214945414    25    
54110.460963906335    1.3254639151009528    0.15746836689872096    25    
54110.960963906335    1.3130644615279499    0.1524270298947514     25    
54111.460963906335    1.3016911709454915    0.14732060084249163    25    
54111.960963906335    1.2910565097106785    0.1433519707139348     25    
54112.460963906335    1.2811984661674944    0.14015144251412504    25    
54112.960963906335    1.2715944919675595    0.13770156235655484    25    
54113.460963906335    1.2623612939727087    0.13545196549136737    25    
54113.960963906335    1.2530808698854523    0.1359342916887702     25    
54114.460963906335    1.2435836687690034    0.14121364301115572    25    
54114.960963906335    1.2338063970095834    0.14919254003238136    25    
54115.460963906335    1.223269604964245     0.15596777046410407    25    
54115.960963906335    1.212105084041725     0.160275335123918      25    
54116.460963906335    1.1998231169663052    0.17665533392728147    25    