55189.970301054615    0.12609642399893106    0.12609642439545302     25    
55190.470301054615    0.1728322619839689     0.10693820065784812     25    
55190.970301054615    0.22806392816825521    0.07834401062543801     25    
55191.470301054615    0.2939616368406149     0.21273197882039566     25    
55191.970301054615    0.3699430145397683     0.36994301467492424     25    
55192.470301054615    0.4570720454901849     0.4570720455995768      25    
55192.970301054615    0.5571619460011322     0.5571619460908728      25    
55193.470301054615    0.6693426607377879     0.5887581618368748      25    
55193.970301054615    0.79532285377772       0.578345683075336       25    
55194.470301054615    0.9363207447976019     0.5792407202567651      25    
55194.970301054615    1.0916545938951456     0.5808645592065914      25    
55195.470301054615    1.263439746347981      0.581830254444862       25    
55195.970301054615    1.4520614265471417     0.5820518147459188      25    
55196.470301054615    1.657502207328959      0.5815976555970919      25    
55196.970301054615    1.881971614621372      0.5804537721814078      25    
55197.470301054615    2.1250073845668713     0.5784971180715014      25    
55197.970301054615    2.387508894356344      0.575952473597289       25    
55198.470301054615    2.6715516597765374     0.5738291755591194      25    
55198.970301054615    2.976861091518129      0.5743958947959862      25    
55199.470301054615    3.303085097744495      0.5698014718246425      25    
55199.970301054615    3.6526620866202797     0.5490456159416536      25    
55200.470301054615    4.026354653365537      0.5121305848325377      25    
55200.970301054615    4.408819580628348      0.4807869783805033      25    
55201.470301054615    4.797634457541993      0.47341821092360203     25    
55201.970301054615    5.192594933382877      0.479534080476992       25    
55202.470301054615    5.5712117049960685     0.4849114708782444      25    
55202.970301054615    5.935835055033362      0.4874099007701194      25    
55203.470301054615    6.2806716703596726     0.4896363583049673      25    
55203.970301054615    6.586831252532126      0.49025333564863727     25    
55204.470301054615    6.855721600855494      0.4886537571101904      25    
55204.970301054615    7.091039344105032      0.48707055657300263     25    
55205.470301054615    7.292156359407502      0.4876557437475645      25    
55205.970301054615    7.457722818301403      0.48973880312409        25    
55206.470301054615    7.598009022539038      0.49275042514657835     25    
55206.970301054615    7.716983180601885      0.4973289834399103      25    
55207.470301054615    7.8127422566183045     0.502906352337883       25    
55207.970301054615    7.895224819930239      0.5057829414026993      25    
55208.470301054615    7.9668344923813805     0.5115095004222708      25    
55208.970301054615    8.025187616065276      0.5111679038327596      25    
55209.470301054615    8.070926269245593      0.48295723629283854     25    
55209.970301054615    8.105403042060619      0.4048569803856551      25    
55210.470301054615    8.125067303069716      0.30458839631333856     25    
55210.970301054615    8.126525634072689      0.2517135243986075      25    
55211.470301054615    8.111448304487634      0.2605905206811545      25    
55211.970301054615    8.076510660304347      0.2806383309661217      25    
55212.470301054615    8.018590761656824      0.2813327707362673      25    
55212.970301054615    7.9393245982976115     0.2790271438863078      25    
55213.470301054615    7.841558003836055      0.27613458896185256     25    
55213.970301054615    7.724045687226613      0.2720689752574088      25    
55214.470301054615    7.5889789076864        0.2678714691474225      25    
55214.970301054615    7.442843909112082      0.2673050436125935      25    
55215.470301054615    7.283680745445792      0.27222711975371217     25    
55215.970301054615    7.114972500724086      0.2778925970398997      25    
55216.470301054615    6.9421463391118445     0.2786540689887057      25    
55216.970301054615    6.763156043125999      0.27400075465905604     25    
55217.470301054615    6.580703712779711      0.27251050436840984     25    
55217.970301054615    6.3969873633539605     0.2825444907441948      25    
55218.470301054615    6.210901261311743      0.2997472426844267      25    
55218.970301054615    6.02408061358616       0.3132206653110801      25    
55219.470301054615    5.836722412541636      0.3189643198901267      25    
55219.970301054615    5.648908019617243      0.3211609850787406      25    
55220.470301054615    5.462281853841742      0.32215109558225585     25    
55220.970301054615    5.276594654284697      0.3219737759384475      25    
55221.470301054615    5.092275022572891      0.3204615924638415      25    
55221.970301054615    4.910305332608574      0.31771422911489006     25    
55222.470301054615    4.7303224563881185     0.3128409937683753      25    
55222.970301054615    4.552863420254155      0.30877624860542324     25    
55223.470301054615    4.378361446880098      0.30882048856796246     25    
55223.970301054615    4.206576013405524      0.31190893031276407     25    
55224.470301054615    4.038208510147834      0.3143504805251274      25    
55224.970301054615    3.873459936075169      0.31749309728038766     25    
55225.470301054615    3.7122483778116386     0.3192535510666994      25    
55225.970301054615    3.5551048712508524     0.308201460744109       25    
55226.470301054615    3.4019855289699548     0.27158935772436243     25    
55226.970301054615    3.25298698363403       0.22213792713570932     25    
55227.470301054615    3.108414558571329      0.19222561273083322     25    
55227.970301054615    2.96813537855389       0.19161817969564687     25    
55228.470301054615    2.8323959997933685     0.1999631975177423      25    
55228.970301054615    2.7014049429441287     0.20143710283459107     25    
55229.470301054615    2.575036474926448      0.20212797711293437     25    
55229.970301054615    2.4536760817427186     0.20171745176961764     25    
55230.470301054615    2.3374235633064835     0.19857111668763328     25    
55230.970301054615    2.2262503393378736     0.1938460308394524      25    
55231.470301054615    2.120639583977778      0.19116958740028706     25    
55231.970301054615    2.020541751584737      0.19221740405426718     25    
55232.470301054615    1.9260837335147836     0.19468154406612342     25    
55232.970301054615    1.837723082632629      0.1962267670529662      25    
55233.470301054615    1.7556004283186792     0.19741805340761667     25    
55233.970301054615    1.6791594823217413     0.19761514360200574     25    
55234.470301054615    1.60812841547497       0.196468844298162       25    
55234.970301054615    1.542857165989832      0.1948501827000331      25    
55235.470301054615    1.481742206273396      0.18781552961712422     25    
55235.970301054615    1.4241627796520804     0.16709571451003905     25    
55236.470301054615    1.370415418578265      0.13252005835897623     25    
55236.970301054615    1.3187375772533234     0.10164038310934573     25    
55237.470301054615    1.2688681523271717     0.09511277991636097     25    
55237.970301054615    1.2209517904792473     0.1016479281038661      25    
55238.470301054615    1.1743126422475272     0.10324716573690612     25    
55238.970301054615    1.1287740945006384     0.0995799205887         25    
55239.470301054615    1.0849241595576329     0.09587442979529105     25    
55239.970301054615    1.0432245223151517     0.09540613262780477     25    
55240.470301054615    1.0034212343458697     0.09780394260051128     25    
55240.970301054615    0.966099552495032      0.10046583371636685     25    
55241.470301054615    0.9317186862597354     0.10215833181554955     25    
55241.970301054615    0.9000435877434185     0.10355709903655595     25    
55242.470301054615    0.8710059829537243     0.10339099115626241     25    
55242.970301054615    0.8449152981965578     0.10086831427053679     25    
55243.470301054615    0.8213424533995044     0.09668282021079964     25    
55243.970301054615    0.7992821549703487     0.0916469666022074      25    
55244.470301054615    0.7790553531246404     0.08452147220218875     25    
55244.970301054615    0.7600777239305849     0.07724689986329024     25    
55245.470301054615    0.741420477049521      0.07399383525142414     25    
55245.970301054615    0.7234035288197195     0.07546467661835513     25    
55246.470301054615    0.7056714403129164     0.07671414170061241     25    
55246.970301054615    0.6877944952779695     0.07348795213384648     25    
55247.470301054615    0.6699541089320666     0.06717328079625547     25    
55247.970301054615    0.652522260325243      0.061786906946499916    25    
55248.470301054615    0.6355218598141853     0.05999483483058005     25    
55248.970301054615    0.6189928734059517     0.060208832005628904    25    
55249.470301054615    0.6033602079436515     0.06125255729002506     25    
55249.970301054615    0.5885709377971354     0.06382695802833882     25    
55250.470301054615    0.5747177575161335     0.06639762073248347     25    
55250.970301054615    0.5620525054061893     0.06663410010068839     25    
55251.470301054615    0.5505256054708835     0.06456704611034694     25    
55251.970301054615    0.5401262228351675     0.06183477350872494     25    
55252.470301054615    0.5308725276499802     0.05957095835391804     25    
55252.970301054615    0.522757218333881      0.05721949178830541     25    
55253.470301054615    0.5157772606024353     0.0557976004731912      25    
55253.970301054615    0.5099866603879871     0.0566613447322466      25    
55254.470301054615    0.5053287574951018     0.0586312641831249      25    
55254.970301054615    0.5016056444227505     0.05898419725508002     25    
55255.470301054615    0.4989810133476164     0.056467398222217684    25    
55255.970301054615    0.4971522640821888     0.05304854188753512     25    
55256.470301054615    0.4956148549734461     0.05136833904427933     25    
55256.970301054615    0.4945970257910117     0.05144703893542066     25    
55257.470301054615    0.49366305462094334    0.052365588224405506    25    
55257.970301054615    0.49237622015660876    0.05389188684294306     25    
55258.470301054615    0.4909377453914252     0.05629273075476531     25    
55258.970301054615    0.4890443845379901     0.05761092776690059     25    
55259.470301054615    0.48644886310049434    0.05631018764789452     25    
55259.970301054615    0.4833165896081432     0.0534006968563839      25    
55260.470301054615    0.479877601503318      0.050998014353369245    25    
55260.970301054615    0.47608137057869054    0.049257230721685495    25    
55261.470301054615    0.472033586970272      0.048367615424081044    25    
55261.970301054615    0.4680112358332845     0.049804385527107004    25    
55262.470301054615    0.46393342678980337    0.054104079113699625    25    
55262.970301054615    0.4599226890911562     0.05850073344099737     25    
55263.470301054615    0.4561546442966702     0.0609728610415094      25    
55263.970301054615    0.4525731934049282     0.06239547104811162     25    
55264.470301054615    0.44917010325779266    0.06291908857940849     25    
55264.970301054615    0.445954751824273      0.06236420877612059     25    
55265.470301054615    0.4429213799857033     0.06083308357756837     25    
55265.970301054615    0.4400456868895376     0.05895375786983021     25    
55266.470301054615    0.4373285979904729     0.056685473518448       25    
55266.970301054615    0.43476517505327894    0.05410061485553117     25    
55267.470301054615    0.4323328694950676     0.05185153840949162     25    
55267.970301054615    0.43003936859762487    0.04994579162832343     25    
55268.470301054615    0.42787095584061596    0.048363505730639404    25    
55268.970301054615    0.42580966393013175    0.04734650141208914     25    
55269.470301054615    0.4238648123131195     0.04709031010771874     25    
55269.970301054615    0.4220164710151038     0.04657549480089797     25    
55270.470301054615    0.4202538188621213     0.044582551096414354    25    
55270.970301054615    0.41858267780434905    0.041523909974286316    25    
55271.470301054615    0.4169794769349346     0.039684251958658656    25    
55271.970301054615    0.41544308295842736    0.03921133851745146     25    
55272.470301054615    0.4139707137387023     0.04061106586465476     25    
55272.970301054615    0.4125391879246539     0.045970427705689154    25    