54041.24647276969    2.679408916497469     0.4457659549154309     25    
54041.74647276969    3.1262724699004525    0.443415150030047      25    
54042.24647276969    3.607863506559247     0.44376834948296745    25    
54042.74647276969    4.124355784509635     0.4640829474932372     25    
54043.24647276969    4.675692279729309     0.5061560318333621     25    
54043.74647276969    5.262024863569296     0.540575132841558      25    
54044.24647276969    5.883424982194022     0.55053985587729       25    
54044.74647276969    6.539884631701523     0.5488295144771018     25    
54045.24647276969    7.23159136013973      0.5486337184071326     25    
54045.74647276969    7.958498939049804     0.5503408944143315     25    
54046.24647276969    8.720731955316284     0.5518767470181878     25    
54046.74647276969    9.51839753180049      0.5531781942529985     25    
54047.24647276969    10.35146008457618     0.5542963205565719     25    
54047.74647276969    11.22011015613993     0.5552969058693956     25    
54048.24647276969    12.124323109159874    0.5561172999766085     25    
54048.74647276969    13.064190848272313    0.5569682284611303     25    
54049.24647276969    14.040616213796778    0.5575240959934675     25    
54049.74647276969    15.053721452953454    0.5575995179280113     25    
54050.24647276969    16.09820362661002     0.5615368175797487     25    
54050.74647276969    17.185182421332414    0.5728596496492405     25    
54051.24647276969    18.29300736844853     0.5864114555503631     25    
54051.74647276969    19.386852530123765    0.59542437170362       25    
54052.24647276969    20.482073280110637    0.6008570472231289     25    
54052.74647276969    21.526952944652784    0.6054229953389586     25    
54053.24647276969    22.50433650682667     0.6103735332232675     25    
54053.74647276969    23.413468037811622    0.6147983274354777     25    
54054.24647276969    24.202935394305246    0.617845941277685      25    
54054.74647276969    24.872112371047887    0.6190536754530205     25    
54055.24647276969    25.438574972117284    0.6202184350460025     25    
54055.74647276969    25.901762880628052    0.6227106596688301     25    
54056.24647276969    26.265998366745933    0.6258288818641837     25    
54056.74647276969    26.573626296185232    0.6292934809227788     25    
54057.24647276969    26.817427461132137    0.6337900366663827     25    
54057.74647276969    27.018794717423035    0.6374534784754458     25    
54058.24647276969    27.207964193535553    0.641266907133111      25    
54058.74647276969    27.374504602611317    0.6451388853277283     25    
54059.24647276969    27.518727534322718    0.6303286434278813     25    
54059.74647276969    27.646542578179762    0.5765699483417983     25    
54060.24647276969    27.74642007616105     0.5099011452870903     25    
54060.74647276969    27.8041980081924      0.4808521464665075     25    
54061.24647276969    27.825000262870933    0.48735922101659596    25    
54061.74647276969    27.79409884826517     0.49652243794453665    25    
54062.24647276969    27.703537705540867    0.4956989272791958     25    
54062.74647276969    27.55963153331848     0.49359588937889837    25    
54063.24647276969    27.365001362271865    0.4911768088784121     25    
54063.74647276969    27.116176423158013    0.4879526345234996     25    
54064.24647276969    26.827379473258695    0.4855510777737994     25    
54064.74647276969    26.504331437400033    0.48587903194551696    25    
54065.24647276969    26.146543263645896    0.4874640313882202     25    
54065.74647276969    25.76948378218712     0.4867686491062776     25    
54066.24647276969    25.37122367068553     0.4817113296104456     25    
54066.74647276969    24.956008132725472    0.47910959532068764    25    
54067.24647276969    24.52916055706779     0.48674439041389345    25    
54067.74647276969    24.088663721150503    0.500654641326509      25    
54068.24647276969    23.63747130165726     0.5095599162803142     25    
54068.74647276969    23.175180200674554    0.5111373383896823     25    
54069.24647276969    22.703238071645732    0.5097883326492447     25    
54069.74647276969    22.22379162139919     0.5081108312134786     25    
54070.24647276969    21.73606444400623     0.5052928364761272     25    
54070.74647276969    21.242339104166202    0.5017802112327797     25    
54071.24647276969    20.742786812711856    0.4970117330913604     25    
54071.74647276969    20.237910067352082    0.49217956947611485    25    
54072.24647276969    19.72936388678175     0.48990837470399845    25    
54072.74647276969    19.21653471323024     0.4901841810702239     25    
54073.24647276969    18.70121746659612     0.49017104767082614    25    
54073.74647276969    18.183562988730408    0.49186919792303346    25    
54074.24647276969    17.664215822757242    0.4912769823579691     25    
54074.74647276969    17.14619425498001     0.47372095128070435    25    
54075.24647276969    16.628326118261565    0.43082400946356414    25    
54075.74647276969    16.113983324485247    0.388213955246268      25    
54076.24647276969    15.605068253176594    0.3755487177064195     25    
54076.74647276969    15.101159793966469    0.38078125300136684    25    
54077.24647276969    14.606559493843259    0.38334908009945123    25    
54077.74647276969    14.120665843961904    0.3819103545211371     25    
54078.24647276969    13.64522939629634     0.37966954112402074    25    
54078.74647276969    13.18241900711971     0.37592027842881043    25    
54079.24647276969    12.731456905262919    0.3708538085626459     25    
54079.74647276969    12.29452652836888     0.3676072813001729     25    
54080.24647276969    11.871498874794163    0.3677189805207871     25    
54080.74647276969    11.46321182385983     0.36887423332585967    25    
54081.24647276969    11.07161649444623     0.3688644419321081     25    
54081.74647276969    10.696313050649804    0.36827929582321184    25    
54082.24647276969    10.336423938489025    0.36673910880085137    25    
54082.74647276969    9.992744055841378     0.36609173730725386    25    
54083.24647276969    9.663675947350676     0.36305190232572       25    
54083.74647276969    9.345906581108943     0.34889050866046944    25    
54084.24647276969    9.040580985682707     0.3194794934837962     25    
54084.74647276969    8.744569219002386     0.29238100601128214    25    
54085.24647276969    8.455939620533004     0.2852745231989653     25    
54085.74647276969    8.175546130102251     0.28878635652519263    25    
54086.24647276969    7.902250220046003     0.2889724820406714     25    
54086.74647276969    7.635472376743448     0.28501757667021854    25    
54087.24647276969    7.3772559132997975    0.28162340635819494    25    
54087.74647276969    7.128757665180612     0.281744571776165      25    
54088.24647276969    6.88963462691109      0.2840121765457213     25    
54088.74647276969    6.662329299281879     0.28563900395513975    25    
54089.24647276969    6.447253118954424     0.2866658002510371     25    
54089.74647276969    6.243764007032561     0.2866475534741837     25    
54090.24647276969    6.052218986855189     0.28476404292136626    25    
54090.74647276969    5.872690758651304     0.28133136733016173    25    
54091.24647276969    5.701394412619877     0.2741388567839924     25    
54091.74647276969    5.538395967066624     0.2588835619345402     25    
54092.24647276969    5.382358609972223     0.24138574933786033    25    
54092.74647276969    5.229800703463628     0.2335407881021803     25    
54093.24647276969    5.0816224525226135    0.23525695967109136    25    
54093.74647276969    4.936620583598479     0.23712682379244535    25    
54094.24647276969    4.793508301190457     0.23414331979857977    25    
54094.74647276969    4.6535222168663095    0.22998991362540827    25    
54095.24647276969    4.518442905470146     0.22775428593471458    25    
54095.74647276969    4.387651416755185     0.22746412790940368    25    
54096.24647276969    4.262860756079587     0.22795357761073648    25    
54096.74647276969    4.145337004031137     0.22908167601128024    25    
54097.24647276969    4.034550032664073     0.23066664400214046    25    
54097.74647276969    3.9312126312752045    0.2310007673190803     25    
54098.24647276969    3.8359108319109487    0.23232554386125112    25    
54098.74647276969    3.7470017290565814    0.22837441434455033    25    
54099.24647276969    3.663359661804261     0.20792697704994925    25    
54099.74647276969    3.5853782501539517    0.17036753135506835    25    
54100.24647276969    3.510866125862186     0.13990937578133056    25    
54100.74647276969    3.439791718969616     0.13614176012598223    25    
54101.24647276969    3.37170822580373      0.14265368073417184    25    
54101.74647276969    3.3053677044319496    0.14247722534331916    25    
54102.24647276969    3.2410848067777165    0.13979774739425543    25    
54102.74647276969    3.1790106500681516    0.13776572756015873    25    
54103.24647276969    3.119102744630158     0.13731253278041794    25    
54103.74647276969    3.0614569279098656    0.13772516326169257    25    
54104.24647276969    3.006287538504064     0.138830412647312      25    
54104.74647276969    2.9535589395480066    0.14099388756119705    25    
54105.24647276969    2.903276892841601     0.1423831578542243     25    
54105.74647276969    2.855554814125043     0.14163077763404727    25    
54106.24647276969    2.810259186380361     0.13970623996578252    25    
54106.74647276969    2.7670205441179547    0.13800701033760884    25    
54107.24647276969    2.725954697877992     0.1374178344546381     25    
54107.74647276969    2.6867468984331158    0.13472270761486355    25    
54108.24647276969    2.6491586844157786    0.1252792361030081     25    
54108.74647276969    2.613268118505308     0.11034004613471575    25    
54109.24647276969    2.578727389325942     0.0999949963561918     25    
54109.74647276969    2.545529861625011     0.09925699617788754    25    
54110.24647276969    2.5136516337924277    0.10155091765433959    25    
54110.74647276969    2.4830052340101822    0.10128740841110567    25    
54111.24647276969    2.4536219742231142    0.100233193912594      25    
54111.74647276969    2.4254150786211857    0.09906744645984773    25    
54112.24647276969    2.398386477677482     0.09778172808838541    25    
54112.74647276969    2.3725045142565095    0.09650532821869186    25    
54113.24647276969    2.3476960156537046    0.09560293293685364    25    
54113.74647276969    2.3239882165817685    0.09500938937587082    25    
54114.24647276969    2.301300008684123     0.09470181430395438    25    
54114.74647276969    2.2796146275681775    0.09399914996620605    25    
54115.24647276969    2.2589200895252457    0.0939407774711152     25    
54115.74647276969    2.2391331851366814    0.09726140482243537    25    
54116.24647276969    2.2202805531668224    0.10435590330780285    25    
54116.74647276969    2.2022917353101317    0.11066401703867661    25    
54117.24647276969    2.185130837529787     0.11285586005764686    25    
54117.74647276969    2.1688034312518445    0.11350543532275334    25    
54118.24647276969    2.153220380535076     0.11689273224470746    25    