53969.200604400816    6.991370511876604     1.6812153549353404     25    
53969.700604400816    8.106231061869854     1.6901303933007088     25    
53970.200604400816    9.28324688359604      1.7032255011579802     25    
53970.700604400816    10.512534747695451    1.7359277547891894     25    
53971.200604400816    11.79663207900005     1.7853193029319079     25    
53971.700604400816    13.123849651389559    1.8213600554930047     25    
53972.200604400816    14.495007422188277    1.8360193614532963     25    
53972.700604400816    15.903238518287356    1.843831349488579      25    
53973.200604400816    17.341854237260385    1.853676086836236      25    
53973.700604400816    18.81154063037567     1.8621818608364025     25    
53974.200604400816    20.300653848315992    1.8684298391249348     25    
53974.700604400816    21.811774468363232    1.8724105772394624     25    
53975.200604400816    23.334887579454783    1.8745879782624648     25    
53975.700604400816    24.867421356349663    1.8745333292794528     25    
53976.200604400816    26.406362439718677    1.8733265364153384     25    
53976.700604400816    27.94264721352661     1.8814632850690947     25    
53977.200604400816    29.47880198480587     1.898821161251087      25    
53977.700604400816    30.998306363159966    1.854391005998767      25    
53978.200604400816    32.51258654804887     1.686425129649854      25    
53978.700604400816    33.98341911546396     1.5091261107306277     25    
53979.200604400816    35.38494102960754     1.4804903333048753     25    
53979.700604400816    36.7159890720055      1.538003240973466      25    
53980.200604400816    37.90962520995199     1.5740858358534704     25    
53980.700604400816    38.97882986637769     1.5942688007072376     25    
53981.200604400816    39.876177814030996    1.6068582982358524     25    
53981.700604400816    40.56709254106828     1.6039084627817681     25    
53982.200604400816    41.080870670721595    1.598597075251983      25    
53982.700604400816    41.43351695463158     1.6137901314918761     25    
53983.200604400816    41.6197895382272      1.6441515664161204     25    
53983.700604400816    41.70686598409024     1.6786749549234694     25    
53984.200604400816    41.69034256006789     1.7244032860338903     25    
53984.700604400816    41.605658569805165    1.7571769190778732     25    
53985.200604400816    41.495484410338435    1.7513572455913533     25    
53985.700604400816    41.34470291903591     1.719895793765633      25    
53986.200604400816    41.16324237404114     1.6754358937116056     25    
53986.700604400816    40.95384204120196     1.6079276353622918     25    
53987.200604400816    40.69764909501158     1.560482472958389      25    
53987.700604400816    40.39073980592149     1.5715058666064705     25    
53988.200604400816    40.029105959885264    1.601171273843072      25    
53988.700604400816    39.59643232219764     1.601937988819785      25    
53989.200604400816    39.096294565546295    1.5846605553726083     25    
53989.700604400816    38.54039911048926     1.5671172546720553     25    
53990.200604400816    37.92327731488258     1.5467791428289437     25    
53990.700604400816    37.2644336729089      1.5361020195139359     25    
53991.200604400816    36.577849078581366    1.5576777332064597     25    
53991.700604400816    35.862649560986775    1.594356720562337      25    
53992.200604400816    35.14463922195252     1.6037441324616115     25    
53992.700604400816    34.42075862019311     1.58724991414404       25    
53993.200604400816    33.69737440504297     1.5571974230272445     25    
53993.700604400816    32.979090466111316    1.5058035548035955     25    
53994.200604400816    32.26266232869353     1.4512795523653073     25    
53994.700604400816    31.547016816319726    1.436403735313789      25    
53995.200604400816    30.832425075744677    1.452630386143472      25    
53995.700604400816    30.117054884982633    1.460506212705777      25    
53996.200604400816    29.402158172308837    1.4544626013763624     25    
53996.700604400816    28.683400210742086    1.4409816770498798     25    
53997.200604400816    27.958536099121275    1.4144688570026442     25    
53997.700604400816    27.226805666608147    1.3816221534600543     25    
53998.200604400816    26.479874300689094    1.3724221553568516     25    
53998.700604400816    25.719579183096275    1.3899209623902276     25    
53999.200604400816    24.939064906314837    1.403601600059037      25    
53999.700604400816    24.133144241524462    1.4145162946928078     25    
54000.200604400816    23.307460820272762    1.4040642798615588     25    
54000.700604400816    22.465139645774734    1.3130266100522319     25    
54001.200604400816    21.605433525027664    1.1394456062947524     25    
54001.700604400816    20.747037943120187    1.013629707902155      25    
54002.200604400816    19.887788097214834    0.9984789541167104     25    
54002.700604400816    19.039462090625786    1.0142592167711855     25    
54003.200604400816    18.212744995344863    1.0109608296402264     25    
54003.700604400816    17.40516634960398     1.0070345912891594     25    
54004.200604400816    16.626420581805764    0.9898738110197199     25    
54004.700604400816    15.875540923837082    0.9563277363210917     25    
54005.200604400816    15.152967999390212    0.9287559072930147     25    
54005.700604400816    14.458999493706786    0.920487207841722      25    
54006.200604400816    13.793912060402258    0.9197303668961854     25    
54006.700604400816    13.15875728689144     0.9173566047156063     25    
54007.200604400816    12.553261234929275    0.9156152638621345     25    
54007.700604400816    11.976935786136249    0.9086019449708834     25    
54008.200604400816    11.430276835582527    0.901438671169592      25    
54008.700604400816    10.911601913547688    0.8755021719668615     25    
54009.200604400816    10.419956245697731    0.7944855145530589     25    
54009.700604400816    9.955259979159313     0.6756667094696746     25    
54010.200604400816    9.515541263660694     0.6122808137683974     25    
54010.700604400816    9.101584397087324     0.6218983238550924     25    
54011.200604400816    8.709508959235759     0.6341986435397419     25    
54011.700604400816    8.339490990224187     0.6193995826123119     25    
54012.200604400816    7.988706414822261     0.6032621474464555     25    
54012.700604400816    7.652436680755712     0.6052487004819812     25    
54013.200604400816    7.331802396129607     0.6199081340171081     25    
54013.700604400816    7.020334261991389     0.6295168015711627     25    
54014.200604400816    6.717325763539758     0.6340236144006811     25    
54014.700604400816    6.423596725959024     0.6308714957190374     25    
54015.200604400816    6.137197339716622     0.6143806862278073     25    
54015.700604400816    5.860701933696017     0.5872492888932589     25    
54016.200604400816    5.601330443225211     0.5518917717359686     25    
54016.700604400816    5.357256934273204     0.501972536204859      25    
54017.200604400816    5.135852341839831     0.4652668110078668     25    
54017.700604400816    4.9403565873916495    0.4681252942060457     25    
54018.200604400816    4.768552961574868     0.48189288888585885    25    
54018.700604400816    4.622099920429145     0.47259593268212474    25    
54019.200604400816    4.500161688295888     0.449340720517228      25    
54019.700604400816    4.38924140104911      0.43628372988799197    25    
54020.200604400816    4.291470139170603     0.43878410626090963    25    
54020.700604400816    4.197075017781319     0.44678519824021123    25    
54021.200604400816    4.098086833184782     0.45816446788555665    25    
54021.700604400816    3.9966490097204845    0.47057380675625693    25    
54022.200604400816    3.886234880996655     0.47169400551719287    25    
54022.700604400816    3.766433856945027     0.4630519102339647     25    
54023.200604400816    3.6459167197301032    0.44413757951343313    25    
54023.700604400816    3.5249681370832415    0.4043311409949733     25    
54024.200604400816    3.407561491480923     0.3591342000644849     25    
54024.700604400816    3.301211741188289     0.34422778289709544    25    
54025.200604400816    3.2039698249962636    0.35255971909372485    25    
54025.700604400816    3.120142863198362     0.35240050381159116    25    
54026.200604400816    3.0515430705666704    0.3361558589865872     25    
54026.700604400816    2.9927239967305366    0.3238732866387162     25    
54027.200604400816    2.941634252359615     0.3311726429005775     25    
54027.700604400816    2.8975698253667335    0.3483076767277854     25    
54028.200604400816    2.854215627166873     0.36635914311230233    25    
54028.700604400816    2.812780561958668     0.38816141921883573    25    
54029.200604400816    2.769890776987732     0.3974038643864037     25    
54029.700604400816    2.723638596515708     0.3846169396968795     25    
54030.200604400816    2.6760768290324695    0.36231655799546986    25    
54030.700604400816    2.6283263803611003    0.34245138047734436    25    
54031.200604400816    2.5801827829432495    0.32167341873337046    25    
54031.700604400816    2.5341697305241455    0.3079602713654941     25    
54032.200604400816    2.490109198158614     0.3042501396950297     25    
54032.700604400816    2.4489987090734977    0.30526165643930364    25    
54033.200604400816    2.4119791930086345    0.3097677668786883     25    
54033.700604400816    2.3783968982076673    0.31604242656515086    25    
54034.200604400816    2.347798850019439     0.3154768319861925     25    
54034.700604400816    2.3203387025306017    0.3086859756648008     25    
54035.200604400816    2.295220258417314     0.299671002333405      25    
54035.700604400816    2.2724009372917604    0.2884244018633396     25    
54036.200604400816    2.2515269908875855    0.27630146554172297    25    
54036.700604400816    2.2320248755765997    0.2665744372506353     25    
54037.200604400816    2.214017200493872     0.2584915002690882     25    
54037.700604400816    2.196679603897886     0.25204353061769635    25    
54038.200604400816    2.1801506471912675    0.24586711311899617    25    
54038.700604400816    2.16382877007491      0.2454992154130252     25    
54039.200604400816    2.1473964174925264    0.2563356347553084     25    
54039.700604400816    2.130778703710446     0.2731122122035602     25    
54040.200604400816    2.113223597910415     0.2855882061629167     25    
54040.700604400816    2.094922494517271     0.2917154171077864     25    
54041.200604400816    2.075101274957686     0.3247615404721212     25    