@INSTRUMENT MEGACAMPSF
@BAND z
@MAGSYS AB
@WEIGHTMAT weightmat_SNLS_z.dat
@X_FOCAL_PLANE 0.5095305
@Y_FOCAL_PLANE 12.653455
#Date : MJD
#Flux : 
#Fluxerr : errors (but look at the weight matrix)
#ZP : 
#end
53196.58  2.938602  0.656557147103  25.365233999999997
53197.55  4.6492865  0.592097197135  25.365233999999997
53198.57  4.2929702  0.582357895781  25.365233999999997
53228.48  2.550377  0.640996234617  25.365233999999997
53239.41  0.7457634  0.672488147865  25.365233999999997
53254.38  0.3983151  0.55987284222  25.365233999999997
53268.31  -0.1615542  0.703301963879  25.365233999999997
53270.38  0.67751646  0.534000665145  25.365233999999997
53283.37  1.3117477  1.02711264098  25.365233999999997
53286.22  0.90661433  1.48256703014  25.365233999999997
53290.24  0.65753338  1.76887445527  25.365233999999997
53321.29  -0.30737064  1.18215879899  25.365233999999997
53322.21  -0.017680309  0.761994295128  25.365233999999997
53331.27  -1.1486069  0.80291152954  25.365233999999997
53550.58  -1.3993473  0.618147138897  25.365233999999997
53558.59  -0.53425579  0.728551117223  25.365233999999997
