54344.25419187523    6.209135374698218     0.8972253624768717     25    
54344.75419187523    7.182521928701043     0.8870183504721859     25    
54345.25419187523    8.21006878720271      0.8881386185773485     25    
54345.75419187523    9.283494879258006     0.9591684737826502     25    
54346.25419187523    10.405093187631568    1.0831511286452296     25    
54346.75419187523    11.565404301082088    1.162612572876184      25    
54347.25419187523    12.764612593423232    1.1742748656996471     25    
54347.75419187523    13.997977865344401    1.165162984012644      25    
54348.25419187523    15.259031022016087    1.1673286651112484     25    
54348.75419187523    16.549220198443454    1.170508097626471      25    
54349.25419187523    17.858752490848534    1.1732047039677047     25    
54349.75419187523    19.189324105877816    1.175359983065759      25    
54350.25419187523    20.53404937556826     1.1772042234185036     25    
54350.75419187523    21.88869360508583     1.1785695416382906     25    
54351.25419187523    23.2530152339168      1.179829187560435      25    
54351.75419187523    24.617981049066287    1.181318298266568      25    
54352.25419187523    25.98645455923633     1.1808734178963383     25    
54352.75419187523    27.346741435175538    1.191093308702265      25    
54353.25419187523    28.70280772680996     1.223003304491499      25    
54353.75419187523    30.039374652179387    1.2613901044458602     25    
54354.25419187523    31.329739560592994    1.2877723880553413     25    
54354.75419187523    32.5817394819763      1.3066312712846646     25    
54355.25419187523    33.75227989390718     1.3216116612664608     25    
54355.75419187523    34.84179778586527     1.3334601501304666     25    
54356.25419187523    35.832510224626766    1.341362962993082      25    
54356.75419187523    36.691705784142066    1.34220444489751       25    
54357.25419187523    37.43267333764907     1.3384269974666803     25    
54357.75419187523    38.07596177967945     1.3457465849128472     25    
54358.25419187523    38.61125821571733     1.366225120813963      25    
54358.75419187523    39.0775550462856      1.391107967660991      25    
54359.25419187523    39.49399299968057     1.4211038624914516     25    
54359.75419187523    39.86199204926555     1.4502713764504516     25    
54360.25419187523    40.22457455253593     1.4579245705088522     25    
54360.75419187523    40.57816834036892     1.4467090769814992     25    
54361.25419187523    40.91051680510482     1.4182124983102657     25    
54361.75419187523    41.22842033515721     1.356446938044577      25    
54362.25419187523    41.51349826924169     1.2888929854415774     25    
54362.75419187523    41.73840299653026     1.2722762473849925     25    
54363.25419187523    41.91043027368335     1.2957788339572802     25    
54363.75419187523    41.997969694094145    1.3108061778583675     25    
54364.25419187523    41.99298181813456     1.3073736846413804     25    
54364.75419187523    41.90723718921894     1.3000224587535847     25    
54365.25419187523    41.740370516848735    1.292904578516376      25    
54365.75419187523    41.496379333501245    1.2858578154641416     25    
54366.25419187523    41.20586878424991     1.291865909471865      25    
54366.75419187523    40.862864173779805    1.3163004224825468     25    
54367.25419187523    40.48913126224209     1.3343721553538022     25    
54367.75419187523    40.101617928537195    1.3378262251471777     25    
54368.25419187523    39.691084565222035    1.3247933178991178     25    
54368.75419187523    39.257189418738385    1.2638369785505035     25    
54369.25419187523    38.80273362567961     1.141406941897827      25    
54369.75419187523    38.304247980717065    1.043856496324755      25    
54370.25419187523    37.759680179673       1.0329496507568254     25    
54370.75419187523    37.16131468863704     1.0531367643093943     25    
54371.25419187523    36.48794387129077     1.0532233659480696     25    
54371.75419187523    35.745537644508566    1.0472465245054554     25    
54372.25419187523    34.951873352386464    1.037284514221889      25    
54372.75419187523    34.096954787406936    1.0188299974158541     25    
54373.25419187523    33.21449439933319     1.0047112442890929     25    
54373.75419187523    32.32839295007158     1.0113116025879565     25    
54374.25419187523    31.436194976766714    1.0287991442809306     25    
54374.75419187523    30.583136090216193    1.035436561918302      25    
54375.25419187523    29.764811783146214    1.0306923762203757     25    
54375.75419187523    28.99081589893216     1.0229657230039342     25    
54376.25419187523    28.271793461609835    1.0137567746214815     25    
54376.75419187523    27.59959197071987     1.0043651092717787     25    
54377.25419187523    26.9673997754151      1.0025615189607764     25    
54377.75419187523    26.377127993013975    1.0078910649018888     25    
54378.25419187523    25.820877823755808    1.010723542012698      25    
54378.75419187523    25.2959975301156      1.0090708603801268     25    
54379.25419187523    24.804614981424283    1.0032947238371979     25    
54379.75419187523    24.34567018294344     0.9886977620661391     25    
54380.25419187523    23.919827011588907    0.9669394854554626     25    
54380.75419187523    23.535903945388416    0.9553521002895172     25    
54381.25419187523    23.192681258138563    0.9591290743728899     25    
54381.75419187523    22.895567911585697    0.9657350036868945     25    
54382.25419187523    22.652255320064985    0.9675358837917847     25    
54382.75419187523    22.457681027802145    0.9674591117574185     25    
54383.25419187523    22.30410102551619     0.9639859993312763     25    
54383.75419187523    22.19696289396428     0.9576953869104659     25    
54384.25419187523    22.110500269429952    0.9458834287525154     25    
54384.75419187523    22.03906638739221     0.9219061803389367     25    
54385.25419187523    21.97595623094428     0.895111792674386      25    
54385.75419187523    21.895495923609843    0.8853000769254181     25    
54386.25419187523    21.803362287936523    0.8901782136915694     25    
54386.75419187523    21.691511410001535    0.8923216649583511     25    
54387.25419187523    21.553710800135       0.8831379989253011     25    
54387.75419187523    21.401075197252062    0.8768994231387249     25    
54388.25419187523    21.24173258149576     0.8902190844357978     25    
54388.75419187523    21.074014273116145    0.9156366437946806     25    
54389.25419187523    20.912168549758523    0.9310322322310195     25    
54389.75419187523    20.756171963180826    0.9357594421040051     25    
54390.25419187523    20.60733882979914     0.9322286803314832     25    
54390.75419187523    20.470397678596477    0.9148690675479261     25    
54391.25419187523    20.341164271097032    0.8902677529062827     25    
54391.75419187523    20.21112073743996     0.8811372321417749     25    
54392.25419187523    20.082582533237847    0.8876446776529409     25    
54392.75419187523    19.946733381439675    0.8969620640836768     25    
54393.25419187523    19.800878119460485    0.9084458395288785     25    
54393.75419187523    19.64446791253397     0.9170940238873521     25    
54394.25419187523    19.472176415056943    0.9066389588192425     25    
54394.75419187523    19.28517199306221     0.8791217448183476     25    
54395.25419187523    19.084536322582252    0.8644409696817575     25    
54395.75419187523    18.870070694492284    0.8733600631796453     25    
54396.25419187523    18.642561426611348    0.8900019138419719     25    
54396.75419187523    18.402805063395647    0.9074921644945348     25    
54397.25419187523    18.150626082963434    0.9260914509204151     25    
54397.75419187523    17.887061589378856    0.926877064044354      25    
54398.25419187523    17.61199166392335     0.9126798929211184     25    
54398.75419187523    17.3258626373761      0.8719426705583188     25    
54399.25419187523    17.028920164055116    0.7692713534921501     25    
54399.75419187523    16.7212151382961      0.6212576600407155     25    
54400.25419187523    16.403132115368983    0.5348494937313748     25    
54400.75419187523    16.074217975143252    0.5348397995619474     25    
54401.25419187523    15.737407437605238    0.5420232187309201     25    
54401.75419187523    15.391704661700066    0.5238242475224741     25    
54402.25419187523    15.04079650103436     0.5060421683237906     25    
54402.75419187523    14.690252437036866    0.5029180117508255     25    
54403.25419187523    14.338577468535519    0.5113277973958216     25    
54403.75419187523    13.993650795290607    0.5237534865972353     25    
54404.25419187523    13.65539159963113     0.5438896866695949     25    
54404.75419187523    13.326444158034       0.5585204933011402     25    
54405.25419187523    13.010851286516127    0.5526988020459793     25    
54405.75419187523    12.707052750715489    0.5334919193339369     25    
54406.25419187523    12.414817131779401    0.51274131547573       25    
54406.75419187523    12.13433336196725     0.49087615706952586    25    
54407.25419187523    11.86481161552859     0.4630091167828954     25    
54407.75419187523    11.605975322009463    0.4194357607298557     25    
54408.25419187523    11.357712709188068    0.3682824770637694     25    
54408.75419187523    11.119251941200062    0.34172944928666354    25    
54409.25419187523    10.890797713906244    0.3433341921322784     25    
54409.75419187523    10.671591673757186    0.345716030347062      25    
54410.25419187523    10.461592915537707    0.33957318955098786    25    
54410.75419187523    10.260475710034633    0.33226519420966516    25    
54411.25419187523    10.067656464085767    0.3256639809741558     25    
54411.75419187523    9.883283914284185     0.319298933892771      25    
54412.25419187523    9.70655279317801      0.31573342380464314    25    
54412.75419187523    9.537570981068676     0.3157055334240785     25    
54413.25419187523    9.375823492529003     0.3178769675887324     25    
54413.75419187523    9.220899747301491     0.31610324302782977    25    
54414.25419187523    9.07283130921837      0.317103332203564      25    
54414.75419187523    8.930833049896016     0.34890407162511317    25    
54415.25419187523    8.7950897442602       0.4110417545600436     25    
54415.75419187523    8.664933533047313     0.4588281676380531     25    
54416.25419187523    8.540161634567898     0.4700740793493173     25    
54416.75419187523    8.420618868566612     0.47460491844329344    25    
54417.25419187523    8.30560981705486      0.5019858656759228     25    