58434.520444626265    10.640068703431464    10.640068703436164    25    
58435.020444626265    33.87523196009585     33.87523196009733     25    
58435.520444626265    64.79305865395807     64.79305865395884     25    
58436.020444626265    104.35147222344224    104.35147222344273    25    
58436.520444626265    153.3944799866624     153.3944799866627     25    
58437.020444626265    212.93583785137218    212.9358378513724     25    
58437.520444626265    283.7646211390225     258.55345712099705    25    
58438.020444626265    366.94861728136357    260.3584332774176     25    
58438.520444626265    463.2237705485177     261.6159950279532     25    
58439.020444626265    573.7100989508957     262.3033603319408     25    
58439.520444626265    699.0922166526258     262.50330250369933    25    
58440.020444626265    840.5405712974449     262.20247344571624    25    
58440.520444626265    998.690247888825      261.56272867862714    25    
58441.020444626265    1175.1598665421068    259.8051232094791     25    
58441.520444626265    1369.512431134618     259.4582386886796     25    
58442.020444626265    1584.454704838804     266.22112785361355    25    
58442.520444626265    1813.356971258604     274.64221015840485    25    
58443.020444626265    2048.744226766592     277.5198877567965     25    
58443.520444626265    2284.755170687444     278.23982020187526    25    
58444.020444626265    2508.4665020064235    279.5274602294444     25    
58444.520444626265    2716.7347862611496    280.4252009581633     25    
58445.020444626265    2894.939686573231     279.97956984122027    25    
58445.520444626265    3047.5059701452915    279.1903578275942     25    
58446.020444626265    3174.1874226988157    279.9250587803901     25    
58446.520444626265    3278.738667703031     281.5402476474033     25    
58447.020444626265    3368.717230736206     284.085406729998      25    
58447.520444626265    3445.4349080410598    286.5336423990277     25    
58448.020444626265    3517.201266004339     290.976706078443      25    
58448.520444626265    3582.122443506873     288.1961748872867     25    
58449.020444626265    3640.973953930177     237.91659139715225    25    
58449.520444626265    3692.1559931808224    142.97603408052848    25    
58450.020444626265    3731.942947014713     105.88867784566223    25    
58450.520444626265    3759.943232473147     126.81007068854747    25    
58451.020444626265    3772.055954649293     128.56419017586956    25    
58451.520444626265    3769.43505913403      127.2520321440427     25    
58452.020444626265    3752.6664336665485    125.36212354128268    25    
58452.520444626265    3722.729284532696     123.46019881682189    25    
58453.020444626265    3683.3028759704002    125.22530115456829    25    
58453.520444626265    3634.650057231817     128.83067813207674    25    
58454.020444626265    3580.7008985060843    129.1103250391011     25    
58454.520444626265    3520.8252376284927    127.47822785163919    25    
58455.020444626265    3455.4757664384892    126.39488901762961    25    
58455.520444626265    3384.120708656493     125.8300288412368     25    
58456.020444626265    3304.662073101395     128.0227250557836     25    
58456.520444626265    3217.0703226424125    131.78819802708304    25    
58457.020444626265    3118.9210664320026    132.56667065455667    25    
58457.520444626265    3011.1646135092765    131.2108135077386     25    
58458.020444626265    2896.9167068074885    128.63827855980853    25    
58458.520444626265    2776.954653645054     125.22719281678424    25    
58459.020444626265    2658.8385654472613    125.63140514008543    25    
58459.520444626265    2542.683897912742     128.7531932065799     25    
58460.020444626265    2436.3515254350177    128.58522099485933    25    
58460.520444626265    2339.229590771002     126.58447131952025    25    
58461.020444626265    2253.3583407764822    133.08708207037202    25    
58461.520444626265    2178.2510782800223    145.3951327438417     25    
58462.020444626265    2110.840755068674     151.47497319802125    25    
58462.520444626265    2051.114289581718     153.02337955737244    25    
58463.020444626265    1996.1076332719517    154.02451472284307    25    
58463.520444626265    1945.8521520162358    154.27108933039221    25    
58464.020444626265    1897.7041910550902    153.0347885364803     25    
58464.520444626265    1851.696533354214     150.42031573875582    25    
58465.020444626265    1805.4792472381998    150.5360784852366     25    
58465.520444626265    1759.0782659796712    153.20243406442887    25    
58466.020444626265    1710.0062418608147    154.88730706058192    25    
58466.520444626265    1658.3164221341126    155.6729235763162     25    
58467.020444626265    1604.0915561137401    155.65304059161275    25    
58467.520444626265    1547.3159391065417    154.84393473493762    25    
58468.020444626265    1490.8379613726077    147.49883069379172    25    
58468.520444626265    1434.627513906047     132.04089380312413    25    
58469.020444626265    1381.5498710259178    124.23890315734161    25    
58469.520444626265    1331.6732905861202    126.47450899034064    25    
58470.020444626265    1285.261384212963     126.2474907155852     25    
58470.520444626265    1242.4689065592934    122.81575984946154    25    
58471.020444626265    1200.4821377710234    122.2562228611884     25    
58471.520444626265    1159.3186864663448    125.11638581774605    25    
58472.020444626265    1116.200486546967     127.36031824143697    25    
58472.520444626265    1070.9434946319388    128.9247749926334     25    
58473.020444626265    1023.0936669189514    128.30704741412993    25    
58473.520444626265    972.3644200477381     125.7908432489091     25    
58474.020444626265    921.3289002563197     113.75995328942129    25    
58474.520444626265    869.9952808661055     84.35730500265404     25    
58475.020444626265    820.8421389399817     62.02637839334039     25    
58475.520444626265    774.0725836991589     64.60567089144571     25    
58476.020444626265    730.8202537589875     65.52048702526938     25    
58476.520444626265    691.3742971974624     60.42891543119616     25    
58477.020444626265    654.9544205917916     57.81448141008009     25    
58477.520444626265    621.5618256075575     59.332368398555786    25    
58478.020444626265    590.4965438449397     61.65690365456854     25    
58478.520444626265    561.6756418239991     64.7658774583849      25    
58479.020444626265    534.7472528641866     65.32234663876247     25    
58479.520444626265    509.59904946752005    62.22479180452599     25    
58480.020444626265    486.4023973562558     58.4635576900615      25    
58480.520444626265    465.15572433361046    54.193103792927865    25    
58481.020444626265    446.0064134714787     51.82601528781315     25    
58481.520444626265    428.98518143923695    53.11067723270741     25    
58482.020444626265    414.1335199128383     53.08935869019476     25    
58482.520444626265    401.4928745991587     49.84604606129676     25    
58483.020444626265    390.93049607333637    47.44544417227561     25    
58483.520444626265    382.4374890323276     47.26839060780715     25    
58484.020444626265    375.8949198247052     48.245289792919586    25    
58484.520444626265    371.3208343067081     50.76782913245372     25    
58485.020444626265    368.4389100998571     51.7660529594863      25    
58485.520444626265    367.28399284362297    49.826135120982705    25    
58486.020444626265    367.25786313247283    47.313157277705045    25    
58486.520444626265    368.2654531485993     44.69731092647302     25    
58487.020444626265    369.737190140031      42.858808403454645    25    
58487.520444626265    371.5070896329853     42.66089989036567     25    
58488.020444626265    373.1916895473479     43.037304878915194    25    
58488.520444626265    374.5865824388046     43.86258485221849     25    
58489.020444626265    375.6859689920471     44.2151657298717      25    
58489.520444626265    376.4499481552329     43.46787325732285     25    
58490.020444626265    376.8514485779929     42.26729603627395     25    
58490.520444626265    376.8776488286259     40.67233688536842     25    
58491.020444626265    376.49037190071346    39.12285236823306     25    
58491.520444626265    375.67560341548136    37.9335264755064      25    
58492.020444626265    374.3963846973343     37.138854649662534    25    
58492.520444626265    372.63745765292515    37.51743254321762     25    
58493.020444626265    370.3631327049813     36.65627800690383     25    
58493.520444626265    367.556857278083      31.352826296480686    25    
58494.020444626265    364.18426166077995    26.151387927179503    25    
58494.520444626265    360.22744802807995    25.78821566136879     25    
58495.020444626265    355.6534173018566     28.823763887962986    25    