54749.942711464806    40.47690504229065     11.25604940337966     25    
54750.442711464806    49.33075903587582     10.234784388839214    25    
54750.942711464806    59.181624802215275    11.060290737746206    25    
54751.442711464806    70.07292584873248     17.467188011768645    25    
54751.942711464806    82.01770060751137     23.178728341628172    25    
54752.442711464806    95.07195496673992     24.61419769690696     25    
54752.942711464806    109.23823310326117    24.14353646640798     25    
54753.442711464806    124.58094703497987    24.087155608024407    25    
54753.942711464806    141.09632293454652    24.134220571479062    25    
54754.442711464806    158.85300269853437    24.16543768071908     25    
54754.942711464806    177.845070746449      24.181833977873815    25    
54755.442711464806    198.14122260248558    24.184206085751736    25    
54755.942711464806    219.73757718405116    24.17176434443587     25    
54756.442711464806    242.70380170187252    24.170312400347584    25    
54756.942711464806    267.08537568252035    24.29590583297897     25    
54757.442711464806    292.7633032017329     24.054990772139252    25    
54757.942711464806    320.0558865600355     22.917860318747767    25    
54758.442711464806    347.8079626711862     21.863791502593024    25    
54758.942711464806    375.60895958925767    21.834557722125414    25    
54759.442711464806    402.5439048375287     22.151481992165106    25    
54759.942711464806    427.36593820252307    22.305787359462617    25    
54760.442711464806    449.81930290889386    22.441574825422187    25    
54760.942711464806    468.2137342820086     22.508810091152466    25    
54761.442711464806    483.0171555896319     22.53350975584807     25    
54761.942711464806    494.4185654722375     22.58735443931823     25    
54762.442711464806    502.50006256434807    22.658477994861837    25    
54762.942711464806    508.5128667513496     22.750765457141984    25    
54763.442711464806    512.3583746135045     22.86677509930034     25    
54763.942711464806    515.1724543290469     22.982581640696804    25    
54764.442711464806    517.0452250840095     23.279958333649773    25    
54764.942711464806    517.9347731807055     22.304553002163896    25    
54765.442711464806    517.9668692292739     18.736459055297477    25    
54765.942711464806    516.6756145895149     15.423499775189432    25    
54766.442711464806    513.963879974705      15.198447337322404    25    
54766.942711464806    509.59153323368014    15.741968754758       25    
54767.442711464806    503.23235463699916    15.684971277870194    25    
54767.942711464806    495.1679541934393     15.586830878014299    25    
54768.442711464806    485.4769729984304     15.459689995755209    25    
54768.942711464806    474.3983004176262     15.329869059473067    25    
54769.442711464806    462.47489588900197    15.292524602610841    25    
54769.942711464806    449.7273600063375     15.301633090153695    25    
54770.442711464806    436.8041258603564     15.322311391267323    25    
54770.942711464806    423.6258154558905     15.306314767665453    25    
54771.442711464806    410.40807540801836    14.428536552370103    25    
54771.942711464806    397.1424855793665     12.489740274571174    25    
54772.442711464806    383.73213471436094    11.268691580116789    25    
54772.942711464806    370.18042509928756    11.31511006877671     25    
54773.442711464806    356.4219163770856     11.403036058398186    25    
54773.942711464806    342.4195778101006     11.288036102335369    25    
54774.442711464806    328.27201781232105    11.136802231451496    25    
54774.942711464806    313.9637044511993     10.921305177549156    25    
54775.442711464806    299.65152211160637    10.729491241178572    25    
54775.942711464806    285.4137939046796     10.654852554285359    25    
54776.442711464806    271.336036134972      10.613789627042216    25    
54776.942711464806    257.55560328368415    10.65926280769629     25    
54777.442711464806    244.08741492736897    10.547631914115009    25    
54777.942711464806    231.0578459734242     9.44205421032893      25    
54778.442711464806    218.46034579963873    7.570534467428628     25    
54778.942711464806    206.38767878714094    6.727927373844593     25    
54779.442711464806    194.83414734873898    6.885435980024691     25    
54779.942711464806    183.9023759363419     6.913381773832515     25    
54780.442711464806    173.5872735512839     6.864481645671389     25    
54780.942711464806    163.8844550938086     6.778708794592555     25    
54781.442711464806    154.80725027701465    6.637642054074556     25    
54781.942711464806    146.2576216136879     6.547220059471381     25    
54782.442711464806    138.23369347016458    6.548426158085616     25    
54782.942711464806    130.65765255453024    6.555892245171627     25    
54783.442711464806    123.500978697067      6.5487176237424105    25    
54783.942711464806    116.74389318823887    6.509817398582466     25    
54784.442711464806    110.35598658304052    6.510276785843249     25    
54784.942711464806    104.35166408110659    6.308742499466374     25    
54785.442711464806    98.73305446531543     5.3043497074323485    25    
54785.942711464806    93.50159579396491     3.756726246605743     25    
54786.442711464806    88.66800771262811     3.178706996256448     25    
54786.942711464806    84.22219909276824     3.405835762211695     25    
54787.442711464806    80.1409298919152      3.39509436958085      25    
54787.942711464806    76.4206438676955      3.311803072592177     25    
54788.442711464806    72.98675167005104     3.2909144643187127    25    
54788.942711464806    69.8455496364216      3.3309406248639575    25    
54789.442711464806    66.92051235865817     3.3572087952687744    25    
54789.942711464806    64.2129016217176      3.3687522197439193    25    
54790.442711464806    61.67617236975272     3.3425053003864225    25    
54790.942711464806    59.30214186494345     3.253077993449981     25    
54791.442711464806    57.079419093579034    3.1831311878411337    25    
54791.942711464806    55.00410849605976     3.1782219620132772    25    
54792.442711464806    53.06474955949168     3.192796659791666     25    
54792.942711464806    51.256354055030435    3.220689621497358     25    
54793.442711464806    49.56653012428736     3.2309594806658493    25    
54793.942711464806    47.98259629974807     3.1575731638462132    25    
54794.442711464806    46.49450475800698     3.053017474332935     25    
54794.942711464806    45.07484818847168     3.0045893684181824    25    
54795.442711464806    43.721658383385964    2.9893861674945468    25    
54795.942711464806    42.39881386475281     2.9961297706998087    25    
54796.442711464806    41.11123101743064     3.0214792999823583    25    
54796.942711464806    39.84773719961137     3.025404283507371     25    
54797.442711464806    38.607930217670045    3.013932852132883     25    
54797.942711464806    37.43235224727882     2.8193642368821417    25    
54798.442711464806    36.31809595584992     2.3241654551574036    25    
54798.942711464806    35.30535197380385     1.9510476779052985    25    
54799.442711464806    34.401852805336546    1.981581182165194     25    
54799.942711464806    33.611009392921325    2.044977564688383     25    
54800.442711464806    32.95000459049338     1.9991501231647133    25    
54800.942711464806    32.37405425435301     1.952553931502621     25    
54801.442711464806    31.86701886653364     1.9413350409678047    25    
54801.942711464806    31.403092267466132    1.9469751575671432    25    
54802.442711464806    30.944161513284342    1.9716761258453355    25    
54802.942711464806    30.489490053183545    1.9977487660600555    25    
54803.442711464806    30.004899579701494    1.9796110249995584    25    
54803.942711464806    29.503213768154477    1.9380188216699845    25    
54804.442711464806    29.00035352617749     1.9144833974545137    25    
54804.942711464806    28.496349930296958    1.9051750232055589    25    
54805.442711464806    28.015401088752437    1.9363741446129046    25    
54805.942711464806    27.55569705347213     2.0061014546156866    25    
54806.442711464806    27.132963394173654    2.0512138176064605    25    
54806.942711464806    26.748916030757584    2.0694453862084345    25    
54807.442711464806    26.397176842111563    2.0680873761974876    25    
54807.942711464806    26.07831396194382     2.0437034419098756    25    
54808.442711464806    25.785918225910315    2.0117009312957728    25    
54808.942711464806    25.518878781060437    1.9755847941163038    25    
54809.442711464806    25.272484053260932    1.9419222866630175    25    
54809.942711464806    25.04419725086515     1.9185961982117459    25    
54810.442711464806    24.830874691125434    1.9020719854972319    25    
54810.942711464806    24.628341693602263    1.898170045919231     25    
54811.442711464806    24.435023965720692    1.8927708462928876    25    
54811.942711464806    24.245384431516303    1.8417979866060026    25    
54812.442711464806    24.059000742629063    1.774635115059258     25    
54812.942711464806    23.869397786851568    1.7707359921131927    25    
54813.442711464806    23.676877344094954    1.8271321540130492    25    
54813.942711464806    23.47445408185259     1.9970846295741644    25    