58174.65811884332    231.94188295160802    159.0430025697712     25    
58175.15811884332    324.7614584493904     140.98224773042193    25    
58175.65811884332    438.7498095949931     167.58984571935838    25    
58176.15811884332    576.2273543445992     292.63407564766544    25    
58176.65811884332    739.0427702544835     382.6712379557446     25    
58177.15811884332    929.7439972580571     396.69170640848347    25    
58177.65811884332    1149.9588695125135    388.6956296452776     25    
58178.15811884332    1402.4494917722004    389.71119741855506    25    
58178.65811884332    1688.6362119515175    390.247029939785      25    
58179.15811884332    2011.48194246946      389.95781174909985    25    
58179.65811884332    2372.2129021539267    388.92159853281044    25    
58180.15811884332    2773.9794539322725    387.035269214417      25    
58180.65811884332    3217.8270447021764    384.567112195975      25    
58181.15811884332    3708.0580222489416    380.9603698379833     25    
58181.65811884332    4243.385711790423     378.5060815025919     25    
58182.15811884332    4829.760865359323     384.0545337539096     25    
58182.65811884332    5453.82752035543      393.1867570363862     25    
58183.15811884332    6090.012408517288     398.13482627082686    25    
58183.65811884332    6728.949338018132     401.234133205199      25    
58184.15811884332    7329.046773798677     404.55617891821936    25    
58184.65811884332    7887.24001966446      407.32708466138087    25    
58185.15811884332    8359.679060104065     407.4308225709384     25    
58185.65811884332    8755.594158185499     406.20728724311056    25    
58186.15811884332    9076.298580604032     408.2194215406254     25    
58186.65811884332    9326.993835794266     412.42933920436496    25    
58187.15811884332    9531.679964817258     418.28705464900423    25    
58187.65811884332    9690.758205078955     424.7644035931823     25    
58188.15811884332    9828.256616860383     429.63469975582944    25    
58188.65811884332    9941.047347651562     429.01202513816725    25    
58189.15811884332    10029.737455590384    376.94157887030366    25    
58189.65811884332    10092.880965693841    263.2185858214454     25    
58190.15811884332    10118.510446813752    205.24870477013116    25    
58190.65811884332    10106.813231322552    227.6691728590553     25    
58191.15811884332    10046.30672255647     233.8520052197933     25    
58191.65811884332    9937.941603214365     230.4141481870896     25    
58192.15811884332    9786.610409550687     226.0722108058391     25    
58192.65811884332    9592.420349468879     220.77091033431054    25    
58193.15811884332    9369.610825999542     221.85116956482963    25    
58193.65811884332    9117.910458721286     229.26837263016037    25    
58194.15811884332    8850.892570025557     230.80698739877778    25    
58194.65811884332    8568.52127703825      226.06673905362288    25    
58195.15811884332    8278.17242103251      226.0125587047018     25    
58195.65811884332    7979.98137126623      231.28905224556723    25    
58196.15811884332    7677.526703792564     237.84311447424597    25    
58196.65811884332    7370.795340633428     245.87583101590113    25    
58197.15811884332    7063.631171444127     248.98424823021276    25    
58197.65811884332    6756.201859471093     246.34509538197347    25    
58198.15811884332    6450.875177828326     241.17286064505453    25    
58198.65811884332    6147.833456763247     232.58868183074264    25    
58199.15811884332    5848.456118075173     229.73719531033439    25    
58199.65811884332    5552.794229450216     235.9640775726909     25    
58200.15811884332    5262.324665980805     239.13945709139105    25    
58200.65811884332    4977.003346384844     236.29172661021593    25    
58201.15811884332    4699.044252068639     234.1480641099866     25    
58201.65811884332    4428.5044947256365    233.9537144812585     25    
58202.15811884332    4168.088797675158     235.71602881079713    25    
58202.65811884332    3918.1166052510057    240.4596042901939     25    
58203.15811884332    3681.064009521442     243.74397221350495    25    
58203.65811884332    3457.840139109948     244.33134958073268    25    
58204.15811884332    3248.443394426603     242.20462708162447    25    
58204.65811884332    3053.4841633421884    235.1368500587934     25    
58205.15811884332    2871.1341026246073    231.1205300230533     25    
58205.65811884332    2701.0615230063186    235.59251421536905    25    
58206.15811884332    2541.8669274868093    240.20285063288185    25    
58206.65811884332    2392.9537009145856    242.09920060859304    25    
58207.15811884332    2253.6255958557804    241.3377792543794     25    
58207.65811884332    2123.3819723409933    237.59766607188124    25    
58208.15811884332    2002.0695643351507    229.13001613096935    25    
58208.65811884332    1889.5386517943205    210.09600028607852    25    
58209.15811884332    1785.5190021861054    192.77051617133472    25    
58209.65811884332    1689.983220525486     192.3234985753059     25    
58210.15811884332    1602.260230210271     194.35158298762389    25    
58210.65811884332    1522.110765132579     187.39856320264974    25    
58211.15811884332    1448.5637969747524    181.12515449395258    25    
58211.65811884332    1380.895575830721     183.60884575733564    25    
58212.15811884332    1318.3498610788226    188.25571276494028    25    
58212.65811884332    1259.966682229108     191.47931795406535    25    
58213.15811884332    1205.4577218766565    192.2435611507174     25    
58213.65811884332    1154.0632154667935    188.13715573769247    25    
58214.15811884332    1105.8718740287097    178.008344439725      25    
58214.65811884332    1060.7005187350314    152.75254542953078    25    
58215.15811884332    1018.4889420722398    121.41432758964719    25    
58215.65811884332    979.089322478018      115.51949795890513    25    
58216.15811884332    942.4305200571988     120.25607891758658    25    
58216.65811884332    908.3460417171183     112.67767383582995    25    
58217.15811884332    876.7678256561543     102.15208935333176    25    
58217.65811884332    847.4992002144592     99.40214840572335     25    
58218.15811884332    820.4877010446088     101.1173738732232     25    
58218.65811884332    795.4954619545933     105.18048361257097    25    
58219.15811884332    772.5467954813284     109.60414435812218    25    
58219.65811884332    751.5157434884192     107.81661095339207    25    
58220.15811884332    732.4911790737422     102.0606932886004     25    
58220.65811884332    715.633608010477      93.94333515058291     25    
58221.15811884332    700.9698365002307     84.44371991273817     25    
58221.65811884332    688.7590361267214     83.30589185296621     25    
58222.15811884332    678.8913902959993     86.99381680745122     25    
58222.65811884332    671.2660441250192     84.51238979170378     25    
58223.15811884332    665.6652672980961     78.60448135644467     25    
58223.65811884332    661.056006635482      76.45089773928628     25    
58224.15811884332    657.3802943719875     77.1373549987526      25    
58224.65811884332    653.4456265762776     79.9876092277455      25    
58225.15811884332    649.3090647672166     84.11582367184462     25    
58225.65811884332    644.193238809127      83.46654297647427     25    
58226.15811884332    638.2260271963951     79.07333098591093     25    
58226.65811884332    631.7899940754082     75.43288391934986     25    
58227.15811884332    624.8952573160739     72.41376171357768     25    
58227.65811884332    618.0369893753808     72.5184370827347      25    
58228.15811884332    611.200506482435      75.43668823868208     25    
58228.65811884332    604.7409668890026     77.75786242858742     25    
58229.15811884332    598.6438396951341     79.60988165032404     25    
58229.65811884332    592.8727074805884     79.30260140375721     25    
58230.15811884332    587.4281783175071     76.82336788249675     25    
58230.65811884332    582.2427334240748     73.49644092018943     25    
58231.15811884332    577.317575505324      69.17126031023241     25    
58231.65811884332    572.5900457338291     65.26506808866176     25    
58232.15811884332    568.0610783243064     61.912959469073144    25    
58232.65811884332    563.6683789072861     59.71454331987        25    
58233.15811884332    559.4124212718907     59.14006759115868     25    
58233.65811884332    555.231467441878      55.84323494094145     25    
58234.15811884332    551.1253388455082     47.895406137435025    25    
58234.65811884332    547.0330458350409     43.79916255241799     25    
58235.15811884332    542.9535655425947     45.39694786496709     25    
58235.65811884332    538.826848584207      53.98669681103361     25    