#Date  :
#Flux  :
#Fluxerr  :
#ZP  :
#end  :
@INSTRUMENT  CNIa02
@BAND  Bessell12_V
@MAGSYS  Linear_AB11_off
57617.47220000019  180.96725547887894  15.00093017216154  25.0
57640.28759999992  90.19864220737466  10.7998825455709  25.0
57645.25760000013  71.31813866797395  20.165734986947772  25.0
57582.624280000106  0.0  3280.9529311311903  25.0
57583.61922999984  0.0  1018.5913880541169  25.0
57589.60283999983  0.0  1458.814260275349  25.0
57596.60462999996  0.0  887.1560120379618  25.0
57601.58767999988  0.0  630.9573444801937  25.0
57603.59406000003  580.7644175213123  112.32979718645014  25.0
57606.57786000008  0.0  515.2286445817572  25.0
57610.54526000004  0.0  469.8941086052156  25.0
57617.52659999998  0.0  1513.5612484362073  25.0
57619.56328999996  0.0  1367.7288255958495  25.0
57627.56221000012  0.0  510.50499997540646  25.0
57636.53716999991  0.0  409.26065973001135  25.0
57639.489620000124  0.0  510.50499997540646  25.0
57650.53541000001  0.0  1753.8805018417602  25.0
57653.55979999993  0.0  879.0225168308842  25.0
57657.55712000001  0.0  847.2274141405971  25.0
57658.53022000007  0.0  469.8941086052156  25.0
57667.51305000018  0.0  461.31757456037957  25.0
57669.447780000046  0.0  619.4410750767818  25.0
57672.3779699998  0.0  1047.1285480509007  25.0
57674.486820000224  0.0  928.9663867799381  25.0
57676.46254999982  0.0  3076.0968147407048  25.0
57678.54489000002  0.0  1406.0475241299157  25.0
57681.411350000184  0.0  1106.6237839776663  25.0
57685.54157999996  0.0  691.8309709189376  25.0
57687.46892999997  0.0  465.5860935229601  25.0
57690.47551999986  0.0  444.6312674691093  25.0
57695.51545999991  0.0  544.5026528424214  25.0
57698.33183000004  0.0  575.4399373371566  25.0
57700.44234000007  0.0  642.6877173170194  25.0
57703.30042000022  0.0  1148.1536214968817  25.0
