57796.107940396854    30.41721879806368     11.577528821274713    25    
57796.607940396854    36.63843554839711     11.22735189388596     25    
57797.107940396854    43.45932844899504     11.615988310195506    25    
57797.607940396854    50.88770891326691     14.707618846361218    25    
57798.107940396854    58.92529183339663     17.972436411879936    25    
57798.607940396854    67.5823084193217      18.943368432750464    25    
57799.107940396854    76.85855653796561     18.733438529878622    25    
57799.607940396854    86.76568165325838     18.71635697677332     25    
57800.107940396854    97.30257014939889     18.77146263749102     25    
57800.607940396854    108.48127620177418    18.803533596511656    25    
57801.107940396854    120.30078025439379    18.812906290620095    25    
57801.607940396854    132.7725396515661     18.800287071298936    25    
57802.107940396854    145.89663443964704    18.762331528252496    25    
57802.607940396854    159.6837919635204     18.717203414374904    25    
57803.107940396854    174.17248458013563    18.705304632544735    25    
57803.607940396854    189.25959990005725    18.626045686989467    25    
57804.107940396854    205.12010637433815    18.30895808120568     25    
57804.607940396854    221.16783615652776    17.990161554711527    25    
57805.107940396854    236.76428238309896    18.04252803960374     25    
57805.607940396854    251.6599727833341     18.28042471536526     25    
57806.107940396854    264.5751178050035     18.445113587212592    25    
57806.607940396854    275.59916026053804    18.575859607358247    25    
57807.107940396854    283.39699857232057    18.60476278341575     25    
57807.607940396854    288.05499547949853    18.532760911917528    25    
57808.107940396854    290.28935489449043    18.51867523029544     25    
57808.607940396854    289.92502763152817    18.574314049430697    25    
57809.107940396854    288.4427633757569     18.67515012632606     25    
57809.607940396854    285.91979304630576    18.85844057362595     25    
57810.107940396854    283.39406143536735    18.964590530806976    25    
57810.607940396854    281.4726994788478     19.074422921525972    25    
57811.107940396854    280.01771022690093    18.75703032034503     25    
57811.607940396854    279.2809536141004     17.110497083846937    25    
57812.107940396854    278.993517943008      15.01819389763292     25    
57812.607940396854    278.8773699146017     14.551632470711509    25    
57813.107940396854    278.90433817199494    15.00018262585662     25    
57813.607940396854    278.7254434993841     15.07055601724459     25    
57814.107940396854    278.36658160969694    14.986235288536788    25    
57814.607940396854    277.4915551291682     14.871421563525288    25    
57815.107940396854    276.13300119592304    14.715376946522124    25    
57815.607940396854    273.97825633025246    14.676246931684293    25    
57816.107940396854    271.0397035588881     14.8048297138078      25    
57816.607940396854    267.06111096528895    14.874532033748592    25    
57817.107940396854    261.90832503641525    14.905170809472777    25    
57817.607940396854    255.80998672361363    14.630265330067768    25    
57818.107940396854    248.73207156309587    13.588055347682962    25    
57818.607940396854    241.00218412357194    12.484177514515848    25    
57819.107940396854    232.8907732499373     12.320797101908417    25    
57819.607940396854    224.51423891588252    12.53321237960866     25    
57820.107940396854    216.28466414872344    12.487633145771355    25    
57820.607940396854    208.17551499562313    12.353119287202187    25    
57821.107940396854    200.50382807879615    12.159970869134892    25    
57821.607940396854    193.23548337516024    11.91459744930896     25    
57822.107940396854    186.56751613403762    11.830363256686784    25    
57822.607940396854    180.48084787862922    11.918874076828985    25    
57823.107940396854    175.16930248775546    11.963775730609852    25    
57823.607940396854    170.65833104647493    11.980529799286048    25    
57824.107940396854    166.93654677280156    11.751062611536726    25    
57824.607940396854    164.04386797435112    10.992644386801116    25    
57825.107940396854    161.85570126545517    10.347174721761784    25    
57825.607940396854    160.3312385655636     10.427604394720003    25    
57826.107940396854    159.40512395495176    10.701007657141597    25    
57826.607940396854    159.00167302439723    10.76002444237479     25    
57827.107940396854    159.07987384568398    10.744309351753918    25    
57827.607940396854    159.50776454373988    10.622706205674161    25    
57828.107940396854    160.2759152303986     10.443234756831597    25    
57828.607940396854    161.19716911234633    10.45948998530284     25    
57829.107940396854    162.2876940269021     10.631809097127547    25    
57829.607940396854    163.34576470564795    10.738194690638405    25    
57830.107940396854    164.3793750995849     10.781309830143085    25    
57830.607940396854    165.30957609354707    10.763363939907194    25    
57831.107940396854    166.1153115511804     10.669566756708319    25    
57831.607940396854    166.83358070282205    10.558526311589157    25    
57832.107940396854    167.46638633326975    10.435497893108625    25    
57832.607940396854    168.0317025260257     10.34452536215203     25    
57833.107940396854    168.55488765078132    10.364909551104228    25    
57833.607940396854    169.00649146697512    10.385668566582863    25    
57834.107940396854    169.38011332818576    10.23353061948509     25    
57834.607940396854    169.63989142119087    10.044458975625021    25    
57835.107940396854    169.69641352882763    10.10048535226827     25    
57835.607940396854    169.5500481100497     10.303613419381541    25    
57836.107940396854    169.08928235307374    10.424319748218858    25    
57836.607940396854    168.32533858961503    10.486885995714516    25    
57837.107940396854    167.20314266569184    10.401943900381644    25    
57837.607940396854    165.71841449398687    10.100247944809974    25    
57838.107940396854    163.89847132470823    10.180390431176068    25    
57838.607940396854    161.7420913890901     10.88995676585131     25    
57839.107940396854    159.2707721607281     11.435469494666226    25    
57839.607940396854    156.48545052708954    11.535199613206952    25    
57840.107940396854    153.41162117185792    11.459695778438402    25    
57840.607940396854    150.0602533728509     11.238491574230064    25    
57841.107940396854    146.4553299721311     10.986356925119097    25    
57841.607940396854    142.63364503795555    10.963847874419093    25    
57842.107940396854    138.60246093316786    11.056999954703121    25    
57842.607940396854    134.40502187101046    11.163763461891866    25    
57843.107940396854    130.0464495391692     11.276541422867316    25    
57843.607940396854    125.61544444368964    11.257279771549456    25    
57844.107940396854    121.10236207717365    11.125496777910056    25    
57844.607940396854    116.6749768538016     10.065470574142804    25    
57845.107940396854    112.31978930282084    7.288875119569496     25    
57845.607940396854    108.19811875745037    4.632286930913746     25    
57846.107940396854    104.3353731421267     4.538296869252479     25    
57846.607940396854    100.77825419020083    4.935478648463601     25    
57847.107940396854    97.58941936140229     4.779482457365513     25    
57847.607940396854    94.67700151917677     4.619586557188852     25    
57848.107940396854    92.00185686633473     4.5248838219870615    25    
57848.607940396854    89.52539242125351     4.478322662096127     25    
57849.107940396854    87.1602426086709      4.515744428768039     25    
57849.607940396854    84.90928799973483     4.590794707466086     25    
57850.107940396854    82.69429189464684     4.562119533837307     25    
57850.607940396854    80.52943325514622     4.4621762003466765    25    
57851.107940396854    78.41811151904946     4.381629387577671     25    
57851.607940396854    76.35990742900604     4.31487336543184      25    
57852.107940396854    74.36633285901864     4.303051608466179     25    
57852.607940396854    72.43721515608853     4.361281977089881     25    
57853.107940396854    70.57912226644437     4.4135074955863445    25    
57853.607940396854    68.79428660164875     4.447357671799438     25    
57854.107940396854    67.081303852962       4.449870522412765     25    
57854.607940396854    65.4404678804573      4.397672683501491     25    
57855.107940396854    63.87093965753397     4.32195978722034      25    
57855.607940396854    62.372140896917955    4.241888715387476     25    
57856.107940396854    60.943789650246124    4.162421128652206     25    
57856.607940396854    59.585043924979686    4.111723147675243     25    
57857.107940396854    58.29584502417577     4.08276705230557      25    
57857.607940396854    57.07517402549931     4.076456543482408     25    
57858.107940396854    55.92310284017937     4.090416926257615     25    
57858.607940396854    54.83852825933362     4.088894787137098     25    
57859.107940396854    53.821560159113965    4.070218873146487     25    
57859.607940396854    52.871103687339364    4.077573753028328     25    
57860.107940396854    51.987214041836154    4.088796417379707     25    
57860.607940396854    51.168897370373266    4.2459086694183       25    