#Date  :
#Flux  :
#Fluxerr  :
#ZP  :
#end  :
@INSTRUMENT  PS
@BAND  PS_g
@MAGSYS  AB
55074.6015625  -2.8929998874664307  9.161999702453613  27.5002
55086.6015625  27.312999725341797  18.187999725341797  27.5002
55089.6015625  2.875999927520752  4.920000076293945  27.5002
55095.5  8.458999633789062  8.425999641418457  27.5002
55098.5  14.593999862670898  11.232000350952148  27.5002
55101.6015625  -5.313000202178955  7.519000053405762  27.5002
55104.6015625  0.8109999895095825  6.520999908447266  27.5002
55161.30078125  -13.354999542236328  17.913000106811523  27.5002
55170.30078125  0.5820000171661377  14.630999565124512  27.5002
55173.3984375  -3.510999917984009  6.065000057220459  27.5002
55176.3984375  -9.281999588012695  8.302000045776367  27.5002
55179.3984375  -5.75600004196167  5.002999782562256  27.5002
55188.30078125  -1.8329999446868896  11.970999717712402  27.5002
55191.19921875  2.7760000228881836  10.230999946594238  27.5002
55203.19921875  2.6070001125335693  4.021999835968018  27.5002
55206.30078125  -12.354999542236328  5.086999893188477  27.5002
55215.19921875  -0.6489999890327454  5.676000118255615  27.5002
55413.6015625  -21.3439998626709  11.567000389099121  27.5002
55416.6015625  0.49000000953674316  6.0  27.5002
55422.6015625  5.078999996185303  10.6850004196167  27.5002
55425.6015625  -1.7389999628067017  6.677999973297119  27.5002
55428.6015625  -3.257999897003174  5.968999862670898  27.5002
55446.6015625  7.164000034332275  6.298999786376953  27.5002
55449.6015625  6.831999778747559  9.836999893188477  27.5002
55452.6015625  6.577000141143799  8.187999725341797  27.5002
55455.6015625  0.029999999329447746  5.519999980926514  27.5002
55458.6015625  0.3179999887943268  9.8100004196167  27.5002
55467.6015625  -10.14900016784668  20.594999313354492  27.5002
55476.6015625  2.3940000534057617  7.7729997634887695  27.5002
55479.6015625  -12.199000358581543  17.191999435424805  27.5002
55482.6015625  -4.491000175476074  6.548999786376953  27.5002
55485.6015625  23.302000045776367  12.697999954223633  27.5002
55500.5  -7.567999839782715  7.7230000495910645  27.5002
55503.3984375  -5.980000019073486  6.635000228881836  27.5002
55509.5  9.420999526977539  8.567000389099121  27.5002
55524.5  1.4950000047683716  38.35300064086914  27.5002
55530.3984375  -11.873000144958496  32.696998596191406  27.5002
55587.30078125  8.937999725341797  10.031000137329102  27.5002
55590.30078125  17.961000442504883  7.177999973297119  27.5002
55593.30078125  6.13100004196167  8.116999626159668  27.5002
55596.30078125  -13.767000198364258  8.598999977111816  27.5002
55809.6015625  -8.78499984741211  7.784999847412109  27.5002
55812.5  1.7910000085830688  15.307000160217285  27.5002
55824.6015625  16.913000106811523  10.46399974822998  27.5002
55828.5  3.0490000247955322  5.456999778747559  27.5002
55833.5  -0.8460000157356262  6.047999858856201  27.5002
55836.5  7.107999801635742  17.50200080871582  27.5002
55839.5  -4.2820000648498535  10.072999954223633  27.5002
55852.6015625  5.294000148773193  13.20300006866455  27.5002
55855.5  -9.786999702453613  6.6620001792907715  27.5002
55858.3984375  3.127000093460083  5.294000148773193  27.5002
55860.5  3.9260001182556152  7.789999961853027  27.5002
55863.5  -6.211999893188477  8.305000305175781  27.5002
55889.30078125  -8.710000038146973  6.5279998779296875  27.5002
55895.30078125  3.3310000896453857  7.0229997634887695  27.5002
55911.30078125  -5.770999908447266  7.317999839782715  27.5002
55941.30078125  45.86600112915039  38.279998779296875  27.5002
56155.6015625  4.9070000648498535  7.765999794006348  27.5002
56161.6015625  3.7660000324249268  7.451000213623047  27.5002
56206.6015625  83.50199890136719  15.239999771118164  27.5002
56209.6015625  59.159000396728516  6.793000221252441  27.5002
56214.3984375  53.30500030517578  13.055999755859375  27.5002
56217.5  32.72600173950195  10.661999702453613  27.5002
56220.5  20.891000747680664  15.39799976348877  27.5002
56235.5  6.623000144958496  7.711999893188477  27.5002
56238.30078125  -1.7100000381469727  13.161999702453613  27.5002
56241.3984375  42.8120002746582  29.764999389648438  27.5002
56268.30078125  2.319999933242798  7.34499979019165  27.5002
56271.30078125  11.586000442504883  7.326000213623047  27.5002
56303.19921875  -12.154999732971191  16.19700050354004  27.5002
56507.6015625  -4.896999835968018  8.194999694824219  27.5002
56512.6015625  17.219999313354492  7.636000156402588  27.5002
56518.6015625  12.793999671936035  4.436999797821045  27.5002
56534.6015625  -0.1589999943971634  7.1579999923706055  27.5002
56537.6015625  -6.4770002365112305  4.449999809265137  27.5002
56545.6015625  -1.7029999494552612  12.359000205993652  27.5002
56574.6015625  -4.816999912261963  9.85099983215332  27.5002
56590.5  1.8930000066757202  10.538999557495117  27.5002
56593.5  -0.4180000126361847  14.519000053405762  27.5002
56619.3984375  3.802000045776367  12.880000114440918  27.5002
56622.3984375  -0.4860000014305115  8.755000114440918  27.5002
56625.30078125  -8.38700008392334  8.800000190734863  27.5002
56630.30078125  -9.41100025177002  7.702000141143799  27.5002
56633.19921875  -13.531000137329102  11.961999893188477  27.5002
56636.30078125  2.740000009536743  26.114999771118164  27.5002
56649.3984375  21.656999588012695  15.40999984741211  27.5002
56652.3984375  7.49399995803833  11.545999526977539  27.5002
56655.30078125  -3.2809998989105225  10.392000198364258  27.5002
56663.30078125  -22.461000442504883  28.68899917602539  27.5002
