#Date  :
#Flux  :
#Fluxerr  :
#ZP  :
#end  :
@INSTRUMENT  NB99
@BAND  NB99_r10
@MAGSYS  Linear_AB11_off
51222.169999999925  216592.15  8141.86  29.0
51223.169999999925  260250.37  8737.64  29.0
51225.14999999991  315521.1  8867.57  29.0
51229.12999999989  376062.6  10541.78  29.0
51232.12000000011  386329.31  10985.11  29.0
51235.10999999987  394925.69  11400.58  29.0
51241.10000000009  320209.17  8982.41  29.0
51244.14999999991  268649.93  7653.8  29.0
51247.08999999985  231742.44  6457.18  29.0
51252.10000000009  213769.83  5971.17  29.0
51255.049999999814  215787.74  6024.83  29.0
51259.12000000011  210936.06  5886.51  29.0
51265.029999999795  191971.52  5398.68  29.0
