51217.48975508133    1639.6330634131868    251.938436358725      25    
51217.98975508133    1950.83647318741      250.05345168732438    25    
51218.48975508133    2282.1913350884884    253.66805812323682    25    
51218.98975508133    2631.8906729586693    276.1100293030399     25    
51219.48975508133    2998.5074641055703    298.09253254285       25    
51219.98975508133    3380.051737682859     302.22535873284687    25    
51220.48975508133    3775.2738800514103    300.4968599366826     25    
51220.98975508133    4182.0120969469535    301.17285111081947    25    
51221.48975508133    4599.183012512997     301.7417862769971     25    
51221.98975508133    5024.46418033794      302.0996857692643     25    
51222.48975508133    5456.9272910773       302.3115965226332     25    
51222.98975508133    5894.10041744279      302.38124702122025    25    
51223.48975508133    6335.199145331307     302.4703251597554     25    
51223.98975508133    6777.883241189448     299.8633031349557     25    
51224.48975508133    7220.911768680079     301.1967652190841     25    
51224.98975508133    7662.200651611724     326.4897360395533     25    
51225.48975508133    8097.417133606217     358.3466760685791     25    
51225.98975508133    8515.449621239455     369.1719127402625     25    
51226.48975508133    8913.258493793157     369.9228837409095     25    
51226.98975508133    9274.89033785127      372.2745264962836     25    
51227.48975508133    9599.545502647632     373.98361246857763    25    
51227.98975508133    9870.352524076863     373.97521565742346    25    
51228.48975508133    10092.155045470578    373.145009427899      25    
51228.98975508133    10270.964996459657    375.341616443879      25    
51229.48975508133    10409.44569239195     379.6247292688973     25    
51229.98975508133    10525.163006427247    384.9003491321213     25    
51230.48975508133    10618.259913782702    390.47631924030554    25    
51230.98975508133    10706.362875587694    392.9833652431659     25    
51231.48975508133    10787.216628714361    391.0072984371964     25    
51231.98975508133    10860.131875093022    361.6207213176293     25    
51232.48975508133    10924.162745477617    304.4020003456453     25    
51232.98975508133    10968.881357398732    279.6648891470264     25    
51233.48975508133    10994.477289438979    289.15437785125346    25    
51233.98975508133    10991.007299407349    292.1377041123101     25    
51234.48975508133    10959.043777147439    290.52146878998747    25    
51234.98975508133    10901.980736432468    288.8468987383631     25    
51235.48975508133    10819.764610325485    287.07424965278585    25    
51235.98975508133    10723.322804736472    289.04697891684714    25    
51236.48975508133    10612.462616208088    294.9068346633813     25    
51236.98975508133    10497.419974334445    297.6930395890273     25    
51237.48975508133    10378.519162202641    297.8573243428819     25    
51237.98975508133    10256.757448220502    281.0813261006426     25    
51238.48975508133    10132.599852330508    239.66289690635628    25    
51238.98975508133    10001.490430911308    214.4997055168983     25    
51239.48975508133    9863.412525652457     218.80028482490584    25    
51239.98975508133    9714.470442112504     222.19291939614573    25    
51240.48975508133    9554.144907581142     221.31791524604887    25    
51240.98975508133    9382.332324094392     219.30822100722827    25    
51241.48975508133    9198.611278652326     215.4796235932848     25    
51241.98975508133    9005.28992768947      214.9550098008498     25    
51242.48975508133    8802.443565867692     219.83882836665538    25    
51242.98975508133    8592.088373201514     222.79864285147346    25    
51243.48975508133    8374.0322248202       222.4986488332197     25    
51243.98975508133    8152.1313676019545    218.70758205407247    25    
51244.48975508133    7926.466919141056     209.31138066652133    25    
51244.98975508133    7702.103089246574     202.2705589083024     25    
51245.48975508133    7479.78847276375      201.709684337004      25    
51245.98975508133    7264.098952480315     201.78616008207104    25    
51246.48975508133    7056.631519467424     201.01296786847928    25    
51246.98975508133    6858.887465059514     198.93596050717548    25    
51247.48975508133    6672.065202553976     193.94420480208223    25    
51247.98975508133    6495.453976910648     190.07956973778695    25    
51248.48975508133    6329.0458747225575    190.12120801459784    25    
51248.98975508133    6172.55726532945      190.76799652473954    25    
51249.48975508133    6026.218395685403     190.65828024344077    25    
51249.98975508133    5888.651924035397     190.10848241168085    25    
51250.48975508133    5759.671614926711     188.96214753481763    25    
51250.98975508133    5637.103471029717     187.18861038440505    25    
51251.48975508133    5519.816890902556     184.08976297041627    25    
51251.98975508133    5406.091165384058     181.57736555728792    25    
51252.48975508133    5294.197560814201     182.18463233844128    25    
51252.98975508133    5183.867581059989     182.81118343553175    25    
51253.48975508133    5073.959489665696     179.91822153683816    25    
51253.98975508133    4965.291736808346     177.45600444540582    25    
51254.48975508133    4858.20801151636      180.0275745080148     25    
51254.98975508133    4753.055049456691     183.54663542907232    25    
51255.48975508133    4650.392829195984     184.79410355183984    25    
51255.98975508133    4550.260220079833     184.1805621370439     25    
51256.48975508133    4453.02909218797      180.92926842895614    25    
51256.98975508133    4358.526849365681     174.4806221838668     25    
51257.48975508133    4266.67686378627      160.5763369639465     25    
51257.98975508133    4177.422791555377     144.62093038882685    25    
51258.48975508133    4090.7627250299024    142.33201429874222    25    
51258.98975508133    4006.379808985075     145.7224359024831     25    
51259.48975508133    3923.8538109244028    142.02776531622166    25    
51259.98975508133    3842.669673757466     136.38288008241108    25    
51260.48975508133    3761.492916361067     135.51411733661897    25    
51260.98975508133    3680.060534123653     137.30743889603423    25    
51261.48975508133    3596.7067229189684    140.05799286114194    25    
51261.98975508133    3511.670886096627     142.96950104779117    25    
51262.48975508133    3424.2617585895755    142.33907032424756    25    
51262.98975508133    3335.0809745125016    138.88818126734128    25    
51263.48975508133    3245.7453284687745    131.42047108932516    25    
51263.98975508133    3156.4148816075294    121.1617282836107     25    
51264.48975508133    3069.027562344869     117.71484875531824    25    
51264.98975508133    2983.4912308361527    118.94029894613028    25    
51265.48975508133    2901.0674219381567    116.45474779075712    25    
51265.98975508133    2821.518429511209     111.83791397265949    25    
51266.48975508133    2744.416780386892     110.69164961808391    25    
51266.98975508133    2669.7373861630304    112.37275356030533    25    
51267.48975508133    2596.885674097931     115.484543857473      25    
51267.98975508133    2525.8993042641905    119.63794747120957    25    
51268.48975508133    2456.5263296809994    119.6860852941779     25    
51268.98975508133    2388.8161696569778    116.118068444103      25    
51269.48975508133    2323.390362892895     112.39203022546907    25    
51269.98975508133    2260.2405625389756    108.28995457841889    25    
51270.48975508133    2200.0749195643357    99.0401639075064      25    
51270.98975508133    2142.8808985881587    82.91950130414287     25    
51271.48975508133    2089.0857974504206    73.8984422294116      25    
51271.98975508133    2038.7065563644483    75.15923743990716     25    
51272.48975508133    1991.4107828353117    75.24296754604342     25    
51272.98975508133    1947.2092328586007    73.65428863822555     25    
51273.48975508133    1905.723057083042     71.96514007726996     25    
51273.98975508133    1866.9551151945636    70.15675844942793     25    
51274.48975508133    1830.5409179490773    68.94551720720565     25    
51274.98975508133    1796.4792266104168    68.45612863112954     25    
51275.48975508133    1764.410260693297     68.27825671644153     25    
51275.98975508133    1734.3274623660386    67.71062557400707     25    
51276.48975508133    1705.8769805755871    72.53359220204428     25    
51276.98975508133    1679.0457177213166    83.9024930601921      25    
51277.48975508133    1653.486972855828     91.10652421771849     25    
51277.98975508133    1629.179887936133     92.01853224912101     25    
51278.48975508133    1605.7861327939074    96.08166430820616     25    