#mB  c  mBmB x1x1 cc mBx1 mBc x1c
13.757969167978628  -0.3  6.73617859810854e-05  0.003447164618679367  4.4167890592834925e-05  0.00026357665215801077  3.968787025419844e-05  7.762313545380312e-05
13.75922301753813  0.3  7.311863478399813e-05  0.0033919240096403082  4.773888977921408e-05  0.000261367496992486  4.519231563789593e-05  8.149910126302416e-05
14.263744142903167  0.0  7.165329681556566e-05  0.0035013344461501885  4.666029434398129e-05  0.0002697257490856598  4.3106414959067565e-05  8.184956240617969e-05
14.76374414290317  0.0  7.493213324871041e-05  0.003695473006535711  4.819507587903654e-05  0.00028703303257451125  4.4599662421576336e-05  8.748364757754222e-05
15.263744142903166  0.0  8.159813288670099e-05  0.004078632263737779  5.140757779503996e-05  0.00032135764817228877  4.787938221360017e-05  9.972127082711058e-05
14.762124894478653  -0.15  7.381484444764378e-05  0.0037741938403525717  4.752788102624914e-05  0.00029233292070313  4.317002402077323e-05  8.754041135870564e-05
14.762788760374306  0.15  7.620898736563459e-05  0.0036361371717690905  4.8947415411294784e-05  0.00028320716994826954  4.605255888294551e-05  8.778485081111928e-05
15.757969167978628  -0.3  9.338114980794718e-05  0.005343875643888804  5.7760963773510064e-05  0.00042408580557426175  5.0975325707888305e-05  0.00012916357238370587
15.75922301753813  0.3  9.714913942088437e-05  0.00442363033648928  5.886600253107575e-05  0.0003612697147652479  5.8455756016200525e-05  0.00012057351068598483
