#Date  :
#Flux  :
#Fluxerr  :
#ZP  :
#end  :
@INSTRUMENT  PS
@BAND  PS_r
@MAGSYS  AB
55161.6015625  13.024999618530273  26.344999313354492  27.523
55179.6015625  9.01200008392334  8.168999671936035  27.523
55188.6015625  8.411999702453613  11.442000389099121  27.523
55206.6015625  -3.177000045776367  5.796000003814697  27.523
55215.6015625  1.1629999876022339  5.65500020980835  27.523
55217.5  1.3359999656677246  4.669000148773193  27.523
55230.3984375  90.16000366210938  40.57400131225586  27.523
55233.5  29.409000396728516  12.991000175476074  27.523
55236.5  -2.6600000858306885  8.579000473022461  27.523
55239.5  -6.478000164031982  8.234999656677246  27.523
55242.3984375  -2.7070000171661377  6.373000144958496  27.523
55248.3984375  -2.5290000438690186  8.366000175476074  27.523
55275.3984375  -6.810999870300293  10.020000457763672  27.523
55290.3984375  2.9210000038146973  32.28499984741211  27.523
55302.3984375  -14.223999977111816  16.76300048828125  27.523
55305.30078125  14.3149995803833  16.974000930786133  27.523
55320.30078125  11.506999969482422  9.182999610900879  27.523
55545.5  -2.884999990463257  7.642000198364258  27.523
55560.6015625  19.493000030517578  10.855999946594238  27.523
55563.6015625  45.17100143432617  9.717000007629395  27.523
55566.6015625  57.132999420166016  23.065000534057617  27.523
55572.6015625  167.25900268554688  12.10099983215332  27.523
55587.6015625  197.8990020751953  12.454000473022461  27.523
55590.5  172.20799255371094  8.031999588012695  27.523
55593.5  140.91400146484375  10.50100040435791  27.523
55596.3984375  123.01599884033203  5.888999938964844  27.523
55602.3984375  92.90499877929688  12.739999771118164  27.523
55614.3984375  90.0719985961914  92.13300323486328  27.523
55629.30078125  21.867000579833984  9.458000183105469  27.523
55632.30078125  10.82699966430664  9.022000312805176  27.523
55635.30078125  -1.6180000305175781  11.972000122070312  27.523
55644.3984375  -15.326000213623047  24.17799949645996  27.523
55650.3984375  7.285999774932861  6.735000133514404  27.523
55653.3984375  22.466999053955078  10.37600040435791  27.523
55662.30078125  38.97999954223633  8.597999572753906  27.523
55674.30078125  4.7179999351501465  4.5980000495910645  27.523
55677.30078125  11.081999778747559  8.881999969482422  27.523
55680.30078125  0.0729999989271164  12.758000373840332  27.523
55941.6015625  19.79199981689453  14.684000015258789  27.523
55947.6015625  -3.928999900817871  10.432000160217285  27.523
55948.3984375  13.350000381469727  15.626999855041504  27.523
55952.6015625  2.507999897003174  2.9790000915527344  27.523
55955.6015625  -0.7080000042915344  9.357999801635742  27.523
55970.5  -3.0329999923706055  7.2820000648498535  27.523
55973.5  -1.6200000047683716  7.761000156402588  27.523
55984.30078125  7.84499979019165  5.946000099182129  27.523
56000.5  -17.429000854492188  10.475000381469727  27.523
56006.3984375  6.438000202178955  7.742000102996826  27.523
56014.30078125  -1.4869999885559082  11.020000457763672  27.523
56029.3984375  -0.4429999887943268  9.902000427246094  27.523
56032.3984375  5.25  9.248000144958496  27.523
56040.30078125  -5.86899995803833  7.705999851226807  27.523
56043.30078125  -15.211999893188477  6.65500020980835  27.523
56325.6015625  -7.934000015258789  13.807999610900879  27.523
56328.5  4.11299991607666  9.444000244140625  27.523
56331.6015625  -1.434000015258789  8.89900016784668  27.523
56336.5  -6.571000099182129  8.586000442504883  27.523
56354.5  -3.7219998836517334  13.493000030517578  27.523
56357.3984375  12.829999923706055  9.034000396728516  27.523
56360.30078125  -5.199999809265137  11.187999725341797  27.523
56384.30078125  -10.638999938964844  9.527000427246094  27.523
56387.3984375  -13.767999649047852  8.008999824523926  27.523
56391.30078125  -3.759999990463257  7.940999984741211  27.523
56395.30078125  9.994999885559082  8.098999977111816  27.523
56416.30078125  -7.138999938964844  7.506999969482422  27.523
56625.6015625  -2.930999994277954  6.379000186920166  27.523
56630.6015625  4.948999881744385  6.914999961853027  27.523
56636.6015625  1.1510000228881836  5.21999979019165  27.523
56656.6015625  -1.6990000009536743  6.927000045776367  27.523
56666.6015625  8.430000305175781  8.972000122070312  27.523
56682.6015625  -4.211999893188477  5.626999855041504  27.523
56709.3984375  16.20800018310547  17.499000549316406  27.523
