#Date  :
#Flux  :
#Fluxerr  :
#ZP  :
#end  :
@INSTRUMENT  SDSS
@BAND  SDSS_u
@MAGSYS  AB
54346.417271  1.623  2.868  23.88354
54348.421341  0.4121  2.052  23.88354
54355.431753  -1.125  1.411  23.88354
54358.377825  -0.5045  1.802  23.88354
54365.411369  -0.8018  1.38  23.88354
54381.43138  0.05927  1.438  23.88354
54384.438298  -0.38  1.575  23.88354
54386.424006  -1.803  1.553  23.88354
54388.428137  1.176  1.631  23.88354
54392.425753  0.7739  1.907  23.88354
54393.431992  4.872  2.807  23.88354
54396.2953  15.53  8.365  23.88354
54403.342282  -2.858  5.851  23.88354
54405.397625  0.7375  2.306  23.88354
54406.335988  -0.4599  1.491  23.88354
54412.36144  1.107  1.559  23.88354
54416.334551  1.254  1.427  23.88354
54421.340166  -1.254  1.929  23.88354
54423.316648  -1.286  2.029  23.88354
