#Date  :
#Flux  :
#Fluxerr  :
#ZP  :
#end  :
@INSTRUMENT  SDSS
@BAND  SDSS_r
@MAGSYS  AB
54346.415612  -0.04235  1.196  23.901989999999998
54348.419682  -0.5924  0.8731  23.901989999999998
54355.430094  0.3858  0.7162  23.901989999999998
54358.376166  1.612  0.8258  23.901989999999998
54365.40971  2.929  0.6697  23.901989999999998
54381.429722  3.776  0.6947  23.901989999999998
54384.436639  2.759  0.7934  23.901989999999998
54386.422347  2.912  0.7869  23.901989999999998
54388.426479  2.48  0.7641  23.901989999999998
54392.424094  3.183  0.9379  23.901989999999998
54393.430333  1.505  0.8477  23.901989999999998
54396.293641  0.3929  3.769  23.901989999999998
54403.340624  1.799  3.921  23.901989999999998
54405.395967  1.612  0.9116  23.901989999999998
54406.334329  1.658  0.7415  23.901989999999998
54412.359781  2.113  0.778  23.901989999999998
54416.332893  0.2339  0.693  23.901989999999998
54421.338507  -1.923  0.9315  23.901989999999998
54423.31499  1.116  0.9724  23.901989999999998
54433.337382  0.7735  1.667  23.901989999999998
