#mB  c  mBmB x1x1 cc mBx1 mBc x1c
15.566794962348432  -0.3  0.001134534736764212  0.016796143922398355  0.0003891502692492372  -0.0012627435910422097  0.0005043569199939965  -0.0005816748788676227
15.567519289601302  0.3  0.0011278361757969316  0.015538723645705913  0.00040528680305211047  -0.0012301010386966632  0.0005221639055276549  -0.0005547186841536057
16.07227264635172  0.0  0.0012014855250013817  0.017261929209954844  0.00041131445900762393  -0.0013555163287091575  0.000540133501587846  -0.0006025653538714123
16.57227264635172  0.0  0.0013599980360273635  0.02013739604694882  0.0004448843868340968  -0.001556369698528697  0.0006010172684066728  -0.0006537148878341959
17.07227264635172  0.0  0.0016986588307212557  0.026423084261053904  0.0005196764184759064  -0.0018895438413859132  0.0007335102782624006  -0.0007217219102576593
16.5707940290324  -0.15  0.0014055588663315522  0.021980553177134616  0.00045006998851892713  -0.0016253596595599237  0.0006107659008034657  -0.0006650198535263285
16.571192914564385  0.15  0.0013256511534233217  0.01882044262023306  0.000442397331806323  -0.001502907853648839  0.0005947127844312858  -0.0006412150874651913
17.566794962348432  -0.3  0.003168540701788736  0.06573003783020766  0.0008344158272377862  -0.0034489965751596232  0.0012527391546086112  -0.0009087269881242596
17.567519289601304  0.3  0.00205122958155977  0.028262090723705804  0.0006196003602436973  -0.00202537994172383  0.0009092499368507427  -0.0007529640843792618
