54349.74076641058    27.500129491385458    18.52952213744619     25    
54350.24076641058    34.264485777658756    17.795603241877284    25    
54350.74076641058    41.976749622038135    18.867682944798982    25    
54351.24076641058    50.706288110615986    25.58503494019036     25    
54351.74076641058    60.48692721781339     31.68174499133565     25    
54352.24076641058    71.40387524278867     33.03418003914833     25    
54352.74076641058    83.47666042111236     32.5371792360579      25    
54353.24076641058    96.80324531657809     32.57992440824766     25    
54353.74076641058    111.3919473743363     32.63859641376326     25    
54354.24076641058    127.35039647438511    32.625718061445774    25    
54354.74076641058    144.67878621988612    32.548057790259946    25    
54355.24076641058    163.49132685861107    32.40130310425315     25    
54355.74076641058    183.78317510016328    32.19141925446416     25    
54356.24076641058    205.69617038069435    31.999652895936265    25    
54356.74076641058    229.22785012187146    31.826961331998998    25    
54357.24076641058    254.34626640850382    31.573226595048236    25    
54357.74076641058    281.22572709153       31.188331218481515    25    
54358.24076641058    307.9167140450524     31.264800787544214    25    
54358.74076641058    334.5588884619777     31.965312153325943    25    
54359.24076641058    358.68562652725717    32.579742964643145    25    
54359.74076641058    380.09242588537916    33.00026542512374     25    
54360.24076641058    396.94086485949686    33.12922076814661     25    
54360.74076641058    408.21924619746346    32.736938546576596    25    
54361.24076641058    414.9780377999798     32.44952520175441     25    
54361.74076641058    417.02806444324096    32.6175251453391      25    
54362.24076641058    415.9129537138502     33.02949538948844     25    
54362.74076641058    412.44346580806894    33.83149031447272     25    
54363.24076641058    407.4810203353646     34.465031209021404    25    
54363.74076641058    402.31895401989897    34.559120071683026    25    
54364.24076641058    396.9026149465027     33.7758690400044      25    
54364.74076641058    391.87518769901726    30.338762213279878    25    
54365.24076641058    387.11223781832416    25.62978883017836     25    
54365.74076641058    382.7481342029834     24.76358191988296     25    
54366.24076641058    378.7764146709766     26.118679794498814    25    
54366.74076641058    375.377862488213      26.260704999932372    25    
54367.24076641058    372.4230529530899     25.866465891963983    25    
54367.74076641058    369.4377955263552     25.271261069427247    25    
54368.24076641058    366.40067761462507    24.49088506831048     25    
54368.74076641058    362.39938790426413    24.378186193449633    25    
54369.24076641058    357.4839981611231     24.89560191553502     25    
54369.74076641058    350.76853150476313    25.02187529119499     25    
54370.24076641058    342.21445066986604    24.701403879366367    25    
54370.74076641058    332.11619656106933    24.64280086638888     25    
54371.24076641058    320.36445189456816    24.94083419945899     25    
54371.74076641058    307.91852894573327    25.35643942620395     25    
54372.24076641058    294.80848881650394    25.943550854965494    25    
54372.74076641058    281.8335773463826     26.23390079716737     25    
54373.24076641058    269.1702895479405     26.019440452969608    25    
54373.74076641058    257.2316999299392     25.59256483705768     25    
54374.24076641058    246.2106032346185     24.87999336793871     25    
54374.74076641058    236.30215333383236    24.39655216918147     25    
54375.24076641058    227.645279851704      24.76810357460506     25    
54375.74076641058    220.4085448506423     25.246659706434237    25    
54376.24076641058    214.868992465485      25.150495614024575    25    
54376.74076641058    210.884190327176      24.98715969284518     25    
54377.24076641058    208.47738649173002    25.212244362245762    25    
54377.74076641058    207.45361362910765    25.64575206229544     25    
54378.24076641058    207.46757338554684    26.28648479856228     25    
54378.74076641058    208.46590258864168    26.97096862512641     25    
54379.24076641058    210.0341840136057     27.20500343217667     25    
54379.74076641058    212.19331261681214    27.11211286668917     25    
54380.24076641058    214.64923602514364    26.669430029750373    25    
54380.74076641058    217.42705814122414    25.954382812367797    25    
54381.24076641058    220.38061248463714    25.955605125710456    25    
54381.74076641058    223.5181684951424     26.587261027691895    25    
54382.24076641058    226.6901263563936     26.990814821092027    25    
54382.74076641058    229.90537472231964    27.183833951450065    25    
54383.24076641058    233.00689680068731    27.09858909067542     25    
54383.74076641058    236.0011491340372     26.779046417416797    25    
54384.24076641058    238.72822225071138    25.622409936847454    25    
54384.74076641058    241.18535376173992    22.991876321546947    25    
54385.24076641058    243.224405165126      21.05145762735423     25    
54385.74076641058    244.8102976963971     21.13073635852207     25    
54386.24076641058    245.89681745620385    21.384816838110837    25    
54386.74076641058    246.44256052948606    20.946928224093234    25    
54387.24076641058    246.48898323770706    20.827458633686504    25    
54387.74076641058    246.04388097443288    21.735682822946465    25    
54388.24076641058    245.12596176396553    22.665417262362933    25    
54388.74076641058    243.77176154852347    23.00728388127054     25    
54389.24076641058    241.93716016970717    22.915118050093472    25    
54389.74076641058    239.61456505934677    21.623750220422924    25    
54390.24076641058    236.72972452687642    20.52597599364884     25    
54390.74076641058    233.15690250046777    23.06521831563862     25    
54391.24076641058    228.8702390804883     26.558899545909878    25    
54391.74076641058    223.68786681889674    27.626865098584247    25    
54392.24076641058    217.65567393701986    27.4653684626201      25    
54392.74076641058    210.76247246792536    27.00585411138668     25    
54393.24076641058    203.05610283146098    26.21876901579878     25    
54393.74076641058    194.86974631752747    26.11045247647505     25    
54394.24076641058    186.1893813621342     26.575191437079834    25    
54394.74076641058    177.37398464722114    27.052425596327122    25    
54395.24076641058    168.4047056073198     27.572408595849268    25    
54395.74076641058    159.5918824023757     27.573393535633436    25    
54396.24076641058    150.93056751794515    27.130740564533188    25    
54396.74076641058    142.6431705299988     24.871881059730356    25    
54397.24076641058    134.73081339014337    19.04392258710588     25    
54397.74076641058    127.40617635267206    13.943464811520915    25    
54398.24076641058    120.71235659260503    14.072433863552764    25    
54398.74076641058    114.71959463544395    14.77967386099689     25    
54399.24076641058    109.50447597888187    14.233761911882123    25    
54399.74076641058    104.92811125880998    13.78250089971962     25    
54400.24076641058    100.96226164293391    13.797585267672856    25    
54400.74076641058    97.51091786782919     14.052979006890443    25    
54401.24076641058    94.50766138568484     14.629869163425544    25    
54401.74076641058    91.89119310173108     15.087526599030918    25    
54402.24076641058    89.57448243220432     14.844960745520469    25    
54402.74076641058    87.52508506961763     14.262289665650787    25    
54403.24076641058    85.65240671624805     13.75056645515379     25    
54403.74076641058    83.93586238708713     13.041639893580998    25    
54404.24076641058    82.26649707577224     11.377943874588874    25    
54404.74076641058    80.64680715612725     8.958843248615096     25    
54405.24076641058    78.98630042831856     8.024694969625523     25    
54405.74076641058    77.30207007861343     8.414281548768653     25    
54406.24076641058    75.60348735070804     8.375086628968054     25    
54406.74076641058    73.89138613247017     8.094364193377636     25    
54407.24076641058    72.18751033722567     7.746409851716966     25    
54407.74076641058    70.49065917232154     7.315275199346027     25    
54408.24076641058    68.8218006601187      6.949680893060965     25    
54408.74076641058    67.17990651704807     6.665390032242292     25    
54409.24076641058    65.58549837489807     6.461883411089572     25    
54409.74076641058    64.0382682221606      6.28271095263336      25    
54410.24076641058    62.55774353707469     6.6112872375500125    25    
54410.74076641058    61.14488434317002     7.635472661295561     25    
54411.24076641058    59.81767620215944     8.378167002991335     25    
54411.74076641058    58.57889493558722     8.434090389849912     25    
54412.24076641058    57.44443642566317     8.840986520573482     25    