54476.48427190374    47.25592839385989     15.158875158666392    25    
54476.98427190374    56.96076273812843     14.87848941640077     25    
54477.48427190374    67.5819449418027      15.424654863408275    25    
54477.98427190374    79.12312900637325     18.830320146434456    25    
54478.48427190374    91.58578328347818     22.26270339434152     25    
54478.98427190374    104.97450692048993    23.163409054321697    25    
54479.48427190374    119.28994126640013    22.96003832918995     25    
54479.98427190374    134.5373943279927     23.038144432797207    25    
54480.48427190374    150.71691673808274    23.143011791087897    25    
54480.98427190374    167.83428907639552    23.21388631288992     25    
54481.48427190374    185.8892075460399     23.254320446670064    25    
54481.98427190374    204.88768901321194    23.26699755059546     25    
54482.48427190374    224.8293115377857     23.25217214534714     25    
54482.98427190374    245.7325311535734     23.216949782152202    25    
54483.48427190374    267.6224711857254     23.096985270235365    25    
54483.98427190374    290.3426476206658     23.51426034329207     25    
54484.48427190374    314.16083506928857    24.717027436214615    25    
54484.98427190374    337.5323039510204     25.686861694578443    25    
54485.48427190374    360.4333394498513     26.109823160901062    25    
54485.98427190374    381.16900159396846    26.393958668819582    25    
54486.48427190374    399.14513564304417    26.68251307280827     25    
54486.98427190374    413.37486756108115    26.849388123510884    25    
54487.48427190374    422.4619026288738     26.766424317993796    25    
54487.98427190374    427.4138241276823     26.63405383496562     25    
54488.48427190374    428.4559260500569     26.681297650901122    25    
54488.98427190374    426.40956942250205    26.82393415526491     25    
54489.48427190374    422.8642446017154     27.100287326920032    25    
54489.98427190374    417.98228119342014    27.401688869560463    25    
54490.48427190374    413.651159250336      27.53483166347202     25    
54490.98427190374    409.58268330562555    27.38845001628805     25    
54491.48427190374    406.24019262550604    25.67927403213334     25    
54491.98427190374    403.5407512149968     22.410535673445928    25    
54492.48427190374    401.1107121447863     20.93851115487882     25    
54492.98427190374    398.97342191917284    21.59511655391266     25    
54493.48427190374    396.7922508377055     21.91130137861753     25    
54493.98427190374    394.59292486927023    21.736126993724504    25    
54494.48427190374    391.9789314117197     21.44772088044212     25    
54494.98427190374    388.9548343511712     21.006701406106924    25    
54495.48427190374    385.12093853896243    20.736984978826417    25    
54495.98427190374    380.4186082973607     20.848027417912437    25    
54496.48427190374    374.54811361117197    20.950010373846006    25    
54496.98427190374    367.262210721536      20.94241779011002     25    
54497.48427190374    358.7822934831865     20.678399761518072    25    
54497.98427190374    349.0781968638957     19.72955787105045     25    
54498.48427190374    338.4686753984037     18.723110677009316    25    
54498.98427190374    327.27464919080245    18.62999932647215     25    
54499.48427190374    315.626826068016      18.86558084281772     25    
54499.98427190374    303.9434218874393     18.736828794545474    25    
54500.48427190374    292.2606068006558     18.44722362066518     25    
54500.98427190374    281.00304950293594    18.05310211003538     25    
54501.48427190374    270.1655793385207     17.593721852654905    25    
54501.98427190374    260.1634709068914     17.46108014061416     25    
54502.48427190374    250.97326845961214    17.595581972203313    25    
54502.98427190374    243.03605873799427    17.547799149009933    25    
54503.48427190374    236.33526551384676    17.30385314880652     25    
54503.98427190374    230.91982519197583    17.688202293952774    25    
54504.48427190374    226.82462386130481    18.814611941646312    25    
54504.98427190374    223.79206881118793    19.629704475884807    25    
54505.48427190374    221.82217539215912    19.98438683360987     25    
54505.98427190374    220.70213905676854    20.161234046455316    25    
54506.48427190374    220.4088543224152     20.1976198167381      25    
54506.98427190374    220.74979115379534    20.117357938143932    25    
54507.48427190374    221.66655835906883    19.85281467105421     25    
54507.98427190374    222.9999579969844     19.678193519457402    25    
54508.48427190374    224.6400080295123     19.920690585119278    25    
54508.98427190374    226.48086353405483    20.25205337271195     25    
54509.48427190374    228.34034815527133    20.40581254577338     25    
54509.98427190374    230.219082630852      20.44117823375087     25    
54510.48427190374    231.99153997633343    20.36409175526746     25    
54510.98427190374    233.6897162284366     20.062100877372348    25    
54511.48427190374    235.3128446331371     18.924438944842127    25    
54511.98427190374    236.8617620328385     17.169386853689947    25    
54512.48427190374    238.3465275337779     16.470373994804625    25    
54512.98427190374    239.76165093143092    16.69960659892287     25    
54513.48427190374    241.04347913964344    16.686089241288883    25    
54513.98427190374    242.1995385572643     16.45000994299689     25    
54514.48427190374    243.07467549765553    16.47942435801769     25    
54514.98427190374    243.67672716513917    16.844075154853808    25    
54515.48427190374    243.8577866000375     17.103929132645067    25    
54515.98427190374    243.60166113991787    17.210055384080526    25    
54516.48427190374    242.85055794012925    17.115329370496255    25    
54516.98427190374    241.57181197971371    16.663347818628324    25    
54517.48427190374    239.80054224477362    16.325663222348098    25    
54517.98427190374    237.5400178321651     16.450156190439653    25    
54518.48427190374    234.80882688391978    16.65548380262702     25    
54518.98427190374    231.61630734363797    16.76046524592202     25    
54519.48427190374    227.98069241173192    16.755690141091947    25    
54519.98427190374    223.92154457130366    16.432807677004774    25    
54520.48427190374    219.45529621018702    16.028766179529814    25    
54520.98427190374    214.6211514741911     15.990556814743808    25    
54521.48427190374    209.42532928735255    16.14522619719859     25    
54521.98427190374    203.9053095389117     16.31177135492114     25    
54522.48427190374    198.07459114614406    16.47309598249662     25    
54522.98427190374    192.03346569642983    16.40028709767533     25    
54523.48427190374    185.78433697705034    16.082592943767757    25    
54523.98427190374    179.55220035100658    14.659245061422839    25    
54524.48427190374    173.32136760384256    11.673568059376601    25    
54524.98427190374    167.32739396166752    9.737187038235156     25    
54525.48427190374    161.57210897725076    9.989620636988235     25    
54525.98427190374    156.1704141567823     10.178933408475825    25    
54526.48427190374    151.1625664546247     9.891305379785457     25    
54526.98427190374    146.4577348568092     9.645209306143878     25    
54527.48427190374    142.05397004071722    9.528267119991673     25    
54527.98427190374    137.87860145036151    9.50486137003939      25    
54528.48427190374    133.9030191514782     9.641791726151665     25    
54528.98427190374    130.09388656293473    9.738944778104859     25    
54529.48427190374    126.41038117586776    9.607737377452395     25    
54529.98427190374    122.86172227462941    9.38745904725762      25    
54530.48427190374    119.43979844998061    9.268152897287381     25    
54530.98427190374    116.14548627066955    9.018500220136207     25    
54531.48427190374    112.9757914447424     8.01666170437734      25    
54531.98427190374    109.93030691195604    6.51806211005666      25    
54532.48427190374    107.0055687785883     5.967713828537648     25    
54532.98427190374    104.2015638920694     6.172920566144462     25    
54533.48427190374    101.5146273854888     6.154684743476749     25    
54533.98427190374    98.94495305474386     6.024421650946133     25    
54534.48427190374    96.4887389946555      5.8770088281786075    25    
54534.98427190374    94.14625187990275     5.707699493654322     25    
54535.48427190374    91.91368892955995     5.568216931827738     25    
54535.98427190374    89.79124214939627     5.464360003146212     25    
54536.48427190374    87.77525809630613     5.389872456638383     25    
54536.98427190374    85.86570476932818     5.315313880566455     25    
54537.48427190374    84.05922740099763     5.409583376019151     25    
54537.98427190374    82.35542064580217     5.782120472692285     25    
54538.48427190374    80.75137774973828     6.121735238528829     25    
54538.98427190374    79.24617068492213     6.196249993942388     25    
54539.48427190374    77.83749004863182     6.428840771362979     25    