50543.94878889237    3625.4524804481666    755.936634398531      25    
50544.44878889237    4395.196150618903     746.5826528909632     25    
50544.94878889237    5237.57978458198      764.7464601928904     25    
50545.44878889237    6152.240407613512     871.3728496414951     25    
50545.94878889237    7138.8536802348945    969.0546730597811     25    
50546.44878889237    8197.037649516518     985.4573799056695     25    
50546.94878889237    9326.486682651992     977.8804575509249     25    
50547.44878889237    10526.80039157301     980.8378145755071     25    
50547.94878889237    11797.69130707831     983.2005511012695     25    
50548.44878889237    13138.741149028021    984.7280327043962     25    
50548.94878889237    14549.680068758915    985.5749134494278     25    
50549.44878889237    16030.072437126657    985.6865030093892     25    
50549.94878889237    17579.66548293889     985.5009333555497     25    
50550.44878889237    19200.136551866868    983.4388589403316     25    
50550.94878889237    20885.686346424765    985.1505870112436     25    
50551.44878889237    22643.82717690225     1002.7706305573087    25    
50551.94878889237    24435.065239893156    1024.3839218362114    25    
50552.44878889237    26214.32874223805     1034.865074672887     25    
50552.94878889237    27945.70084558322     1041.1590372068474    25    
50553.44878889237    29555.13065642831     1048.3238138733147    25    
50553.94878889237    31022.83256508398     1054.111828686318     25    
50554.44878889237    32263.135661114582    1055.775610731304     25    
50554.94878889237    33308.56662647584     1056.0277626354653    25    
50555.44878889237    34165.42766710113     1059.3585125509326    25    
50555.94878889237    34862.84098102275     1064.341115555415     25    
50556.44878889237    35457.91084250971     1071.6378467197305    25    
50556.94878889237    35962.44546513038     1078.6175073324805    25    
50557.44878889237    36440.502388836234    1090.768651999384     25    
50557.94878889237    36875.11966029022     1084.709398956556     25    
50558.44878889237    37269.80971459039     972.1587078603908     25    
50558.94878889237    37609.25193820067     798.789628252811      25    
50559.44878889237    37860.1668933014      753.4394788090342     25    
50559.94878889237    38017.97328183349     783.0529846587859     25    
50560.44878889237    38045.14549315481     785.3052787740112     25    
50560.94878889237    37953.629754313675    782.6667659187345     25    
50561.44878889237    37748.8951033012      778.7139119591435     25    
50561.94878889237    37441.86208483953     774.4883920309202     25    
50562.44878889237    37066.83182895407     775.8666084128839     25    
50562.94878889237    36627.4947933645      779.7405057776026     25    
50563.44878889237    36160.85210800934     774.5718756029593     25    
50563.94878889237    35661.48292243643     769.3415769354448     25    
50564.44878889237    35137.75652967081     798.1341810559267     25    
50564.94878889237    34584.59252754999     842.4619754331729     25    
50565.44878889237    33989.17038431876     857.7143525991687     25    
50565.94878889237    33350.7892974599      856.0717813194165     25    
50566.44878889237    32654.996365713734    853.8070900498745     25    
50566.94878889237    31906.306153930203    848.8734084853078     25    
50567.44878889237    31111.99748516425     841.7088031113068     25    
50567.94878889237    30276.249217234472    833.2438587936156     25    
50568.44878889237    29424.099602687897    830.6186605258852     25    
50568.94878889237    28556.66210465778     831.8061844419138     25    
50569.44878889237    27699.771579744473    834.626533518336      25    
50569.94878889237    26852.413158381314    833.920962827037      25    
50570.44878889237    26029.872432173317    781.2654610615227     25    
50570.94878889237    25231.108718104075    684.6569037153471     25    
50571.44878889237    24461.950125888437    647.4191717875284     25    
50571.94878889237    23722.440431420462    661.0030723587296     25    
50572.44878889237    23019.096379554252    663.8091155191393     25    
50572.94878889237    22351.129284834617    661.5940621790473     25    
50573.44878889237    21718.05468477763     656.3698107020589     25    
50573.94878889237    21119.15792084507     648.8183423689268     25    
50574.44878889237    20546.910034641965    647.7490737550895     25    
50574.94878889237    20001.27887864555     651.9984449781878     25    
50575.44878889237    19474.534245824638    653.7201983433987     25    
50575.94878889237    18966.99621946768     653.3185927159763     25    
50576.44878889237    18475.29948949229     652.1820029093818     25    
50576.94878889237    17999.714988865548    649.1259987939607     25    
50577.44878889237    17541.729084040762    612.6455197982533     25    
50577.94878889237    17101.336072177928    539.6757677854499     25    
50578.44878889237    16680.25530192188     504.52610208437903    25    
50578.94878889237    16278.350611715798    511.9513660001757     25    
50579.44878889237    15892.116074718753    511.483525209515      25    
50579.94878889237    15521.53230341196     503.89668554140223    25    
50580.44878889237    15156.652471387966    502.4163964474633     25    
50580.94878889237    14797.574825551534    507.1221586873635     25    
50581.44878889237    14433.965364135809    510.3473388048114     25    
50581.94878889237    14065.739367643548    512.1202502818334     25    
50582.44878889237    13691.642952448263    509.5417975297941     25    
50582.94878889237    13311.280608185316    502.7375492578933     25    
50583.44878889237    12935.810453809145    478.8997046590388     25    
50583.94878889237    12565.132515339601    432.9184442819334     25    
50584.44878889237    12210.564299539596    408.0375323118545     25    
50584.94878889237    11872.5570328608      412.14888280763336    25    
50585.44878889237    11554.138883487863    411.72885770584844    25    
50585.94878889237    11256.200442067391    404.2685053189307     25    
50586.44878889237    10969.26868015603     400.2840388794584     25    
50586.94878889237    10693.3900622484      400.7244293598645     25    
50587.44878889237    10419.087166236766    402.3018141374252     25    
50587.94878889237    10145.686035049685    405.1864342034384     25    
50588.44878889237    9869.919854674148     406.0151819489564     25    
50588.94878889237    9590.62692866743      406.90099526963314    25    
50589.44878889237    9314.862496014919     377.7689201536965     25    
50589.94878889237    9042.642161125537     296.148556825704      25    
50590.44878889237    8780.929606697275     236.8026042878122     25    
50590.94878889237    8530.376218547832     242.6092722862254     25    
50591.44878889237    8294.355825653638     247.79958398863795    25    
50591.94878889237    8073.925114286263     242.36932995765585    25    
50592.44878889237    7865.941005267111     238.5769652405069     25    
50592.94878889237    7670.401081774179     237.5176515297223     25    
50593.44878889237    7484.260539451867     238.26301897384826    25    
50593.94878889237    7307.178634377518     241.43260040550837    25    
50594.44878889237    7137.270755831709     242.1797024737673     25    
50594.94878889237    6974.018123463241     239.01143537586034    25    
50595.44878889237    6817.741243070107     235.67242286306436    25    
50595.94878889237    6668.3891343585365    234.58462828956715    25    
50596.44878889237    6526.2577949075285    224.45006102838406    25    
50596.94878889237    6391.438584904622     196.10301618505676    25    
50597.44878889237    6263.832381973099     174.88997738812435    25    
50597.94878889237    6143.600619289826     175.71025748593877    25    
50598.44878889237    6029.819430057295     177.86175803976732    25    
50598.94878889237    5922.411576148853     175.96406489933963    25    
50599.44878889237    5820.477298803288     173.66105861072884    25    
50599.94878889237    5723.885235128727     171.0538889255215     25    
50600.44878889237    5631.771717015106     168.88608938673698    25    
50600.94878889237    5543.990104340189     167.494044458728      25    
50601.44878889237    5459.692396873109     166.67848204199683    25    
50601.94878889237    5378.715895963615     165.41258394860347    25    
50602.44878889237    5300.229050557678     168.4327264358431     25    
50602.94878889237    5224.052322179369     179.2278211723741     25    
50603.44878889237    5149.371390249165     187.93818657115656    25    
50603.94878889237    5075.989095167826     189.38992645861913    25    
50604.44878889237    5003.109128127957     193.988860527669      25    