@INSTRUMENT MOSAICII
@BAND MOSAICII_I
@MAGSYS Linear_AB11_off
#Date : MJD
#Flux : 
#Fluxerr : 
#ZP : 
#end
52526.0758  0.0228  2.2051  25.0
52526.105  -1.4493  2.3861  25.0
52545.8215  3.5042  4.5165  25.0
52546.9976  0.763  3.1065  25.0
52551.0049  -3.5019  3.1119  25.0
52553.9654  -0.4957  1.4184  25.0
52579.0247  -0.7487  1.5279  25.0
52587.0262  0.5059  1.0421  25.0
52591.0359  -1.7632  1.6208  25.0
52608.0424  -2.1783  1.8923  25.0
52610.0309  -0.8551  2.1012  25.0
52618.0367  -3.3299  1.7738  25.0
52624.0396  1.2177  1.8824  25.0
52637.0442  -0.5636  0.9661  25.0
52931.0336  -0.9376  0.8574  25.0
52934.0246  -0.1192  0.8368  25.0
52940.0513  1.604  0.6602  25.0
52958.0461  -3.691  1.5355  25.0
52962.0494  -4.1138  3.4116  25.0
52966.0552  0.0015  1.2098  25.0
52970.0959  -0.1595  0.8671  25.0
52972.0662  -0.3447  0.9635  25.0
52976.061  -0.2777  1.2452  25.0
52986.0533  -1.2191  0.7765  25.0
52990.0484  -0.2575  0.9898  25.0
53266.1494  -0.0155  1.1446  25.0
53268.0775  -1.0193  0.9996  25.0
53283.0906  2.5122  1.235  25.0
53289.0281  6.2767  1.2022  25.0
53293.0152  7.851  2.0793  25.0
53297.0349  10.43  1.0096  25.0
53301.0423  5.5597  2.9897  25.0
53315.0451  9.3665  0.8513  25.0
53323.0606  5.2348  0.8157  25.0
53331.0548  4.9679  2.4034  25.0
53331.0586  1.8372  2.9283  25.0
53342.0587  2.2472  0.8623  25.0
53639.0208  0.6159  1.0595  25.0
53641.0598  -0.5892  1.6777  25.0
53643.0512  -1.7935  1.7992  25.0
53649.0238  1.7135  1.2351  25.0
53652.0222  -0.5536  1.1756  25.0
53682.0607  -0.4515  1.4729  25.0
53696.0561  0.8169  0.781  25.0
53702.0367  -0.246  0.7229  25.0
53706.0646  2.045  0.8183  25.0
53708.0473  1.5286  0.9314  25.0
53712.0679  -0.6927  1.9549  25.0
54006.2039  0.2468  1.1051  25.0
