54041.12185900567    1.1622332060656906     0.37177085810389937    25    
54041.62185900567    1.3593470152295708     0.3636435833543543     25    
54042.12185900567    1.5733234771696092     0.3609142739512078     25    
54042.62185900567    1.8050807217211677     0.4060994026230148     25    
54043.12185900567    2.054325800214835      0.5015967488223627     25    
54043.62185900567    2.321698772313008      0.5805925685449748     25    
54044.12185900567    2.6077895356877887     0.6082123736729691     25    
54044.62185900567    2.9123309857487394     0.6066176392575432     25    
54045.12185900567    3.2362640440748804     0.6030372679294504     25    
54045.62185900567    3.5796361332358715     0.6062635835330239     25    
54046.12185900567    3.942639057101612      0.6095133670061154     25    
54046.62185900567    4.3261635752608205     0.6127189135666478     25    
54047.12185900567    4.729896999635755      0.6159222606687936     25    
54047.62185900567    5.154526499543788      0.6192348316000826     25    
54048.12185900567    5.600588758331391      0.6226886896456171     25    
54048.62185900567    6.067848620157761      0.6263402772678114     25    
54049.12185900567    6.55727620678509       0.6306069863826617     25    
54049.62185900567    7.070148443584306      0.6380943961916247     25    
54050.12185900567    7.604560661740746      0.6446230474693462     25    
54050.62185900567    8.159750266327144      0.6417395163157302     25    
54051.12185900567    8.743037552712714      0.6264987545731909     25    
54051.62185900567    9.327676328720637      0.6142286471672997     25    
54052.12185900567    9.900611152821174      0.619194663840332      25    
54052.62185900567    10.466868765179036     0.634643902841647      25    
54053.12185900567    10.983572211236481     0.6489978030472926     25    
54053.62185900567    11.452113343998288     0.6600537423237671     25    
54054.12185900567    11.861661334180129     0.6697086588146504     25    
54054.62185900567    12.176989621378562     0.6767382841933584     25    
54055.12185900567    12.40101127971322      0.6806961121540477     25    
54055.62185900567    12.54899362211883      0.6840092624369849     25    
54056.12185900567    12.62144387084652      0.6884948146809948     25    
54056.62185900567    12.620098788560696     0.6931546337715924     25    
54057.12185900567    12.581216240671708     0.6972272975701564     25    
54057.62185900567    12.500973174694979     0.7016565843385929     25    
54058.12185900567    12.391920321758104     0.7045452827805367     25    
54058.62185900567    12.283568702983109     0.7038987017811869     25    
54059.12185900567    12.16934070571209      0.7019792734975377     25    
54059.62185900567    12.049846903472854     0.6895681126771469     25    
54060.12185900567    11.930093065221797     0.6519477857713433     25    
54060.62185900567    11.806375008803924     0.595963965822308      25    
54061.12185900567    11.667107219943434     0.5573779138966792     25    
54061.62185900567    11.513945137830028     0.5527450785957407     25    
54062.12185900567    11.342473365209747     0.5598177724659179     25    
54062.62185900567    11.143136280447996     0.5578031075291777     25    
54063.12185900567    10.917332741968488     0.5514396434404073     25    
54063.62185900567    10.67120277564746      0.5438588503409608     25    
54064.12185900567    10.404107383689512     0.5350006658666613     25    
54064.62185900567    10.118312620492372     0.5253013913352266     25    
54065.12185900567    9.828788205595416      0.5184606350927505     25    
54065.62185900567    9.53242907834719       0.5163224419207633     25    
54066.12185900567    9.23651030105673       0.5149865769163664     25    
54066.62185900567    8.952917018191114      0.5116186563558344     25    
54067.12185900567    8.678109977152374      0.5081167970643652     25    
54067.62185900567    8.412971170642283      0.49573276834544056    25    
54068.12185900567    8.160130895489754      0.4617813531231753     25    
54068.62185900567    7.916924561322926      0.4141697320242517     25    
54069.12185900567    7.677105983309996      0.38201311958514095    25    
54069.62185900567    7.442250353573773      0.376006198643043      25    
54070.12185900567    7.208862953676285      0.3784492485290602     25    
54070.62185900567    6.9719005117404755     0.3742988655696212     25    
54071.12185900567    6.7329459735295405     0.36823227421495797    25    
54071.62185900567    6.492475869006333      0.3614012226255319     25    
54072.12185900567    6.249182904352949      0.35273917563094087    25    
54072.62185900567    6.004890960466494      0.3436184048222365     25    
54073.12185900567    5.764237937441294      0.3383759990405272     25    
54073.62185900567    5.52584364279966       0.3384766113382298     25    
54074.12185900567    5.292716551992256      0.3395317171516152     25    
54074.62185900567    5.0684076724964955     0.3388790820089048     25    
54075.12185900567    4.851570948406806      0.3378812050666287     25    
54075.62185900567    4.643326541265718      0.32958520195114493    25    
54076.12185900567    4.444651168812555      0.3045732089159969     25    
54076.62185900567    4.254470669463953      0.2707449642842863     25    
54077.12185900567    4.071323837396784      0.25011673528833406    25    
54077.62185900567    3.8957133445306837     0.24833131780646245    25    
54078.12185900567    3.7265294070390147     0.2514094123976496     25    
54078.62185900567    3.5626518365074027     0.24916842075543869    25    
54079.12185900567    3.4045382185074096     0.24559350756677664    25    
54079.62185900567    3.2516965023006676     0.2397785088025202     25    
54080.12185900567    3.1038043393610693     0.22934168325836007    25    
54080.62185900567    2.9612438270923516     0.21702129885302096    25    
54081.12185900567    2.8244429002608977     0.20877087494915683    25    
54081.62185900567    2.693239662867724      0.20505282289634416    25    
54082.12185900567    2.567999498245274      0.20317535272110307    25    
54082.62185900567    2.44908116563048       0.2017560115276751     25    
54083.12185900567    2.3363293079236507     0.2014022614663238     25    
54083.62185900567    2.2297076314909248     0.20026595995390173    25    
54084.12185900567    2.129393264181303      0.19886695787366054    25    
54084.62185900567    2.0350715328414837     0.1958104581884119     25    
54085.12185900567    1.9462437681744509     0.18689913159181176    25    
54085.62185900567    1.8631156308273729     0.16930951511973197    25    
54086.12185900567    1.785202397775094      0.15220772867999846    25    
54086.62185900567    1.712311673068629      0.14734734884010897    25    
54087.12185900567    1.6444926854720698     0.15041383106048264    25    
54087.62185900567    1.5806725513456592     0.15036245793882336    25    
54088.12185900567    1.5211396595156392     0.14325015665523072    25    
54088.62185900567    1.4651705796443628     0.13413510919113572    25    
54089.12185900567    1.411430531059675      0.1282452262406979     25    
54089.62185900567    1.3604724988103305     0.12532010406968244    25    
54090.12185900567    1.3109918801009037     0.12351726802703382    25    
54090.62185900567    1.2620132676941949     0.1222316147552026     25    
54091.12185900567    1.214029147634645      0.12169650598553569    25    
54091.62185900567    1.1669221239657133     0.12024107004221522    25    
54092.12185900567    1.120075959071241      0.11671561208033107    25    
54092.62185900567    1.0747411557408861     0.11312057189878223    25    
54093.12185900567    1.0323981577629548     0.11215809153391165    25    
54093.62185900567    0.9923862619149387     0.1135808458773631     25    
54094.12185900567    0.9564052617982108     0.11560396684102717    25    
54094.62185900567    0.925611614192477      0.11777890097963048    25    
54095.12185900567    0.8993559849432946     0.120105197482174      25    
54095.62185900567    0.8776280788585843     0.12052277205419916    25    
54096.12185900567    0.8613944000967659     0.11744722875520582    25    
54096.62185900567    0.8484973371376754     0.11425965666883492    25    
54097.12185900567    0.8366271893059779     0.11540432620123721    25    
54097.62185900567    0.8268522789784691     0.12011171704269223    25    
54098.12185900567    0.8161957834551442     0.12481973204817272    25    
54098.62185900567    0.8032101499129624     0.12874519002364068    25    
54099.12185900567    0.7885977660903767     0.13200802930815086    25    
54099.62185900567    0.7711173837319901     0.13175340574370636    25    
54100.12185900567    0.7499478620102291     0.1272551870926838     25    
54100.62185900567    0.7271419004439333     0.12001380924705754    25    
54101.12185900567    0.7044135919716178     0.11036738465102154    25    
54101.62185900567    0.6809383793848977     0.09651871515587664    25    
54102.12185900567    0.6593381369351488     0.08450311134358034    25    
54102.62185900567    0.6406075292654259     0.08093403198791954    25    
54103.12185900567    0.6243141539185972     0.08247627651173377    25    
54103.62185900567    0.6117408566143511     0.08355547925049041    25    
54104.12185900567    0.6034384834897617     0.08323131365768904    25    
54104.62185900567    0.5977578027185744     0.08480835045634445    25    
54105.12185900567    0.5935240967841601     0.09113606800417852    25    
54105.62185900567    0.5913074281296071     0.10072076212494098    25    
54106.12185900567    0.5890048774688967     0.1094495971492893     25    
54106.62185900567    0.5860764032955372     0.11745302021552399    25    
54107.12185900567    0.5826432866575003     0.12411309069159336    25    
54107.62185900567    0.577432904111756      0.1258009553868851     25    
54108.12185900567    0.5702700168175392     0.12190124024094084    25    
54108.62185900567    0.5619926687398816     0.11553044081142805    25    
54109.12185900567    0.5530428396629292     0.10888449894826381    25    
54109.62185900567    0.5432053571240799     0.10072497470948291    25    
54110.12185900567    0.5335232820028761     0.0936521404348184     25    
54110.62185900567    0.5241495728765393     0.08949399286534954    25    
54111.12185900567    0.5151351688288163     0.08710227657565765    25    
54111.62185900567    0.507188665964441      0.08533916834867822    25    
54112.12185900567    0.500283410636595      0.08470517238920733    25    
54112.62185900567    0.4942296353097191     0.08421219648139194    25    
54113.12185900567    0.48898894862479764    0.08271561492894089    25    
54113.62185900567    0.48458010542026786    0.08064590878172745    25    
54114.12185900567    0.48076980490474525    0.07850340738191122    25    
54114.62185900567    0.4775633203926251     0.0762836715364149     25    
54115.12185900567    0.47489683774930347    0.07409949394109638    25    
54115.62185900567    0.47256463244681607    0.07243150544609851    25    
54116.12185900567    0.4706450917926914     0.07128589927825324    25    
54116.62185900567    0.46896226151250076    0.07052211210518129    25    
54117.12185900567    0.467401897019394      0.06995468438953274    25    
54117.62185900567    0.46601059202518885    0.06969145544230806    25    
54118.12185900567    0.4645561449862226     0.07029766974397172    25    
54118.62185900567    0.46305792782267446    0.07098742872499603    25    
54119.12185900567    0.46143615029031043    0.07323069420997225    25    
54119.62185900567    0.4594931604617682     0.07843735493404476    25    
54120.12185900567    0.45730905405684935    0.0839550289035759     25    
54120.62185900567    0.454698095788251      0.09697919395741778    25    
54121.12185900567    0.45156030876647796    0.11614281043080109    25    