54041.12185900567    2.0058536412048382    0.2959304058010839     25    
54041.62185900567    2.3217110788908966    0.2963570679905043     25    
54042.12185900567    2.659981061911562     0.29741645171904035    25    
54042.62185900567    3.020255354226144     0.3032560807288387     25    
54043.12185900567    3.4026642121451722    0.31555586461315915    25    
54043.62185900567    3.806923040383389     0.32726444203875193    25    
54044.12185900567    4.23276954761686      0.33240389279517085    25    
54044.62185900567    4.680322498878853     0.3334054588542353     25    
54045.12185900567    5.149163524037802     0.33402555156910047    25    
54045.62185900567    5.639271537184813     0.33549144285293137    25    
54046.12185900567    6.1505612548997854    0.3368546953546765     25    
54046.62185900567    6.682636611012454     0.3380660891812825     25    
54047.12185900567    7.235636638737864     0.33912710490563513    25    
54047.62185900567    7.8092557960158215    0.3401128574451131     25    
54048.12185900567    8.403255452670049     0.3410338633493217     25    
54048.62185900567    9.017740168083849     0.3419002550233609     25    
54049.12185900567    9.652294377992884     0.3429840195586917     25    
54049.62185900567    10.307984159863066    0.3431791237735832     25    
54050.12185900567    10.982922810711374    0.34443483628706556    25    
54050.62185900567    11.6754015480817      0.35080513014962744    25    
54051.12185900567    12.391814205729284    0.36304011488984633    25    
54051.62185900567    13.109381386973494    0.3749038705017419     25    
54052.12185900567    13.816828115370887    0.381952454243377      25    
54052.62185900567    14.51851090090229     0.38649481834361377    25    
54053.12185900567    15.178170271461852    0.39051552105745535    25    
54053.62185900567    15.797080173058584    0.3945504399628222     25    
54054.12185900567    16.365904181569622    0.3979269440946528     25    
54054.62185900567    16.854789259463782    0.4000705594264829     25    
54055.12185900567    17.266766917840304    0.40064767941761736    25    
54055.62185900567    17.61237872245236     0.4014458591661851     25    
54056.12185900567    17.8911365633706      0.4038241354043363     25    
54056.62185900567    18.104750089318152    0.4070385945817351     25    
54057.12185900567    18.280078774670436    0.4105214403507084     25    
54057.62185900567    18.41431487388086     0.41498515857034396    25    
54058.12185900567    18.516705324590653    0.4189178078306692     25    
54058.62185900567    18.609107327638867    0.4206996141785475     25    
54059.12185900567    18.686789879378306    0.42192682441447915    25    
54059.62185900567    18.749503401746143    0.41653183752818673    25    
54060.12185900567    18.800756775062244    0.3951675995283761     25    
54060.62185900567    18.837809590398127    0.36242596404269456    25    
54061.12185900567    18.850950934280583    0.3407906153109362     25    
54061.62185900567    18.84164822498739     0.3402956693065831     25    
54062.12185900567    18.806029355565997    0.3469303923366018     25    
54062.62185900567    18.736185927349432    0.3479400848364054     25    
54063.12185900567    18.63372260635582     0.34622012228250015    25    
54063.62185900567    18.50103258918016     0.34397926962445263    25    
54064.12185900567    18.337094712528014    0.3414315641368372     25    
54064.62185900567    18.14351764082395     0.3386727769721154     25    
54065.12185900567    17.928345261917027    0.3376151812571007     25    
54065.62185900567    17.689792544040895    0.339428214238379      25    
54066.12185900567    17.432039640155676    0.34143895880414127    25    
54066.62185900567    17.161187837536456    0.340566390174437      25    
54067.12185900567    16.874809178548897    0.33733097671469986    25    
54067.62185900567    16.577980389136947    0.3344391504529747     25    
54068.12185900567    16.272433783071538    0.33338717007625884    25    
54068.62185900567    15.957782581527994    0.3331716548479654     25    
54069.12185900567    15.638242256773328    0.33319789022151153    25    
54069.62185900567    15.312753852697485    0.33382761674372696    25    
54070.12185900567    14.98366445903011     0.3341941669731531     25    
54070.62185900567    14.65414957677341     0.3331726641753117     25    
54071.12185900567    14.32306720846492     0.33106994939607004    25    
54071.62185900567    13.991598192497602    0.3283566606642362     25    
54072.12185900567    13.660537503369605    0.32455546042519084    25    
54072.62185900567    13.329232700901455    0.32039727281967545    25    
54073.12185900567    12.997114814110564    0.31834504589753       25    
54073.62185900567    12.664332601804027    0.3191742563275266     25    
54074.12185900567    12.330574623664145    0.3203673865928983     25    
54074.62185900567    11.995164218890473    0.32095579258038354    25    
54075.12185900567    11.658232245686374    0.32175174060018047    25    
54075.62185900567    11.321524017596653    0.315497195012704      25    
54076.12185900567    10.984617596687263    0.29316491360989966    25    
54076.62185900567    10.648630739296458    0.2626705802177947     25    
54077.12185900567    10.316915640299667    0.24479121480566168    25    
54077.62185900567    9.988347379110028     0.2443628525255033     25    
54078.12185900567    9.665383809971248     0.24856364648718893    25    
54078.62185900567    9.35035944723088      0.2481937258046666     25    
54079.12185900567    9.042290467277368     0.24688370336848398    25    
54079.62185900567    8.74320010714649      0.24461996390367577    25    
54080.12185900567    8.453547690154886     0.24036287454961722    25    
54080.62185900567    8.1731339668135       0.23555972059669622    25    
54081.12185900567    7.902617906820076     0.23314453525081105    25    
54081.62185900567    7.641788320340327     0.23341645994199742    25    
54082.12185900567    7.391074447566903     0.2341937320564424     25    
54082.62185900567    7.151095574612096     0.2340619009450703     25    
54083.12185900567    6.921579885833413     0.23362551799089398    25    
54083.62185900567    6.701529112615214     0.23242181648543264    25    
54084.12185900567    6.491525997535741     0.23106554720895953    25    
54084.62185900567    6.290343152243638     0.22833006793149324    25    
54085.12185900567    6.0956849759615634    0.22116777584828998    25    
54085.62185900567    5.908456681778026     0.2076911062635637     25    
54086.12185900567    5.726592397130502     0.1950969119187551     25    
54086.62185900567    5.548422775896625     0.19127365561411522    25    
54087.12185900567    5.374714599043761     0.1929890074383864     25    
54087.62185900567    5.20492814313293      0.1934897696731319     25    
54088.12185900567    5.038322653156368     0.1905142389491497     25    
54088.62185900567    4.87620413538087      0.1872069454724312     25    
54089.12185900567    4.7201818264618725    0.1864875123584508     25    
54089.62185900567    4.569568241960877     0.1883260982610524     25    
54090.12185900567    4.426032300534137     0.19025357785059008    25    
54090.62185900567    4.29090238026857      0.1910103332049383     25    
54091.12185900567    4.163478149635984     0.19119066543838048    25    
54091.62185900567    4.04352253484155      0.18993268634114496    25    
54092.12185900567    3.932046839168516     0.18685911378583978    25    
54092.62185900567    3.8269523745235943    0.18250686476819977    25    
54093.12185900567    3.7256418006662027    0.17699877361902902    25    
54093.62185900567    3.629272652295988     0.16950104104405608    25    
54094.12185900567    3.5348716741118373    0.16357742349578722    25    
54094.62185900567    3.4407016863282682    0.16302735093388931    25    
54095.12185900567    3.3476099804271335    0.16542287858338822    25    
54095.62185900567    3.254467682444826     0.1656045815466405     25    
54096.12185900567    3.160378021658036     0.16207349985979633    25    
54096.62185900567    3.067297912623288     0.15786796871377268    25    
54097.12185900567    2.9770734819475013    0.15588249053856476    25    
54097.62185900567    2.8888360341543846    0.15554423057803513    25    
54098.12185900567    2.805064831701025     0.15594301645479275    25    
54098.62185900567    2.7269835436299044    0.15720372585669848    25    
54099.12185900567    2.653984256209448     0.1589473684323252     25    
54099.62185900567    2.5870223460176875    0.15932243723704467    25    
54100.12185900567    2.5268408476910684    0.15937654411878258    25    
54100.62185900567    2.47158911078409      0.15663521780060333    25    
54101.12185900567    2.4196922670684784    0.1459202776208353     25    
54101.62185900567    2.3719058844040006    0.12543613140863227    25    
54102.12185900567    2.325838729059924     0.10656902246516944    25    
54102.62185900567    2.2806523013127364    0.10177018799720638    25    
54103.12185900567    2.2366514881086594    0.10461387602230954    25    
54103.62185900567    2.1924424337688118    0.10519747024489713    25    
54104.12185900567    2.1477274750195594    0.10287190676608217    25    
54104.62185900567    2.1034926963713168    0.10074541172236517    25    
54105.12185900567    2.060344529402644     0.10065192040523405    25    
54105.62185900567    2.0179807475732114    0.10206595859568407    25    
54106.12185900567    1.9775862216238362    0.10399424784925794    25    
54106.62185900567    1.9394903009120081    0.10671677714356209    25    
54107.12185900567    1.903587860504051     0.10951153928985709    25    
54107.62185900567    1.8705198438021915    0.11020388350036478    25    
54108.12185900567    1.8404622681589236    0.10852096077652272    25    
54108.62185900567    1.8127329418387603    0.10588101952985492    25    
54109.12185900567    1.786920490108233     0.10365086610385994    25    
54109.62185900567    1.763220938971366     0.10138605638682816    25    
54110.12185900567    1.740755710991644     0.09726543576168938    25    
54110.62185900567    1.719410404695561     0.08860269443077667    25    
54111.12185900567    1.6991191593837935    0.07769034443673531    25    
54111.62185900567    1.6792468722935194    0.07120248659098284    25    
54112.12185900567    1.6598601443335328    0.07100740213220559    25    
54112.62185900567    1.6409876430554098    0.07239978911147348    25    
54113.12185900567    1.6225752262175004    0.07185885420041649    25    
54113.62185900567    1.6046451414912017    0.07082919443128334    25    
54114.12185900567    1.5872158744788918    0.06978329348560149    25    
54114.62185900567    1.5702870581954957    0.0687251559437355     25    
54115.12185900567    1.5538631336496627    0.06773015399598568    25    
54115.62185900567    1.5379584178013148    0.0671139663731964     25    
54116.12185900567    1.5225674554529023    0.06687348362269091    25    
54116.62185900567    1.507702491767023     0.06688458273072331    25    
54117.12185900567    1.4933714773521314    0.06664495438393074    25    
54117.62185900567    1.479571169618194     0.06643053978203929    25    
54118.12185900567    1.466317728136585     0.0684607608579072     25    
54118.62185900567    1.4536098047598252    0.07416194561751761    25    
54119.12185900567    1.4414529523198472    0.08047601152030778    25    
54119.62185900567    1.4298609259811481    0.08400407532739886    25    
54120.12185900567    1.4188281516528687    0.08467479141805813    25    
54120.62185900567    1.408367555186343     0.0870087725680221     25    
54121.12185900567    1.398486094260049     0.09224941964622943    25    