54932.58438449478    1585.0000272321977    228.83616074713703    25    
54933.08438449478    1870.3149570279925    219.28964568684458    25    
54933.58438449478    2170.083233273474     231.85177609579875    25    
54934.08438449478    2481.854382251901     310.83383437398305    25    
54934.58438449478    2803.913555266763     378.715810130538      25    
54935.08438449478    3133.462812128344     390.6346291995216     25    
54935.58438449478    3469.1184937834246    384.1713731854884     25    
54936.08438449478    3807.7677472286696    384.7250357319254     25    
54936.58438449478    4148.325549394803     385.0911265757723     25    
54937.08438449478    4487.39668812423      384.87250198250973    25    
54937.58438449478    4824.16222267224      384.1545159022109     25    
54938.08438449478    5154.977135386369     382.9104464117454     25    
54938.58438449478    5479.25601418709      381.3601672054965     25    
54939.08438449478    5793.16292383896      377.0270875990637     25    
54939.58438449478    6096.267852374623     375.2794552757282     25    
54940.08438449478    6384.547023234135     400.8989173490212     25    
54940.58438449478    6657.531447202785     439.4179314578381     25    
54941.08438449478    6909.937905379868     455.4492142010375     25    
54941.58438449478    7141.588491868743     457.867534567005      25    
54942.08438449478    7346.40943784682      460.9997945559305     25    
54942.58438449478    7524.6016324709235    463.38653485279184    25    
54943.08438449478    7670.358638213892     463.0571280127227     25    
54943.58438449478    7784.515127431137     460.4590913305842     25    
54944.08438449478    7873.506121368398     462.9702108725395     25    
54944.58438449478    7937.234299714101     470.19150769886886    25    
54945.08438449478    7987.578264458767     479.138126008441      25    
54945.58438449478    8024.22479439742      489.9890893333351     25    
54946.08438449478    8058.036416625222     494.3579701634581     25    
54946.58438449478    8089.556740882276     493.67315270692825    25    
54947.08438449478    8117.422087440891     456.7742323092067     25    
54947.58438449478    8142.286208761512     359.7759640707506     25    
54948.08438449478    8157.355671329446     292.59848989562784    25    
54948.58438449478    8162.472882349224     305.1624728657098     25    
54949.08438449478    8152.164507506117     316.6995017376226     25    
54949.58438449478    8124.844996330341     313.8399156600567     25    
54950.08438449478    8083.480504546677     310.1482720610396     25    
54950.58438449478    8027.277038107314     305.3816327945884     25    
54951.08438449478    7962.867999693347     306.2368264371396     25    
54951.58438449478    7891.109142487992     317.88044105690415    25    
54952.08438449478    7817.222031917919     325.4406882875036     25    
54952.58438449478    7743.644701287642     327.52196349403226    25    
54953.08438449478    7669.67472673824      311.86790162375684    25    
54953.58438449478    7596.414621778911     252.41404657810097    25    
54954.08438449478    7520.6468551065445    191.59372257655275    25    
54954.58438449478    7441.406276466042     193.2707359801328     25    
54955.08438449478    7356.550599284673     208.1036777930401     25    
54955.58438449478    7264.472316956793     208.37237136849978    25    
54956.08438449478    7164.598192356665     205.64565334770498    25    
54956.58438449478    7055.885814066058     197.66820242018625    25    
54957.08438449478    6938.424205784746     192.45781787674616    25    
54957.58438449478    6811.928822170092     202.93572244822283    25    
54958.08438449478    6676.372258903363     215.00659056417163    25    
54958.58438449478    6530.8287684660745    213.70279335392803    25    
54959.08438449478    6377.274374601315     211.50720047171117    25    
54959.58438449478    6217.240821594299     224.2084055045338     25    
54960.08438449478    6053.100332984147     239.43443318049572    25    
54960.58438449478    5889.385281799499     243.56829728696255    25    
54961.08438449478    5727.307639166083     242.82678902834874    25    
54961.58438449478    5572.275281453637     242.66852351009993    25    
54962.08438449478    5423.985346241621     241.0990557769476     25    
54962.58438449478    5285.418030423661     234.2918167395092     25    
54963.08438449478    5155.930553846736     225.0819035881198     25    
54963.58438449478    5035.53068652579      223.85536487385718    25    
54964.08438449478    4924.173610105802     227.49045442346358    25    
54964.58438449478    4822.009719624654     229.0354356253915     25    
54965.08438449478    4728.670330247984     229.4033972407008     25    
54965.58438449478    4642.4627660944725    227.53683276474283    25    
54966.08438449478    4563.109313439555     223.95769928370154    25    
54966.58438449478    4486.688106076631     222.64304728139666    25    
54967.08438449478    4413.262640458571     223.20518764175839    25    
54967.58438449478    4338.644980205399     224.64046196777957    25    
54968.08438449478    4263.04158821506      226.86288505055072    25    
54968.58438449478    4185.392558649854     224.500232587801      25    
54969.08438449478    4105.677300857816     217.32933116397442    25    
54969.58438449478    4026.7171594970505    217.1192701011552     25    
54970.08438449478    3948.433507951136     224.6631699086724     25    
54970.58438449478    3873.619823738087     229.5853963009752     25    
54971.08438449478    3802.4262504108706    231.69393689226882    25    
54971.58438449478    3735.471732318266     228.6160931087466     25    
54972.08438449478    3673.111930448568     219.74720987155658    25    
54972.58438449478    3613.232007622185     203.50535246367292    25    
54973.08438449478    3555.811711763613     174.08355818358518    25    
54973.58438449478    3498.9303476230775    154.07957739460338    25    
54974.08438449478    3442.3614229606064    158.2817935707862     25    
54974.58438449478    3384.8513000263974    159.71441464579152    25    
54975.08438449478    3326.0747908351773    148.7067479963886     25    
54975.58438449478    3265.601149395392     140.98966632299064    25    
54976.08438449478    3203.3137383982103    143.28285509741       25    
54976.58438449478    3138.7400845389334    148.38858863941783    25    
54977.08438449478    3071.57935693499      155.85270699635933    25    
54977.58438449478    3002.0544727361653    159.58542443020136    25    
54978.08438449478    2929.883116925578     153.97944785581072    25    
54978.58438449478    2856.2087370850386    147.58925785998187    25    
54979.08438449478    2781.434802826217     146.08601340583348    25    
54979.58438449478    2706.4393712199208    146.02108548220178    25    
54980.08438449478    2631.9248246880293    147.16557654103704    25    
54980.58438449478    2558.257783395938     146.85620455787657    25    
54981.08438449478    2486.1224322314597    140.0191251741175     25    
54981.58438449478    2415.2899598321824    132.7753601469465     25    
54982.08438449478    2345.7916859039383    132.61499485481144    25    
54982.58438449478    2277.5701500225487    136.0876777964754     25    
54983.08438449478    2210.5136855868573    142.8095130787638     25    
54983.58438449478    2144.7328629771464    148.86412247690498    25    
54984.08438449478    2080.2321122946605    146.63184839075518    25    
54984.58438449478    2017.2985260585906    140.0101004593646     25    
54985.08438449478    1956.4537965057086    133.2969161540558     25    
54985.58438449478    1897.8386121035044    125.16199186668977    25    
54986.08438449478    1842.12835868771      113.77358021679167    25    
54986.58438449478    1789.3101692159653    100.88771101309177    25    
54987.08438449478    1739.898036349087     96.89265041111707     25    
54987.58438449478    1693.7303289015088    98.91598829642552     25    
54988.08438449478    1650.5872867306216    97.63464811876585     25    
54988.58438449478    1610.437534012554     94.69009040522629     25    
54989.08438449478    1572.9590667199382    91.34182258831298     25    
54989.58438449478    1538.1485002488976    87.59574311308859     25    
54990.08438449478    1505.6797986539273    84.99679448034495     25    
54990.58438449478    1475.5565777134734    83.49381826870683     25    
54991.08438449478    1447.447021415637     82.8741767913227      25    
54991.58438449478    1421.3593052893286    83.29287219017        25    
54992.08438449478    1396.958273888116     88.45987831201046     25    
54992.58438449478    1374.2542218595138    97.53497606869254     25    
54993.08438449478    1352.9110949544129    103.0179815011882     25    
54993.58438449478    1332.9388663070756    105.01490487439351    25    
54994.08438449478    1314.0030234975748    112.9543801878322     25    