@INSTRUMENT MEGACAMPSF
@BAND z
@MAGSYS AB
@WEIGHTMAT weightmat_SNLS_z.dat
@X_FOCAL_PLANE -5.47938
@Y_FOCAL_PLANE -0.417015
#Date : MJD
#Flux : 
#Fluxerr : errors (but look at the weight matrix)
#ZP : 
#end
53415.62  0.30929102  0.640466767019  25.297712999999998
53446.57  5.0162207  0.32458641126  25.297712999999998
53461.59  1.3640583  1.22286251961  25.297712999999998
53462.58  2.6736292  1.23984187069  25.297712999999998
53469.55  3.1138  0.525358004561  25.297712999999998
53475.43  2.1147241  0.516961214618  25.297712999999998
53495.47  1.2440805  0.578206890797  25.297712999999998
53502.28  0.60957842  0.488274252827  25.297712999999998
53505.35  1.5565704  0.442532954021  25.297712999999998
53508.42  0.71630792  0.873436883106  25.297712999999998
53519.34  0.2580025  0.609935714188  25.297712999999998
53527.38  0.46529651  0.434794154278  25.297712999999998
53534.38  0.38796387  0.675423145592  25.297712999999998
53551.35  -0.1504425  0.471765299688  25.297712999999998
53552.36  0.98287902  0.690667964223  25.297712999999998
53558.34  0.42371907  0.435320385367  25.297712999999998
53564.26  1.9151199  2.21432940436  25.297712999999998
53565.35  0.12319878  0.595794288439  25.297712999999998
53799.57  -0.063785477  0.533480635331  25.297712999999998
