#mB  c  mBmB x1x1 cc mBx1 mBc x1c
23.203136935168928  -0.3  0.0006043619077882562  0.045497343979182675  0.001035898766904192  0.0008461897355062571  6.61724659017412e-06  0.00014226925434856748
23.20365335024497  0.3  0.0005830457392659823  0.049848636965680815  0.0013171818638311405  0.0008333719241434756  0.00022406563834618295  0.0009329136651895353
23.70849787317762  0.0  0.000841413138964298  0.07165970918237129  0.0016826919998573983  0.0016472021262838457  1.952279593400882e-05  0.0010564861876907546
24.208497873177617  0.0  0.0013843192395294407  0.12711282006125876  0.0027436336515798813  0.0034315418751752285  -0.00012014752047241263  0.0023914884726177264
24.708497873177613  0.0  0.002643324409642144  0.2624171069013231  0.0051554000594336786  0.007697050295383971  -0.0003593088735194056  0.006122909594271367
24.207074476073444  -0.15  0.0014054215792736761  0.12068212315613049  0.0023887609581956797  0.0034702136244804263  -0.00022971757504660007  0.001957700523732338
24.207369322702633  0.15  0.0013644903708982827  0.1333910960851717  0.00316625216984455  0.0033678569526855266  1.8844564400151795e-05  0.0028010139432747723
25.203136935168928  -0.3  0.005736488200755125  0.5195084187911364  0.006775879074199946  0.017846975179386132  -0.0014159050378362847  0.012160048979568554
25.203653350244966  0.3  0.005643798384424711  0.6583066232246263  0.01755051123268074  0.018325403508371335  0.00031718148431391296  0.0188968037794372
