#mB  c  mBmB x1x1 cc mBx1 mBc x1c
20.16093616078145  -0.3  0.0002964901078884373  0.025889807143499095  0.00028251163681090814  0.0011606106860877494  0.00016897879738661515  0.00021997104414162312
20.162081197371542  0.3  0.00031347224389343634  0.017943905504316644  0.00025106623409754754  0.0008559289338747557  0.00021217419445618182  0.00024103663361137246
20.666650049782316  0.0  0.00039671196432269933  0.04242236964814769  0.0003479826891538957  0.0018718085430050096  0.00022906686614543157  0.00042713949652564633
21.166650049782312  0.0  0.0006028724018340397  0.09207706010907772  0.0005211472916564702  0.003935959102846502  0.00028619350219231797  0.0008600514815794567
21.666650049782312  0.0  0.001095659942947764  0.21487109656558798  0.0009213390513695246  0.00901884908717494  0.00040265401044148227  0.0019108353331151794
21.165059699224372  -0.15  0.0006028314694557617  0.09892332682812285  0.0005453437492864499  0.004231477857320914  0.00022668650479282056  0.0008337955524109235
21.165669112617582  0.15  0.000607903512070196  0.08361101038496478  0.0004983591642276678  0.003586910562972552  0.0003333291369586092  0.0008589740572529661
22.160936160781446  -0.3  0.0024612004282009003  0.5650156441305495  0.0020895245361694215  0.02399230602572005  -0.00010403963097076972  0.003993927839587435
22.16208119737154  0.3  0.0023786551171296488  0.4219646638111965  0.0017600455532793503  0.017561652409686143  0.0012391927598737482  0.004432163264245899
