55426.207513394154    0.948584517987001     0.24713561004773726     25    
55426.707513394154    1.084113612163967     0.24584323775720177     25    
55427.207513394154    1.2287919560743388    0.24462742631752818     25    
55427.707513394154    1.382691335638507     0.2504356639623514      25    
55428.207513394154    1.5458117747841522    0.2693127060577919      25    
55428.707513394154    1.71815324001501      0.292942802541068       25    
55429.207513394154    1.899787517248595     0.30922217735410834     25    
55429.707513394154    2.090714659120261     0.3138121867696006      25    
55430.207513394154    2.290934603434683     0.3128176441092745      25    
55430.707513394154    2.500519136100762     0.31171645995677766     25    
55431.207513394154    2.719468338455779     0.3123571250022202      25    
55431.707513394154    2.947782119616846     0.31290113437304584     25    
55432.207513394154    3.185532265478505     0.3133094409477822      25    
55432.707513394154    3.432718886074208     0.31356553095779277     25    
55433.207513394154    3.689341861845        0.31369240090777406     25    
55433.707513394154    3.9554729786653087    0.3137104000828669      25    
55434.207513394154    4.231112375259037     0.31358842014691946     25    
55434.707513394154    4.51625990340263      0.3133636316567416      25    
55435.207513394154    4.810987348944676     0.31315950187509783     25    
55435.707513394154    5.115693597992041     0.31250716663338435     25    
55436.207513394154    5.4299812718182165    0.31187967326610266     25    
55436.707513394154    5.752723963793471     0.3128245663248007      25    
55437.207513394154    6.086629696961572     0.31665983541665355     25    
55437.707513394154    6.4290025410159775    0.32199005051128166     25    
55438.207513394154    6.7705664976157305    0.3263716509952046      25    
55438.707513394154    7.112421150628721     0.3288069229823943      25    
55439.207513394154    7.4534737810390554    0.33036799133688177     25    
55439.707513394154    7.781054721066862     0.3317874992161913      25    
55440.207513394154    8.09455657361998      0.33339708135885904     25    
55440.707513394154    8.394585227613849     0.3348577346362787      25    
55441.207513394154    8.670163432881774     0.3358823131561987      25    
55441.707513394154    8.916821533485587     0.3361041311398211      25    
55442.207513394154    9.1390031074931       0.3358786788647692      25    
55442.707513394154    9.33904907046015      0.3360047382435831      25    
55443.207513394154    9.514887456971913     0.33678035013748575     25    
55443.707513394154    9.668575743101854     0.33789617722791954     25    
55444.207513394154    9.808721151676473     0.3392475202967383      25    
55444.707513394154    9.935657730778843     0.34114585973737355     25    
55445.207513394154    10.049052510172682    0.3432685057076189      25    
55445.707513394154    10.156629538913846    0.34457223937324727     25    
55446.207513394154    10.261185076235494    0.34725048679093284     25    
55446.707513394154    10.359943994558737    0.3491292646460733      25    
55447.207513394154    10.452328840565729    0.34259648855340297     25    
55447.707513394154    10.53979829000187     0.31819231206483173     25    
55448.207513394154    10.620906346122197    0.2815003734696355      25    
55448.707513394154    10.69067194451536     0.25179142949320604     25    
55449.207513394154    10.748925636326684    0.244803717458419       25    
55449.707513394154    10.795836198509306    0.2503480832725187      25    
55450.207513394154    10.826844255111855    0.25527700898951833     25    
55450.707513394154    10.840313957739905    0.2552636808884447      25    
55451.207513394154    10.837865917703862    0.25471199954903534     25    
55451.707513394154    10.819784557412344    0.25396710674330203     25    
55452.207513394154    10.785112845806806    0.2528980095436295      25    
55452.707513394154    10.734797772917299    0.2516304232952036      25    
55453.207513394154    10.672015006200157    0.25091726150509935     25    
55453.707513394154    10.596817211939573    0.2513851242103113      25    
55454.207513394154    10.50915167333908     0.25241859211350454     25    
55454.707513394154    10.41210339880941     0.2529193839521387      25    
55455.207513394154    10.306221104554783    0.25141137428194904     25    
55455.707513394154    10.190961826468994    0.24934407756021618     25    
55456.207513394154    10.067825145380192    0.25009889213025116     25    
55456.707513394154    9.937175227896383     0.2564585970694475      25    
55457.207513394154    9.798652046424177     0.2653746291601964      25    
55457.707513394154    9.652692047391085     0.2718720118449028      25    
55458.207513394154    9.499251631747175     0.27398458734067216     25    
55458.707513394154    9.338373741006146     0.27394464081662606     25    
55459.207513394154    9.170637398496861     0.2733880702413472      25    
55459.707513394154    8.995270996147614     0.27277767912296835     25    
55460.207513394154    8.813035623510364     0.271655144306933       25    
55460.707513394154    8.626855486985141     0.27029372713042754     25    
55461.207513394154    8.436173075563204     0.26849322486690064     25    
55461.707513394154    8.241537356708001     0.26644216827470335     25    
55462.207513394154    8.04763696711362      0.2650319987222032      25    
55462.707513394154    7.854546003085084     0.26490809362410844     25    
55463.207513394154    7.66219028397481      0.26544837866870175     25    
55463.707513394154    7.4751692803725245    0.26565530282399885     25    
55464.207513394154    7.294282657023982     0.266766686377966       25    
55464.707513394154    7.11874176995858      0.2675594563703968      25    
55465.207513394154    6.950866980001784     0.2632598894798896      25    
55465.707513394154    6.791317991813184     0.24814079505890435     25    
55466.207513394154    6.639444951462802     0.22603724685100185     25    
55466.707513394154    6.495646103448785     0.20866044018806584     25    
55467.207513394154    6.359961754315713     0.2046259483427161      25    
55467.707513394154    6.232352150309876     0.20778737422923982     25    
55468.207513394154    6.113106561541803     0.2106102037048138      25    
55468.707513394154    6.002564032656104     0.21062195171742382     25    
55469.207513394154    5.900391230496312     0.21029868890999173     25    
55469.707513394154    5.805861510257319     0.20960945579319032     25    
55470.207513394154    5.719283734130152     0.20816495892929435     25    
55470.707513394154    5.640354727678029     0.2063296219083216      25    
55471.207513394154    5.567387966491578     0.2052464205493451      25    
55471.707513394154    5.500372033708823     0.20567301757519912     25    
55472.207513394154    5.439318668720306     0.20687360749032288     25    
55472.707513394154    5.382515184295593     0.20778345103134663     25    
55473.207513394154    5.329844261594358     0.20811263135479602     25    
55473.707513394154    5.281421561112936     0.20815156479802288     25    
55474.207513394154    5.235825854522157     0.2076966106950404      25    
55474.707513394154    5.192937255077595     0.20757569303539414     25    
55475.207513394154    5.152873792375138     0.2069747828467928      25    
55475.707513394154    5.114522698584157     0.20312346909997872     25    
55476.207513394154    5.0778639120158955    0.19236349901505287     25    
55476.707513394154    5.042917483650035     0.17717406241153044     25    
55477.207513394154    5.008587287492675     0.16528702772960407     25    
55477.707513394154    4.974839318132429     0.16233395935512962     25    
55478.207513394154    4.941707277819877     0.1641921200477668      25    
55478.707513394154    4.908153290827748     0.1656148034900902      25    
55479.207513394154    4.8741401626073495    0.1644391157652283      25    
55479.707513394154    4.8397046888624       0.16278719685331294     25    
55480.207513394154    4.80387806012316      0.1618764276793138      25    
55480.707513394154    4.76663731874034      0.16248087333678754     25    
55481.207513394154    4.728005301067986     0.16384949592232811     25    
55481.707513394154    4.687040853856741     0.16495592967000228     25    
55482.207513394154    4.643410911356446     0.16563253681300003     25    
55482.707513394154    4.59744140911746      0.16605376265264288     25    
55483.207513394154    4.549159570924595     0.1656953752598554      25    
55483.707513394154    4.498141613747136     0.16463920395337328     25    
55484.207513394154    4.444801487867276     0.16278614193050225     25    
55484.707513394154    4.3904534787405805    0.15926443660949252     25    
55485.207513394154    4.3350943326317095    0.15226006375849963     25    
55485.707513394154    4.278726646903851     0.14304326050014765     25    
55486.207513394154    4.22273626730826      0.13600418297278108     25    
55486.707513394154    4.16745593909505      0.134306964307764       25    
55487.207513394154    4.11256040138364      0.1354802847297975      25    
55487.707513394154    4.058492044910185     0.13614624695729843     25    
55488.207513394154    4.005721335159671     0.13480752415051805     25    
55488.707513394154    3.9537893609333388    0.1329088609207517      25    
55489.207513394154    3.9017316178711283    0.13150557467817098     25    
55489.707513394154    3.8495661713489833    0.1311174224921239      25    
55490.207513394154    3.797275890947368     0.13126465503148957     25    
55490.707513394154    3.7437926156360675    0.13155369760679772     25    
55491.207513394154    3.688826050764816     0.1320813690497857      25    
55491.707513394154    3.6326594195173803    0.13275080149732668     25    
55492.207513394154    3.5750513317473014    0.13285853354986912     25    
55492.707513394154    3.5155419078469805    0.1331517623473257      25    
55493.207513394154    3.4545788131212944    0.13290686859238363     25    
55493.707513394154    3.3933057156957473    0.12906259941078627     25    
55494.207513394154    3.331701086223026     0.11734630401034081     25    
55494.707513394154    3.2697852428871332    0.09957894981543713     25    
55495.207513394154    3.2088293459524677    0.08428830993805515     25    
55495.707513394154    3.1490208649819507    0.08002121298322247     25    
55496.207513394154    3.0901768774298923    0.08230236512946856     25    
55496.707513394154    3.0330689013838694    0.08419795815372254     25    
55497.207513394154    2.978020901185928     0.08318038369356365     25    
55497.707513394154    2.9247177528805124    0.0817445341399242      25    
55498.207513394154    2.872989115776488     0.08062930441432295     25    
55498.707513394154    2.8228658142322502    0.08014851413002838     25    
55499.207513394154    2.774318028400793     0.0800212320467852      25    
55499.707513394154    2.7270717789868995    0.08014159860430597     25    
55500.207513394154    2.68108436889397      0.08070893283563085     25    
55500.707513394154    2.6363973883462504    0.0815213230738207      25    
55501.207513394154    2.5928506324407588    0.08186156889039337     25    
55501.707513394154    2.550361521052694     0.08133856697396002     25    
55502.207513394154    2.509010217561302     0.08032725726426909     25    
55502.707513394154    2.468878309749658     0.07927266994538293     25    
55503.207513394154    2.429957392502735     0.07874047334204537     25    
55503.707513394154    2.3922555556517318    0.07819077391551228     25    
55504.207513394154    2.355885005489491     0.07636663879902678     25    
55504.707513394154    2.320877785165104     0.07170015281495393     25    
55505.207513394154    2.287202791962413     0.06517376446147972     25    
55505.707513394154    2.2548816452254674    0.05996973361375792     25    
55506.207513394154    2.223986167893525     0.05856415658465256     25    
55506.707513394154    2.194446844760551     0.05926736302063563     25    
55507.207513394154    2.1660677698365984    0.05981772542281319     25    
55507.707513394154    2.1388552366816245    0.059387694966941434    25    
55508.207513394154    2.112803300693271     0.05878088385358631     25    
55508.707513394154    2.087684086649461     0.058156343400130685    25    
55509.207513394154    2.0634926231881607    0.05752637243390656     25    
55509.707513394154    2.040233884480329     0.05687779534056595     25    
55510.207513394154    2.0176799981563156    0.05635043148366832     25    
55510.707513394154    1.995825902699976     0.05600549872560667     25    
55511.207513394154    1.9746766614244364    0.055790052592687794    25    
55511.707513394154    1.9540044029719994    0.055679643400081566    25    
55512.207513394154    1.9338039756906267    0.05543465338907879     25    
55512.707513394154    1.9140805319991607    0.05528666873476234     25    
55513.207513394154    1.8946062015700675    0.0559411003206725      25    
55513.707513394154    1.875375742633674     0.058039348699523235    25    
55514.207513394154    1.8563943966780527    0.06082357683886462     25    
55514.707513394154    1.8374342944240822    0.06301073507380214     25    
55515.207513394154    1.818490104002678     0.06370631710347158     25    
55515.707513394154    1.7995671559346775    0.06389285949682726     25    
55516.207513394154    1.780437582007603     0.06521877781694999     25    
55516.707513394154    1.7610959602711929    0.06739392205999825     25    