#Date  :
#Flux  :
#Fluxerr  :
#ZP  :
#end  :
@INSTRUMENT  PS
@BAND  PS_r
@MAGSYS  AB
54950.5  -13.213000297546387  11.74899959564209  27.523
54973.5  -8.64900016784668  6.800000190734863  27.523
54983.3984375  8.027000427246094  9.321999549865723  27.523
54993.3984375  -2.309000015258789  9.505999565124512  27.523
54996.3984375  23.297000885009766  17.224000930786133  27.523
54999.3984375  8.345999717712402  8.64900016784668  27.523
55002.3984375  9.668999671936035  13.038999557495117  27.523
55014.30078125  -21.006999969482422  16.549999237060547  27.523
55029.30078125  1.5640000104904175  22.25  27.523
55221.69921875  8.612000465393066  6.742000102996826  27.523
55230.69921875  -31.735000610351562  17.496999740600586  27.523
55233.6015625  16.777000427246094  22.538999557495117  27.523
55236.6015625  6.8429999351501465  6.3979997634887695  27.523
55239.6015625  -0.5839999914169312  6.0320000648498535  27.523
55242.6015625  9.057000160217285  9.871999740600586  27.523
55251.6015625  -5.304999828338623  7.186999797821045  27.523
55266.6015625  1.1269999742507935  12.1850004196167  27.523
55269.6015625  3.010999917984009  14.496999740600586  27.523
55272.6015625  -8.225000381469727  7.690999984741211  27.523
55275.6015625  -9.89900016784668  9.342000007629395  27.523
55281.5  12.611000061035156  15.060999870300293  27.523
55305.5  -9.557999610900879  12.390000343322754  27.523
55326.5  -6.5970001220703125  10.407999992370605  27.523
55329.5  -18.448999404907227  12.446999549865723  27.523
55332.3984375  3.509999990463257  7.494999885559082  27.523
55338.3984375  -7.577000141143799  16.16699981689453  27.523
55347.3984375  6.7729997634887695  12.109999656677246  27.523
55350.30078125  -0.8209999799728394  6.506999969482422  27.523
55353.3984375  -3.5929999351501465  8.897000312805176  27.523
55359.30078125  -30.32200050354004  23.62700080871582  27.523
55362.30078125  -15.256999969482422  8.786999702453613  27.523
55365.30078125  -2.572000026702881  10.553000450134277  27.523
55368.3984375  4.074999809265137  12.817999839782715  27.523
55377.3984375  -3.2990000247955322  8.579000473022461  27.523
55389.30078125  -3.2909998893737793  6.296000003814697  27.523
55596.69921875  6.303999900817871  5.828999996185303  27.523
55602.6015625  -0.6589999794960022  6.684000015258789  27.523
55605.69921875  58.900001525878906  19.559999465942383  27.523
55629.6015625  -1.309999942779541  6.729000091552734  27.523
55635.6015625  20.19499969482422  12.437999725341797  27.523
55650.6015625  -2.2100000381469727  9.406000137329102  27.523
55653.6015625  3.9709999561309814  12.538000106811523  27.523
55662.5  -14.104000091552734  39.95100021362305  27.523
55665.3984375  1.6920000314712524  11.857999801635742  27.523
55674.3984375  0.6579999923706055  8.491000175476074  27.523
55677.3984375  2.500999927520752  6.561999797821045  27.523
55710.30078125  66.177001953125  7.572000026702881  27.523
55719.3984375  91.3239974975586  7.815999984741211  27.523
55722.30078125  98.75199890136719  16.518999099731445  27.523
55737.30078125  32.59600067138672  12.105999946594238  27.523
55740.30078125  7.0970001220703125  14.670000076293945  27.523
55743.30078125  16.16900062561035  9.333000183105469  27.523
55746.30078125  19.60300064086914  6.302000045776367  27.523
55752.30078125  13.020999908447266  10.46500015258789  27.523
55761.30078125  -16.384000778198242  10.128999710083008  27.523
55970.69921875  32.11000061035156  17.827999114990234  27.523
55977.6015625  53.84600067138672  19.174999237060547  27.523
55981.6015625  18.823999404907227  10.022000312805176  27.523
55984.6015625  13.979000091552734  8.144000053405762  27.523
56000.6015625  3.497999906539917  7.318999767303467  27.523
56006.6015625  12.522000312805176  7.2789998054504395  27.523
56014.6015625  -5.202000141143799  12.418999671936035  27.523
56029.6015625  0.5569999814033508  8.020000457763672  27.523
56032.6015625  0.3580000102519989  7.551000118255615  27.523
56036.5  -67.97899627685547  50.3129997253418  27.523
56040.5  0.41100001335144043  9.458000183105469  27.523
56046.5  -7.017000198364258  9.52400016784668  27.523
56059.30078125  -13.602999687194824  24.378000259399414  27.523
56062.5  -6.058000087738037  8.012999534606934  27.523
56065.3984375  -3.2739999294281006  6.041999816894531  27.523
56088.30078125  -2.9660000801086426  10.039999961853027  27.523
56091.30078125  -14.11400032043457  10.85099983215332  27.523
56094.30078125  -3.0409998893737793  5.788000106811523  27.523
56384.5  9.178000450134277  12.97599983215332  27.523
56387.6015625  -21.49799919128418  14.236000061035156  27.523
56390.6015625  0.16899999976158142  14.666999816894531  27.523
56395.5  5.531000137329102  10.057999610900879  27.523
56401.5  7.510000228881836  13.255000114440918  27.523
56416.5  15.20199966430664  12.303999900817871  27.523
56420.3984375  -5.913000106811523  8.034000396728516  27.523
56424.5  7.317999839782715  7.123000144958496  27.523
56427.3984375  -2.2960000038146973  7.706999778747559  27.523
56443.3984375  2.4619998931884766  8.621000289916992  27.523
56450.3984375  -5.879000186920166  11.416000366210938  27.523
56460.30078125  -3.183000087738037  8.854999542236328  27.523
56475.30078125  -7.0329999923706055  4.796999931335449  27.523
56478.30078125  -3.384999990463257  6.433000087738037  27.523
56486.30078125  -3.2300000190734863  6.671000003814697  27.523
56489.30078125  4.409999847412109  11.140000343322754  27.523
56508.30078125  8.70300006866455  7.685999870300293  27.523
