#Date  :
#Flux  :
#Fluxerr  :
#ZP  :
#end  :
@INSTRUMENT  CNIa02
@BAND  Bessell12_V
@MAGSYS  Linear_AB11_off
57859.2341  4733.692033483018  152.59620195445518  25.0
57861.23460000008  4491.588901059318  144.7917190629161  25.0
57863.43600000022  4703.270964407775  155.9474151964919  25.0
57877.272900000215  2112.515966240856  85.61076079666657  25.0
57879.18899999978  1955.2396696208905  81.03790289632367  25.0
57883.372099999804  1268.235775555588  137.83442134331295  25.0
57885.39710000018  1144.9855346901882  92.80221715950722  25.0
57887.38040000014  979.0390174480517  81.15554329260388  25.0
57892.34679999994  772.6805850957021  52.66321878742791  25.0
57809.46721999999  0.0  602.5595860743575  25.0
57822.424199999776  0.0  1737.800828749378  25.0
57825.54599000001  0.0  1555.965631605075  25.0
57828.47524000006  0.0  2290.86765276777  25.0
57829.56921999995  0.0  990.8319448927665  25.0
57832.539789999835  0.0  928.9663867799381  25.0
57835.54033999983  0.0  1202.2644346174131  25.0
57837.57090999978  0.0  809.0958991783822  25.0
57843.485969999805  0.0  920.4495717531722  25.0
57847.346210000105  981.7479430199854  189.8868870071618  25.0
57848.52871000022  1541.7004529495584  184.59461700131183  25.0
57850.48468999984  1819.7008586099826  201.1207713940394  25.0
57852.5303199999  0.0  2032.3570109362208  25.0
57854.43949999986  0.0  2249.0546058357804  25.0
57858.527540000156  4168.693834703359  268.76562386701283  25.0
57863.46017999994  5058.246620031143  232.94086527749778  25.0
57869.35160999978  3467.3685045253237  191.6138647289047  25.0
57877.3195199999  2249.0546058357804  227.8601427821062  25.0
57881.24760999996  2070.1413487910413  419.4675416868122  25.0
57884.37588999979  1614.3585568264868  297.3758358132242  25.0
57890.48896999983  0.0  1056.8175092136573  25.0
57892.40584000014  0.0  672.9766562843182  25.0
57894.24049999984  0.0  1721.8685749860078  25.0
57895.47465999983  0.0  698.2324040771712  25.0
57899.438279999886  0.0  981.7479430199854  25.0
57900.39306000015  0.0  666.8067692136219  25.0
57903.322490000166  0.0  625.1726927756849  25.0
57907.38770999992  0.0  879.0225168308842  25.0
57912.381940000225  0.0  1674.9428760264364  25.0
57917.413579999935  0.0  928.9663867799381  25.0
57924.36556999991  0.0  591.5616341754743  25.0
57927.373399999924  0.0  602.5595860743575  25.0
57931.274209999945  0.0  711.2135136533288  25.0
57937.28372000018  0.0  1191.2420080273762  25.0
57957.2953499998  0.0  636.7955209079169  25.0
