53418.987609183416    0.0                     1e-05                    25    
53419.487609183416    0.0                     1e-05                    25    
53419.987609183416    0.0                     1e-05                    25    
53420.487609183416    0.0                     1e-05                    25    
53420.987609183416    0.0                     1e-05                    25    
53421.487609183416    0.0                     1e-05                    25    
53421.987609183416    0.0                     1e-05                    25    
53422.487609183416    0.0                     1e-05                    25    
53422.987609183416    0.0                     1e-05                    25    
53423.487609183416    0.0                     1e-05                    25    
53423.987609183416    0.0                     1e-05                    25    
53424.487609183416    0.0                     1e-05                    25    
53424.987609183416    0.0                     1e-05                    25    
53425.487609183416    0.0                     1e-05                    25    
53425.987609183416    0.0                     1e-05                    25    
53426.487609183416    0.0                     1e-05                    25    
53426.987609183416    0.0                     1e-05                    25    
53427.487609183416    0.0                     1e-05                    25    
53427.987609183416    0.0                     1e-05                    25    
53428.487609183416    0.0                     1e-05                    25    
53428.987609183416    0.0                     1e-05                    25    
53429.487609183416    0.006088468264796834    0.0060884764770374345    25    
53429.987609183416    0.013141370457129823    0.013141374261907484     25    
53430.487609183416    0.02019427264946281     0.020194275125412192     25    
53430.987609183416    0.0272471748417957      0.027247176676848277     25    
53431.487609183416    0.04241967232632339     0.04241967350502178      25    
53431.987609183416    0.06231298282593457     0.062312983628335566     25    
53432.487609183416    0.08572483000444953     0.0857248305877111       25    
53432.987609183416    0.11231548841273963     0.10126004654084049      25    
53433.487609183416    0.14208192226419242     0.10174358235552057      25    
53433.987609183416    0.175249258101632       0.10222002772111845      25    
53434.487609183416    0.2114866930251261      0.10268012532674023      25    
53434.987609183416    0.25045450158554666     0.10311361775144752      25    
53435.487609183416    0.2921341701048178      0.10351397761299007      25    
53435.987609183416    0.33676357162461623     0.10388791499788294      25    
53436.487609183416    0.38401463463761976     0.10424306232746901      25    
53436.987609183416    0.4335476336947011      0.10458674245869018      25    
53437.487609183416    0.48532894141200333     0.10491952461056697      25    
53437.987609183416    0.53960844895869        0.1052368344566701       25    
53438.487609183416    0.596061180405734       0.10554705731837181      25    
53438.987609183416    0.6543474103040062      0.10585869675353851      25    
53439.487609183416    0.714418761749551       0.10518517710335981      25    
53439.987609183416    0.776536415667658       0.1030051789728622       25    
53440.487609183416    0.8403788558932719      0.10216213671263415      25    
53440.987609183416    0.9056063569772645      0.10561738900001162      25    
53441.487609183416    0.9721561566812648      0.11609770696405074      25    
53441.987609183416    1.0402999973153204      0.13146114374021844      25    
53442.487609183416    1.1097201866640345      0.14617281246410918      25    
53442.987609183416    1.1800769992782798      0.15655634975506494      25    
53443.487609183416    1.2512936517709445      0.16081585211521832      25    
53443.987609183416    1.3236517194654813      0.16131577110922468      25    
53444.487609183416    1.3968376982818267      0.1600591826236984       25    
53444.987609183416    1.4705118627708547      0.15892392513845766      25    
53445.487609183416    1.5445837725823983      0.15899806677191836      25    
53445.987609183416    1.619344107681944       0.15913647455663807      25    
53446.487609183416    1.6944839163104528      0.15925040716881123      25    
53446.987609183416    1.7696634730187917      0.15933153318450366      25    
53447.487609183416    1.844779044679423       0.15937316846200172      25    
53447.987609183416    1.9201296875285117      0.15937870780814556      25    
53448.487609183416    1.9954113663137094      0.1593542540493504       25    
53448.987609183416    2.070284355585892       0.15930574695150768      25    
53449.487609183416    2.144631993625828       0.1592268286872822       25    
53449.987609183416    2.2187609845689864      0.15910264920505787      25    
53450.487609183416    2.292372573855408       0.1589669319506487       25    
53450.987609183416    2.365127036035964       0.15885615361019575      25    
53451.487609183416    2.436902829085816       0.15839920898965482      25    
53451.987609183416    2.508023384034296       0.15706337193381245      25    
53452.487609183416    2.5781679498999686      0.1562698131674567       25    
53452.987609183416    2.6469669487830427      0.15757703287775804      25    
53453.487609183416    2.7143160565426823      0.1626220014706115       25    
53453.987609183416    2.7806346746820676      0.17118733676605857      25    
53454.487609183416    2.845424486936737       0.18035786587378666      25    
53454.987609183416    2.908112871737568       0.1876026387088638       25    
53455.487609183416    2.9684610085683545      0.19126064534685744      25    
53455.987609183416    3.0270488440872736      0.19254702633163492      25    
53456.487609183416    3.0833266475893932      0.19263991483591303      25    
53456.987609183416    3.136637245302807       0.1925804300900895       25    
53457.487609183416    3.186632595572072       0.19310307898077245      25    
53457.987609183416    3.233897641099253       0.19362236773996766      25    
53458.487609183416    3.278022945208659       0.19402136789671148      25    
53458.987609183416    3.3184861911924792      0.19427089091649025      25    
53459.487609183416    3.3548002436249824      0.19428268349616518      25    
53459.987609183416    3.38703817353365        0.19393677009210858      25    
53460.487609183416    3.4157215819303532      0.19352393789242694      25    
53460.987609183416    3.4413846058000797      0.19337273343971595      25    
53461.487609183416    3.46422473587589        0.19375461777603128      25    
53461.987609183416    3.483494635944519       0.19454588457784658      25    
53462.487609183416    3.500034372816775       0.19558567125620946      25    
53462.987609183416    3.5148751563751803      0.19673115931136248      25    
53463.487609183416    3.5286347325848872      0.19796612661915736      25    
53463.987609183416    3.5403315618814206      0.19958984349566647      25    
53464.487609183416    3.5506352462780897      0.2011868307083743       25    
53464.987609183416    3.560467092255429       0.20226798864396084      25    
53465.487609183416    3.5705606184814904      0.202795110715621        25    
53465.987609183416    3.5804707425742244      0.20396357253365768      25    
53466.487609183416    3.5900002050947437      0.2041780683338636       25    
53466.987609183416    3.5990521063902428      0.20146444817991518      25    
53467.487609183416    3.6076498521731106      0.1932361331253194       25    
53467.987609183416    3.6161555785871897      0.17709373668957853      25    
53468.487609183416    3.6240555140538517      0.1563772544147964       25    
53468.987609183416    3.6307126376231174      0.13659477601750233      25    
53469.487609183416    3.635693534761291       0.12568099516297104      25    
53469.987609183416    3.6396078685893456      0.12408647257400073      25    
53470.487609183416    3.6420862299272216      0.12750541445808292      25    
53470.987609183416    3.642558386019999       0.13137953172782724      25    
53471.487609183416    3.6405279221863944      0.1322055356668036       25    
53471.987609183416    3.636179491245162       0.13204299813622491      25    
53472.487609183416    3.629747670293509       0.13168325771449874      25    
53472.987609183416    3.621414295978264       0.13128200893202208      25    
53473.487609183416    3.6112532856598576      0.13093375187469294      25    
53473.987609183416    3.598842568190622       0.1304030528864514       25    
53474.487609183416    3.584642354518921       0.12989759972135806      25    
53474.987609183416    3.5692833932428725      0.12972234732555046      25    
53475.487609183416    3.5532381429582798      0.13021400355806628      25    
53475.987609183416    3.5359008382931187      0.13158118980505984      25    
53476.487609183416    3.5176020016409204      0.1332587691186095       25    
53476.987609183416    3.4989261422590907      0.13460442668981284      25    
53477.487609183416    3.4803873926900075      0.13522732685013278      25    
53477.987609183416    3.461761687135424       0.13617501627537207      25    
53478.487609183416    3.4428947642888605      0.13655180385782537      25    
53478.987609183416    3.4237306643487275      0.1349903901252726       25    
53479.487609183416    3.4042668846328406      0.1298031889384135       25    
53479.987609183416    3.3848016462106445      0.11885605211979133      25    
53480.487609183416    3.364995554632867       0.1041193065953343       25    
53480.987609183416    3.3443631680060895      0.08927697797997862      25    
53481.487609183416    3.32251062811058        0.08023564979104578      25    
53481.987609183416    3.2998940860217556      0.07851788661115568      25    
53482.487609183416    3.276296979313416       0.08099006901318678      25    
53482.987609183416    3.2512606619765076      0.08414803098742123      25    
53483.487609183416    3.224366447072051       0.08508958652946201      25    
53483.987609183416    3.1957608612677326      0.08505497293810321      25    
53484.487609183416    3.165579339406849       0.08481793855836696      25    
53484.987609183416    3.1338653002249774      0.08443159685982449      25    
53485.487609183416    3.100628654368643       0.08390730179109437      25    
53485.987609183416    3.065605913326714       0.08291161102901357      25    
53486.487609183416    3.0290645489591803      0.08176886703620873      25    
53486.987609183416    2.9914257211805717      0.08101687561049864      25    
53487.487609183416    2.9530524080885163      0.08121942398651556      25    
53487.987609183416    2.913552117521811       0.08265794763240623      25    
53488.487609183416    2.8730890105808884      0.08465534012005513      25    
53488.987609183416    2.832090453969635       0.08643336635991422      25    
53489.487609183416    2.7909351764605423      0.08726984812798759      25    
53489.987609183416    2.749268495109616       0.08688038920812625      25    
53490.487609183416    2.7072052020738155      0.08601030409090041      25    
53490.987609183416    2.6651206480516807      0.08555982347969178      25    
53491.487609183416    2.6233528947525495      0.08644392563792189      25    
53491.987609183416    2.581597916878627       0.08901568621672439      25    
53492.487609183416    2.539944422388034       0.09229648787435067      25    
53492.987609183416    2.4987238928771043      0.09523049883795431      25    
53493.487609183416    2.458238171653155       0.09691121615724134      25    
53493.987609183416    2.41820916635375        0.09739408623884437      25    
53494.487609183416    2.3787199340739273      0.09722604325882363      25    
53494.987609183416    2.340092782296288       0.09682680566544742      25    
53495.487609183416    2.302631032639693       0.09660446764389785      25    
53495.987609183416    2.266165529893195       0.09653800604300965      25    
53496.487609183416    2.2306814803824713      0.0964290955510862       25    
53496.987609183416    2.1963388481985895      0.09615556936821208      25    
53497.487609183416    2.1632919247707707      0.0955851094380237       25    
53497.987609183416    2.1315051947168766      0.09448967802015844      25    
53498.487609183416    2.1009294775121004      0.09310644816497982      25    
53498.987609183416    2.0715713454714013      0.0918456500107492       25    
53499.487609183416    2.0434373224725952      0.09113399820161874      25    
53499.987609183416    2.0165295190011885      0.09108615965206661      25    
53500.487609183416    1.9908430741533962      0.09141715848485932      25    
53500.987609183416    1.9663726293959902      0.09183572944958715      25    
53501.487609183416    1.9431161941026989      0.09206196357841613      25    
53501.987609183416    1.9211679546302796      0.09216411923422704      25    
53502.487609183416    1.9004581923454025      0.0922243286917342       25    
53502.987609183416    1.8808303497911592      0.09219729253624705      25    
53503.487609183416    1.86213587552268        0.09203768658041735      25    
53503.987609183416    1.8445791223261825      0.09172425520931582      25    
53504.487609183416    1.8280829945365198      0.09129132377700384      25    
53504.987609183416    1.8123309121278581      0.09078104169919378      25    
53505.487609183416    1.7970146269996472      0.09023322811886077      25    
53505.987609183416    1.782344725920393       0.08953578523674781      25    
53506.487609183416    1.7683178370861965      0.08874223713484106      25    
53506.987609183416    1.7546160181096229      0.08803785528172295      25    
53507.487609183416    1.7409255703997242      0.0876138528696784       25    
53507.987609183416    1.7273277446378328      0.08762450057569522      25    
53508.487609183416    1.7139087954217154      0.08789240640078054      25    
53508.987609183416    1.7005528337633404      0.0881422132331245       25    
53509.487609183416    1.68714395835328        0.08810060577088981      25    
53509.987609183416    1.6736131408943449      0.08752506172089006      25    
53510.487609183416    1.6600507281310708      0.08666952050088518      25    
53510.987609183416    1.6465804076833968      0.08596701562133152      25    
53511.487609183416    1.633324759036901       0.08586247821029411      25    
53511.987609183416    1.6202110287854457      0.08663177555313517      25    
53512.487609183416    1.6072260391244457      0.08792222743134734      25    
53512.987609183416    1.5945047536873893      0.08925253521769871      25    
53513.487609183416    1.5821817403054874      0.0901690869807218       25    
53513.987609183416    1.5702494969919478      0.09073648180398305      25    
53514.487609183416    1.5586542276788231      0.09112801282945779      25    
53514.987609183416    1.547423462379063       0.09120690059138209      25    
53515.487609183416    1.5365848236317845      0.09083506075805328      25    
53515.987609183416    1.5262023708187218      0.09015060388253843      25    
53516.487609183416    1.5162360693937924      0.0891443944441984       25    
53516.987609183416    1.5065706568012012      0.08750607035792321      25    
53517.487609183416    1.4970909347654937      0.0848909137170994       25    
53517.987609183416    1.487847015680546       0.0803095882806269       25    
53518.487609183416    1.4788701009408496      0.07393116219180743      25    
53518.987609183416    1.4700355544569677      0.06723843388425159      25    
53519.487609183416    1.4612187401394612      0.06229532453193844      25    
53519.987609183416    1.4524483490235782      0.06071152607303547      25    
53520.487609183416    1.443771198283854       0.06140528959049559      25    
53520.987609183416    1.4350898410397788      0.06276872913029227      25    
53521.487609183416    1.4263068304108402      0.06323921448820104      25    
53521.987609183416    1.417430397548463       0.06223122271788123      25    
53522.487609183416    1.4085039372534154      0.06059152682452096      25    
53522.987609183416    1.3994705901103321      0.05891749818304066      25    
53523.487609183416    1.3902734553927538      0.057867253696974395     25    
53523.987609183416    1.3809243174231125      0.05775730837491148      25    
53524.487609183416    1.3714486852587753      0.05821975307362911      25    
53524.987609183416    1.3617931469617446      0.05897471945147855      25    
53525.487609183416    1.3519041722479261      0.059749005522417985     25    
53525.987609183416    1.3417894832437465      0.06065006067561001      25    
53526.487609183416    1.331475634410021       0.061789539844583116     25    
53526.987609183416    1.3209140353656645      0.0627787034176842       25    
53527.487609183416    1.310055848988365       0.06325055616685123      25    
53527.987609183416    1.298904189711365       0.0629592791708154       25    
53528.487609183416    1.287485465640588       0.062115952856468246     25    
53528.987609183416    1.2757590866247204      0.06103913567820719      25    
53529.487609183416    1.2636840780707401      0.06006278609951298      25    
53529.987609183416    1.2512633244776767      0.05926403351297149      25    
53530.487609183416    1.2385206228625831      0.058447045534296846     25    
53530.987609183416    1.2254169971460718      0.05771844206891069      25    
53531.487609183416    1.2119129322109456      0.05719306213137221      25    
53531.987609183416    1.1979786060454232      0.05705028500141775      25    
53532.487609183416    1.183635175996301       0.05724311509825982      25    
53532.987609183416    1.1689203829105814      0.05744652532987703      25    
53533.487609183416    1.1538719728183224      0.05733609612871527      25    
53533.987609183416    1.1384335496856086      0.056607149433080074     25    
53534.487609183416    1.122568901665117       0.05539799565250027      25    
53534.987609183416    1.1064584525080439      0.054139374405449185     25    
53535.487609183416    1.090285596591251       0.053300155806361035     25    
53535.987609183416    1.0740544329356139      0.05316316748006076      25    
53536.487609183416    1.0576348446406654      0.05347421485993045      25    
53536.987609183416    1.041219417796666       0.05406269061958272      25    
53537.487609183416    1.0250073108006228      0.05476356995380304      25    
53537.987609183416    1.0090410899508842      0.05566564282963804      25    
53538.487609183416    0.9931830998513419      0.056911206438820194     25    
53538.987609183416    0.9775615720607164      0.05805609736814866      25    
53539.487609183416    0.962311939505007       0.05867549661356365      25    
53539.987609183416    0.9475000065822686      0.05848003823106674      25    
53540.487609183416    0.9330444603706686      0.05767797146738416      25    
53540.987609183416    0.9189418460338008      0.05653613551451225      25    
53541.487609183416    0.9051921575922193      0.0553292941136763       25    
53541.987609183416    0.891801087042425       0.0542632985626489       25    
53542.487609183416    0.8787720574493995      0.0531955948845749       25    
53542.987609183416    0.8660883272110651      0.05194681966324487      25    
53543.487609183416    0.853732561649852       0.050322181429994235     25    
53543.987609183416    0.8417012348995357      0.04793831438755476      25    
53544.487609183416    0.8300089959177945      0.04460932919668029      25    
53544.987609183416    0.8186386498354126      0.0409888782074481       25    
53545.487609183416    0.8075716127344882      0.037984450545693896     25    
53545.987609183416    0.7968038353205447      0.03656239568224784      25    
53546.487609183416    0.7863519758417129      0.036484047214042394     25    
53546.987609183416    0.7761962785202585      0.0370145365234574       25    
53547.487609183416    0.7663151595124015      0.03739895849730986      25    
53547.987609183416    0.7567021540769533      0.0371878473699936       25    
53548.487609183416    0.7473763851340285      0.03680479236352047      25    
53548.987609183416    0.7383181200705838      0.03634619030677776      25    
53549.487609183416    0.7295053339793992      0.035878637244560516     25    
53549.987609183416    0.720930463507333       0.035425615085222205     25    
53550.487609183416    0.7126133927406263      0.03492292668430877      25    
53550.987609183416    0.7045347529758683      0.03443321199289049      25    
53551.487609183416    0.6966725193058381      0.034031574767632966     25    
53551.987609183416    0.6890183138082291      0.03377297962493003      25    
53552.487609183416    0.6815924691725886      0.03362093733762473      25    
53552.987609183416    0.6743759826613661      0.03355799890704109      25    
53553.487609183416    0.6673468293673407      0.033569408378870416     25    
53553.987609183416    0.6604958404097375      0.03356675139560668      25    
53554.487609183416    0.6538437498600135      0.03344566123153301      25    
53554.987609183416    0.6473719445571758      0.03350213601321825      25    
53555.487609183416    0.6410583995940052      0.03405359286000138      25    
53555.987609183416    0.6348931787419569      0.03543353017747395      25    
53556.487609183416    0.6288973702329981      0.037609120317394655     25    
53556.987609183416    0.6230527740933951      0.039921401286336755     25    
53557.487609183416    0.6173373654159274      0.04181031097441364      25    
53557.987609183416    0.6117404642349847      0.042802813013637246     25    
53558.487609183416    0.60628346572164        0.0429736134957579       25    
53558.987609183416    0.600948606700121       0.04303799179871888      25    
53559.487609183416    0.5957138622632061      0.04372217408636905      25    
53559.987609183416    0.5905678323189183      0.04527373856520788      25    