48339.75490974602    351.11502094956097    63.42913918923244     25    
48340.25490974602    419.53256335184034    62.91808191105509     25    
48340.75490974602    493.160432521977      64.01657494123172     25    
48341.25490974602    571.7435414399024     70.76923505429639     25    
48341.75490974602    655.1336436749232     77.72193868657682     25    
48342.25490974602    743.0266768262983     79.36129024858592     25    
48342.75490974602    835.3198139127936     78.94011049946933     25    
48343.25490974602    931.667129015422      79.22654408430893     25    
48343.75490974602    1032.004102739984     79.530055510278       25    
48344.25490974602    1135.9500575116688    79.78785638506355     25    
48344.75490974602    1243.4716696608855    80.01240188730962     25    
48345.25490974602    1354.1606218194304    80.21405779906148     25    
48345.75490974602    1468.0076741798957    80.40851062692992     25    
48346.25490974602    1584.6624875936582    80.77677194580058     25    
48346.75490974602    1704.0621590977528    81.226143204994       25    
48347.25490974602    1825.5946941982595    80.76807266466668     25    
48347.75490974602    1949.1367012924086    79.5154742437455      25    
48348.25490974602    2069.4609756004506    79.60330852945806     25    
48348.75490974602    2186.848614860471     81.03601665754015     25    
48349.25490974602    2294.3222645476044    82.18637193546378     25    
48349.75490974602    2392.0221608338557    82.99792396298228     25    
48350.25490974602    2474.045551583508     83.45689360558644     25    
48350.75490974602    2539.203622060724     83.43974213271248     25    
48351.25490974602    2591.094703080944     83.76682510682262     25    
48351.75490974602    2629.04067132492      84.63200845720327     25    
48352.25490974602    2659.7037315102802    85.67765227083827     25    
48352.75490974602    2683.834772624611     87.0396729724916      25    
48353.25490974602    2706.4060821503795    87.7695676059988      25    
48353.75490974602    2730.0034839595687    87.29668886954533     25    
48354.25490974602    2753.0567468592626    86.5579505909036      25    
48354.75490974602    2776.3622776875177    85.78982238461685     25    
48355.25490974602    2796.6785654211603    85.38100719644717     25    
48355.75490974602    2812.576230622128     86.00889293243928     25    
48356.25490974602    2822.2242761618277    86.69471769296099     25    
48356.75490974602    2823.1033064298026    86.59848908243355     25    
48357.25490974602    2816.0415142130796    86.23556265176802     25    
48357.75490974602    2800.5024249431667    85.78637689569406     25    
48358.25490974602    2777.6097225873937    85.4547938302868      25    
48358.75490974602    2748.726998205988     85.95128298133977     25    
48359.25490974602    2714.2185912987475    86.63925875149215     25    
48359.75490974602    2675.7780116082904    87.14266699269523     25    
48360.25490974602    2633.1778240965114    86.43878454103911     25    
48360.75490974602    2587.048746580659     79.12706798891594     25    
48361.25490974602    2537.1972487845965    66.98742443083023     25    
48361.75490974602    2483.3546562455126    62.269455173592554    25    
48362.25490974602    2425.537860934929     63.551101605993864    25    
48362.75490974602    2363.392414487392     63.49166422439689     25    
48363.25490974602    2297.098340737341     62.856289011449284    25    
48363.75490974602    2228.221951623723     61.94546729624192     25    
48364.25490974602    2156.7270309198084    60.766864302741894    25    
48364.75490974602    2085.660581292996     60.31168119205269     25    
48365.25490974602    2014.8945437075363    60.63629843144896     25    
48365.75490974602    1947.390753717278     60.66522829854862     25    
48366.25490974602    1883.2215054742562    60.374857280754284    25    
48366.75490974602    1823.5914468393844    59.29547354164253     25    
48367.25490974602    1768.701521561805     57.02703657158799     25    
48367.75490974602    1718.444448582115     55.607277786065794    25    
48368.25490974602    1672.8360503887745    55.80031909613548     25    
48368.75490974602    1631.8900319571342    55.99794958294257     25    
48369.25490974602    1595.7142487222734    55.80053108208969     25    
48369.75490974602    1563.8722639342075    55.34008263982199     25    
48370.25490974602    1536.394341802762     54.36756712830248     25    
48370.75490974602    1512.5583587293775    53.64389709518199     25    
48371.25490974602    1492.1305622175928    53.78577349215463     25    
48371.75490974602    1474.553558159402     54.06919011319773     25    
48372.25490974602    1459.462333635477     54.11829777399971     25    
48372.75490974602    1446.4886911194835    53.99843148130912     25    
48373.25490974602    1435.2166366548531    53.968202239037296    25    
48373.75490974602    1425.4216614098798    53.12948211398829     25    
48374.25490974602    1416.698782887092     49.28705596951998     25    
48374.75490974602    1408.8681634688865    44.53164303748868     25    
48375.25490974602    1401.4553874859012    43.502403806353506    25    
48375.75490974602    1394.3604058793949    44.237665011931185    25    
48376.25490974602    1387.09171839381      43.916388331247084    25    
48376.75490974602    1379.6032087494184    43.43721288886293     25    
48377.25490974602    1371.420041542989     43.91334667980969     25    
48377.75490974602    1362.5198724866593    44.9047075408621      25    
48378.25490974602    1352.3506656573632    45.300514027055414    25    
48378.75490974602    1340.9829412293748    45.265463330035104    25    
48379.25490974602    1328.277180650469     44.45207216978207     25    
48379.75490974602    1314.283630509982     43.05525895871528     25    
48380.25490974602    1299.5165278482045    44.72461315720356     25    
48380.75490974602    1283.9549101162356    48.99748433597389     25    
48381.25490974602    1268.151331875482     51.18131829074672     25    
48381.75490974602    1252.1094736463488    51.43542714573852     25    
48382.25490974602    1235.910661827601     50.99534638177703     25    
48382.75490974602    1219.6288400349401    49.76671121017957     25    
48383.25490974602    1202.6521414583665    49.08795180074921     25    
48383.75490974602    1184.984603931683     49.28867699786935     25    
48384.25490974602    1166.0510036066294    49.68634540184879     25    
48384.75490974602    1145.7234610603653    50.33402100140398     25    
48385.25490974602    1123.9354804504198    50.45129771892573     25    
48385.75490974602    1100.4882118287585    50.36514824732146     25    
48386.25490974602    1076.0100998843034    47.460928024375114    25    
48386.75490974602    1050.6049273689978    37.23075829131249     25    
48387.25490974602    1024.7700401984457    25.616477442706184    25    
48387.75490974602    998.7549146407836     23.817967075006386    25    
48388.25490974602    972.8194102892613     25.166814337667038    25    
48388.75490974602    947.2555056723695     24.310290811766386    25    
48389.25490974602    922.0545378187215     23.567282364489145    25    
48389.75490974602    897.308800707806      23.453530162666205    25    
48390.25490974602    873.0518214602383     23.68315347894021     25    
48390.75490974602    849.3599904993903     24.21874954724994     25    
48391.25490974602    826.2644571371436     24.704756756448035    25    
48391.75490974602    803.8536423682485     24.325764762790477    25    
48392.25490974602    782.1482740861512     23.46131363888698     25    
48392.75490974602    761.2479211497119     22.50091396962733     25    
48393.25490974602    741.1639874785004     21.515697907570452    25    
48393.75490974602    722.0141836784577     21.3315935370826      25    
48394.25490974602    703.7881283856416     21.67742436939207     25    
48394.75490974602    686.5585864745162     21.71809575651188     25    
48395.25490974602    670.3030329837338     21.57402239899626     25    
48395.75490974602    654.9233236990176     21.34743806935502     25    
48396.25490974602    640.4212245786102     21.035715794243117    25    
48396.75490974602    626.6783067079919     20.757981028213617    25    
48397.25490974602    613.6998566617448     20.510204283369912    25    
48397.75490974602    601.3686361100267     20.389071956800567    25    
48398.25490974602    589.6893836472746     20.40287684125704     25    
48398.75490974602    578.546337852703      20.45171129550242     25    
48399.25490974602    567.9418314827784     20.44641447784278     25    
48399.75490974602    557.7634378835994     21.155066918862392    25    
48400.25490974602    548.009226115838      22.817795094474846    25    
48400.75490974602    538.5719621502964     24.030323969605696    25    
48401.25490974602    529.443593494031      24.258183438436657    25    
48401.75490974602    520.5239366003723     25.18705901141907     25    