57670.20594311884    1708.1387011369584    272.0881009087154     25    
57670.70594311884    2033.2585280088372    270.89845722091087    25    
57671.20594311884    2380.014656715933     273.8372117899078     25    
57671.70594311884    2746.61824667038      291.23291637366975    25    
57672.20594311884    3131.737507526868     308.85561226352075    25    
57672.70594311884    3533.36554946521      312.53679614155965    25    
57673.20594311884    3950.3802506612315    311.39345371364215    25    
57673.70594311884    4380.5734334847975    312.1371559024153     25    
57674.20594311884    4823.015883210499     312.7925124481904     25    
57674.70594311884    5275.314895820605     313.252512151146      25    
57675.20594311884    5736.717402266127     313.5795879614275     25    
57675.70594311884    6204.662933564095     313.7911351427571     25    
57676.20594311884    6678.55780491958      314.02609892317474    25    
57676.70594311884    7155.97908601335      311.7830228082522     25    
57677.20594311884    7635.907957538876     312.649157591311      25    
57677.70594311884    8115.990181934661     337.0292561963435     25    
57678.20594311884    8592.455698929614     369.927366235282      25    
57678.70594311884    9052.075686124848     382.1364717311514     25    
57679.20594311884    9492.711400875922     383.1918166698206     25    
57679.70594311884    9895.605574523486     385.6287788816141     25    
57680.20594311884    10260.675353436653    387.5844652581592     25    
57680.70594311884    10568.948098169762    387.8975607237334     25    
57681.20594311884    10824.102692319673    387.11832303927173    25    
57681.70594311884    11033.233155102569    389.13394345999666    25    
57682.20594311884    11197.624889304263    393.3635950346218     25    
57682.70594311884    11336.771891962935    398.53488368099096    25    
57683.20594311884    11450.238329033331    404.39513913353716    25    
57683.70594311884    11556.617350427197    407.0650620748539     25    
57684.20594311884    11655.011156660034    406.44542958299604    25    
57684.70594311884    11743.7110520468      381.65019662632267    25    
57685.20594311884    11822.86765895337     326.8082238137961     25    
57685.70594311884    11880.80346930736     297.94480495121473    25    
57686.20594311884    11917.712833553358    305.5564354587386     25    
57686.70594311884    11923.289623216173    309.73137758097675    25    
57687.20594311884    11896.577688711208    308.4080033123632     25    
57687.70594311884    11841.946910460605    306.9404692111763     25    
57688.20594311884    11758.472924475773    305.215004934631      25    
57688.70594311884    11657.957568869077    306.4638531257874     25    
57689.20594311884    11540.65096134991     311.97720284696646    25    
57689.70594311884    11416.812054666028    314.92450703249284    25    
57690.20594311884    11288.387217197207    315.87045079492566    25    
57690.70594311884    11155.6372698163      303.36363046392046    25    
57691.20594311884    11019.846585710482    266.03307149293295    25    
57691.70594311884    10876.020348402022    237.98904201498766    25    
57692.20594311884    10723.680902763177    239.53721555849467    25    
57692.70594311884    10559.09057471756     243.7079247467856     25    
57693.20594311884    10380.650836957127    242.90438789442146    25    
57693.70594311884    10189.189816671467    241.15665273830217    25    
57694.20594311884    9983.911480072897     237.56547075919048    25    
57694.70594311884    9768.056459105272     236.03394048832567    25    
57695.20594311884    9542.346995968759     239.93115690281022    25    
57695.70594311884    9309.324649569786     243.19548069890783    25    
57696.20594311884    9069.706046681682     243.757410376321      25    
57696.70594311884    8826.686629716405     240.04137828256924    25    
57697.20594311884    8581.555892817432     226.8097404057804     25    
57697.70594311884    8337.717650170875     213.89245662860841    25    
57698.20594311884    8097.318922456932     211.70359434237457    25    
57698.70594311884    7863.143785834664     212.4315006945233     25    
57699.20594311884    7638.295392194022     211.58258383800043    25    
57699.70594311884    7423.3055902539445    209.94145053617035    25    
57700.20594311884    7220.15269637283      205.61079684898235    25    
57700.70594311884    7028.205238627165     201.26046947734102    25    
57701.20594311884    6847.525926917084     200.66738712341507    25    
57701.70594311884    6678.032062863956     201.41492883500882    25    
57702.20594311884    6520.008229331122     201.37181580712547    25    
57702.70594311884    6372.533465778773     201.0064361843532     25    
57703.20594311884    6234.700320524468     200.18159629043788    25    
57703.70594311884    6105.270270333699     198.61670812618385    25    
57704.20594311884    5981.542650928567     194.84956246862083    25    
57704.70594311884    5862.8799555998885    190.5057671548584     25    
57705.20594311884    5746.059208298517     190.07931705223405    25    
57705.70594311884    5631.298466120998     191.37944549353492    25    
57706.20594311884    5516.844893577925     189.65915416819678    25    
57706.70594311884    5403.244204330154     186.9912442515521     25    
57707.20594311884    5291.073922065575     188.70645488944348    25    
57707.70594311884    5180.4061968698425    192.8187608426436     25    
57708.20594311884    5071.952286750737     194.70484416320932    25    
57708.70594311884    4965.687932994489     194.8975635931499     25    
57709.20594311884    4862.106055079185     192.4465622276428     25    
57709.70594311884    4761.161051949677     187.20556110755882    25    
57710.20594311884    4662.996168876356     175.96289956641627    25    
57710.70594311884    4567.6064430155275    159.1055302448829     25    
57711.20594311884    4475.212113185201     152.68583758412478    25    
57711.70594311884    4385.748320057364     156.09203199344753    25    
57712.20594311884    4298.532501701163     154.72963897443992    25    
57712.70594311884    4213.545029306772     149.2150043637152     25    
57713.20594311884    4128.606925945568     147.12868063496487    25    
57713.70594311884    4043.773447941386     148.57293368460296    25    
57714.20594311884    3956.7377754951435    150.89129320442962    25    
57714.70594311884    3867.4704392437084    154.16107911860507    25    
57715.20594311884    3775.4012490577747    154.76980419606656    25    
57715.70594311884    3680.3081880594336    152.60436653667676    25    
57716.20594311884    3584.6236260631695    146.04188570107323    25    
57716.70594311884    3488.310148808469     133.11858987987492    25    
57717.20594311884    3393.7964219849123    125.18983123762754    25    
57717.70594311884    3301.2696358169965    126.12022179237782    25    
57718.20594311884    3211.969362339294     125.54986992520875    25    
57718.70594311884    3126.287704444842     121.00152660321713    25    
57719.20594311884    3043.3758647383656    118.4561564246385     25    
57719.70594311884    2963.2377079426115    119.48190444923651    25    
57720.20594311884    2885.093042156618     121.95255713687737    25    
57720.70594311884    2808.758287443856     126.3051862314672     25    
57721.20594311884    2734.0078723413376    128.13800470419952    25    
57721.70594311884    2660.557675380736     125.40844768250483    25    
57722.20594311884    2589.160198512204     121.35394554078391    25    
57722.70594311884    2519.9052470652523    117.7616221189676     25    
57723.20594311884    2453.4534686616       110.72914364980069    25    
57723.70594311884    2390.069288498413     94.48442662685576     25    
57724.20594311884    2330.053339043954     79.35508382954797     25    
57724.70594311884    2273.7425318137184    77.93204775925355     25    
57725.20594311884    2220.7993511533386    79.62178006638054     25    
57725.70594311884    2171.167307217532     78.4240089465386      25    
57726.20594311884    2124.5982513955       76.96550717039217     25    
57726.70594311884    2080.9460611619274    75.37846088578087     25    
57727.20594311884    2040.0124079344812    74.02411989902467     25    
57727.70594311884    2001.6262451132234    73.36983564803435     25    
57728.20594311884    1965.6146633472574    73.25875541319857     25    
57728.70594311884    1931.781131454002     72.35899559783309     25    
57729.20594311884    1899.9777954580884    74.26028774482626     25    
57729.70594311884    1869.9839925668564    85.03205141142207     25    
57730.20594311884    1841.675076051073     96.04180130771294     25    
57730.70594311884    1814.8081008343709    98.8134509744998      25    
57731.20594311884    1789.2797775087943    100.32199360967874    25    
57731.70594311884    1764.8267286391401    105.62208982436286    25    