53623.967610664804    0.8324392809489649    0.330598262901156      25    
53624.467610664804    1.0133894173574294    0.30133763777998884    25    
53624.967610664804    1.2172330739725354    0.2964301900027535     25    
53625.467610664804    1.4474598906504026    0.45202065005935305    25    
53625.967610664804    1.7029265310407378    0.6828875793291952     25    
53626.467610664804    1.9867265890737114    0.8333965653655638     25    
53626.967610664804    2.300230141380962     0.8703471925212115     25    
53627.467610664804    2.643354731308684     0.8591709419614829     25    
53627.967610664804    3.0198543942206024    0.8549949196931946     25    
53628.467610664804    3.4287613276575435    0.8584928357344987     25    
53628.967610664804    3.8726853126781724    0.8613061326323961     25    
53629.467610664804    4.353656867347677     0.863235216104565      25    
53629.967610664804    4.871064743997035     0.8644361292311933     25    
53630.467610664804    5.4287518396064804    0.8649323021205102     25    
53630.967610664804    6.026101419499037     0.8646149097326457     25    
53631.467610664804    6.665151684916348     0.8639602923539432     25    
53631.967610664804    7.349467326223528     0.8652473962356867     25    
53632.467610664804    8.078020790046208     0.8682875545019728     25    
53632.967610664804    8.84838865902209      0.861353133595315      25    
53633.467610664804    9.67378715526838      0.8326240471122736     25    
53633.967610664804    10.527800250728616    0.7999660608748768     25    
53634.467610664804    11.376153403025828    0.7915177973911184     25    
53634.967610664804    12.234083232783018    0.8042090194301668     25    
53635.467610664804    13.043026658336823    0.8193656379755963     25    
53635.967610664804    13.790609555703996    0.8303616206447406     25    
53636.467610664804    14.470192186711047    0.8406775047238962     25    
53636.967610664804    15.027233939641478    0.8477089631746156     25    
53637.467610664804    15.465401702360086    0.8509301498480442     25    
53637.967610664804    15.800577263135963    0.8536484669591792     25    
53638.467610664804    16.02914953797753     0.8578135422339295     25    
53638.967610664804    16.159771811690973    0.8622907802760723     25    
53639.467610664804    16.23314570063475     0.8671975717285172     25    
53639.967610664804    16.239721584175125    0.8736471635623987     25    
53640.467610664804    16.2047663774491      0.8780162942815003     25    
53640.967610664804    16.154700296597518    0.8826898311702797     25    
53641.467610664804    16.07885936829918     0.8850123806797859     25    
53641.967610664804    15.981861472596425    0.8542532972140678     25    
53642.467610664804    15.868138722122616    0.7597931607204346     25    
53642.967610664804    15.727596015993889    0.6476205850252862     25    
53643.467610664804    15.551452830862432    0.6014676527021916     25    
53643.967610664804    15.342873212488911    0.6111273767522262     25    
53644.467610664804    15.091393139255738    0.6201929584440483     25    
53644.967610664804    14.790616504532165    0.6136748203221576     25    
53645.467610664804    14.44966954808938     0.6050871910988699     25    
53645.967610664804    14.075893796010522    0.5960769996583012     25    
53646.467610664804    13.664727277709412    0.585809650493018      25    
53646.967610664804    13.238886676003778    0.5780760405122879     25    
53647.467610664804    12.802504405687952    0.5765933508483299     25    
53647.967610664804    12.358953902687562    0.5774684333699025     25    
53648.467610664804    11.930084287196602    0.574933748913043      25    
53648.967610664804    11.512815573320756    0.5708193464862723     25    
53649.467610664804    11.107958861676908    0.5598751069801066     25    
53649.967610664804    10.719838478219048    0.5323523088014064     25    
53650.467610664804    10.344709707511454    0.49468518949412865    25    
53650.967610664804    9.973634863338779     0.4715955607558413     25    
53651.467610664804    9.608792673712173     0.46956936103916713    25    
53651.967610664804    9.24438176929376      0.47207320597261193    25    
53652.467610664804    8.873892975339908     0.46746660123430206    25    
53652.967610664804    8.500130784163582     0.46055114518300966    25    
53653.467610664804    8.124672713718134     0.4520350171350217     25    
53653.967610664804    7.744988908707614     0.44021368632531827    25    
53654.467610664804    7.367458934137703     0.4289655499093343     25    
53654.967610664804    6.99828899647611      0.42412576267098023    25    
53655.467610664804    6.63519236104797      0.4242839924323335     25    
53655.967610664804    6.286978619116254     0.4233754766613739     25    
53656.467610664804    5.955413954009408     0.42405969217736184    25    
53656.967610664804    5.639832266581202     0.41925550943144374    25    
53657.467610664804    5.342816936853105     0.3913287885353815     25    
53657.967610664804    5.064191331624241     0.33391478853035694    25    
53658.467610664804    4.800754543095346     0.2805248608115043     25    
53658.967610664804    4.55206884047841      0.26583753053400017    25    
53659.467610664804    4.317561377980479     0.2709707598481674     25    
53659.967610664804    4.094270330141604     0.270852579264611      25    
53660.467610664804    3.8829350409602914    0.2686627664847735     25    
53660.967610664804    3.681990463773937     0.26524363058046363    25    
53661.467610664804    3.4904578362557306    0.25781967664043537    25    
53661.967610664804    3.3086720849736233    0.2485032288149763     25    
53662.467610664804    3.135613335607997     0.2436713605743038     25    
53662.967610664804    2.971530410811617     0.24465898922986604    25    
53663.467610664804    2.8157636520244314    0.24711950686186243    25    
53663.967610664804    2.6676593330360583    0.24861903594444765    25    
53664.467610664804    2.5274739190947733    0.2499965284458904     25    
53664.967610664804    2.394945729546858     0.24880169289492468    25    
53665.467610664804    2.2698901904020605    0.24650670997682878    25    
53665.967610664804    2.1527242691585218    0.2389328195555295     25    
53666.467610664804    2.0437875833068526    0.2162928530726682     25    
53666.967610664804    1.942955209904179     0.17549695770583937    25    
53667.467610664804    1.8507150941966484    0.13998778444565557    25    
53667.967610664804    1.7675412770241439    0.13339683281027045    25    
53668.467610664804    1.6926571554477645    0.13935397432709928    25    
53668.967610664804    1.6254021893902892    0.13742550464209127    25    
53669.467610664804    1.5662854989711987    0.13132902384106562    25    
53669.967610664804    1.5124545428557372    0.12719505573429474    25    
53670.467610664804    1.4634769109562116    0.12861699647860175    25    
53670.967610664804    1.4188119839976197    0.13221608813529329    25    
53671.467610664804    1.375573249242584     0.13389000476006305    25    
53671.967610664804    1.3343183578346214    0.1343938414500614     25    
53672.467610664804    1.2942771823821895    0.13306626169779473    25    
53672.967610664804    1.2544421657076579    0.12774863315366056    25    
53673.467610664804    1.215547654332011     0.12010451910412583    25    
53673.967610664804    1.1788091967028707    0.11632155176838471    25    
53674.467610664804    1.143873755358228     0.1175300325942463     25    
53674.967610664804    1.1117104243948797    0.12038146501109788    25    
53675.467610664804    1.0833442021973325    0.1237334222485198     25    
53675.967610664804    1.0583354612276579    0.12767010360325085    25    
53676.467610664804    1.036542512731413     0.12742131438386053    25    
53676.967610664804    1.0186786204313543    0.12055839335434407    25    
53677.467610664804    1.0029722544835185    0.11171481284577865    25    
53677.967610664804    0.9877961309955693    0.10619601625586658    25    
53678.467610664804    0.9737575114482473    0.10267849356509429    25    
53678.967610664804    0.9582649336853455    0.10090723178502825    25    
53679.467610664804    0.9407937002260741    0.1019017446191293     25    
53679.967610664804    0.9215684609968345    0.10376987950535227    25    
53680.467610664804    0.8996864744931716    0.10370802424286082    25    
53680.967610664804    0.8750222878686155    0.10235881293825387    25    
53681.467610664804    0.8502316273801631    0.09970476094512654    25    
53681.967610664804    0.8256231173426241    0.09413916700243916    25    
53682.467610664804    0.8017930579084218    0.08761943209304834    25    
53682.967610664804    0.7815394060370217    0.08585055110237398    25    
53683.467610664804    0.7643417819858588    0.08949042709699545    25    
53683.967610664804    0.7508427659723503    0.09305615967374313    25    
53684.467610664804    0.7422677319486338    0.09300306014038817    25    
53684.967610664804    0.737549663420553     0.09182877681268391    25    
53685.467610664804    0.7342385873659746    0.09301827441964622    25    
53685.967610664804    0.7330782237438433    0.09724211717160425    25    
53686.467610664804    0.7320140647157272    0.10137273021111771    25    
53686.967610664804    0.7292710331201916    0.1038633188608366     25    
53687.467610664804    0.7254929145971628    0.10535267362347997    25    
53687.967610664804    0.7190984001248454    0.10373887088606226    25    
53688.467610664804    0.709485403585642     0.09664552021224454    25    
53688.967610664804    0.6979384636614124    0.08862098453905115    25    
53689.467610664804    0.6853009194493781    0.08552835346501017    25    
53689.967610664804    0.6712472021419204    0.08597032526938332    25    
53690.467610664804    0.6574772045245572    0.0911664623198359     25    
53690.967610664804    0.6441062033937096    0.10277277620722022    25    
53691.467610664804    0.6314297865539228    0.11518992869614268    25    
53691.967610664804    0.6205228341257005    0.12350289174329511    25    
53692.467610664804    0.6111722145278514    0.1296758692006657     25    
53692.967610664804    0.6031086163555193    0.13307901643674014    25    
53693.467610664804    0.5963611559662056    0.1330363712861887     25    
53693.967610664804    0.5908065580993537    0.13044994880252309    25    
53694.467610664804    0.5860987547572513    0.1261991468047043     25    
53694.967610664804    0.5823526088920766    0.11963277284846463    25    
53695.467610664804    0.5792557065405138    0.11196993676819376    25    
53695.967610664804    0.576676425182985     0.10382508467815399    25    
53696.467610664804    0.5746183448897814    0.09485460310492097    25    
53696.967610664804    0.5727076879804843    0.0865715071523194     25    
53697.467610664804    0.5710430886908707    0.07907981325082247    25    
53697.967610664804    0.5693598250174726    0.0727071257369293     25    
53698.467610664804    0.5674596189521888    0.06698047637610614    25    
53698.967610664804    0.5654002063390602    0.06285492919201349    25    
53699.467610664804    0.5627976166821403    0.06679038492804089    25    
53699.967610664804    0.5597167140745137    0.07584405383461398    25    
53700.467610664804    0.5559492391857045    0.09259950595781566    25    
53700.967610664804    0.5512390292322384    0.11590489356989282    25    