#Date  :
#Flux  :
#Fluxerr  :
#ZP  :
#end  :
@INSTRUMENT  SDSS
@BAND  SDSS_r
@MAGSYS  AB
53623.170205  -0.4403  0.8145  23.901989999999998
53626.155988  -0.01035  0.9856  23.901989999999998
53628.140865  2.531  1.675  23.901989999999998
53635.148801  0.04159  0.7404  23.901989999999998
53637.142026  -0.142  1.03  23.901989999999998
53644.13375  -0.7921  0.7753  23.901989999999998
53654.167676  10.77  0.9966  23.901989999999998
53656.115237  17.07  1.611  23.901989999999998
53668.116809  21.05  1.398  23.901989999999998
53670.121681  21.56  1.1  23.901989999999998
53673.089518  19.09  0.9876  23.901989999999998
53675.086101  18.3  0.9865  23.901989999999998
53677.106651  17.15  0.9155  23.901989999999998
53680.093297  14.27  0.8025  23.901989999999998
53686.148193  8.455  2.024  23.901989999999998
53693.093885  8.479  1.051  23.901989999999998
53698.090821  7.352  1.107  23.901989999999998
53699.114226  6.915  1.034  23.901989999999998
53702.088815  5.693  1.487  23.901989999999998
53703.097681  7.006  1.355  23.901989999999998
53704.076161  5.211  0.8831  23.901989999999998
