53647.750868328025    0.8390192409685002     0.8390192410280937     25    
53648.250868328025    1.0863421257261017     1.0863421257721277     25    
53648.750868328025    1.37660900711217       1.376609007148491      25    
53649.250868328025    1.7173922549233995     1.7173922549525134     25    
53649.750868328025    2.1069151265780444     2.1069151266017756     25    
53650.250868328025    2.5543872235054343     2.5543872235250085     25    
53650.750868328025    3.0588244311364474     3.0588244311527935     25    
53651.250868328025    3.626343142142978      3.6263431421567662     25    
53651.750868328025    4.261223752557699      4.2517673380159104     25    
53652.250868328025    4.963895842640697      4.2857995293056526     25    
53652.750868328025    5.742999922612108      4.302685767739461      25    
53653.250868328025    6.596483737479373      4.303422307859541      25    
53653.750868328025    7.533039773069997      4.290643408396891      25    
53654.250868328025    8.552993658429326      4.261620572284049      25    
53654.750868328025    9.660747251303514      4.22556551991369       25    
53655.250868328025    10.865421884099007     4.218734462720549      25    
53655.750868328025    12.163182789957245     4.215839166226966      25    
53656.250868328025    13.552548281568969     4.050807779391647      25    
53656.750868328025    15.05842298364043      3.623250141839622      25    
53657.250868328025    16.56330990121         3.2901003525000125     25    
53657.750868328025    18.051709102155176     3.382869707753362      25    
53658.250868328025    19.465624814917515     3.6403162313961297     25    
53658.750868328025    20.662580586621548     3.8168075835603674     25    
53659.250868328025    21.675499023565777     3.9689028076335746     25    
53659.750868328025    22.355222314215517     4.04710763525486       25    
53660.250868328025    22.66305350098783      4.028021058022288      25    
53660.750868328025    22.678367193990344     3.9752610060919564     25    
53661.250868328025    22.406944476463703     3.9270877449811725     25    
53661.750868328025    21.886722944721964     3.8732209345141984     25    
53662.250868328025    21.269156499104326     3.8451925246927003     25    
53662.750868328025    20.519777914886177     3.848275194421468      25    
53663.250868328025    19.77890200253425      3.809370882381386      25    
53663.750868328025    19.08487048052801      3.718553481016143      25    
53664.250868328025    18.42551225745076      3.551991704200395      25    
53664.750868328025    17.831303493005375     3.19741865561102       25    
53665.250868328025    17.288050425447857     2.6632391853036164     25    
53665.750868328025    16.760511192944687     2.31155779196532       25    
53666.250868328025    16.255178253883912     2.2793846352048157     25    
53666.750868328025    15.744957942321054     2.2991316197175515     25    
53667.250868328025    15.217064310632745     2.241086846450031      25    
53667.750868328025    14.673613811468812     2.180790947482134      25    
53668.250868328025    14.103233662113752     2.1296453022843154     25    
53668.750868328025    13.508550346656932     2.085906811489023      25    
53669.250868328025    12.890343425677171     2.102181622188102      25    
53669.750868328025    12.248284727133239     2.21342867694718       25    
53670.250868328025    11.583502892576327     2.3078666210845853     25    
53670.750868328025    10.893715657412764     2.308008496263588      25    
53671.250868328025    10.183454217114424     2.259680679413125      25    
53671.750868328025    9.464538278393203      2.1923979710729755     25    
53672.250868328025    8.733188282534883      2.095272028436327      25    
53672.750868328025    8.010902495335047      2.0150912974802924     25    
53673.250868328025    7.298108636162719      1.9827144670094798     25    
53673.750868328025    6.605450059649788      1.9559729219947588     25    
53674.250868328025    5.948020895478172      1.889690086756801      25    
53674.750868328025    5.322341975400539      1.8006936903903261     25    
53675.250868328025    4.74106380945328       1.726774529905632      25    
53675.750868328025    4.2029164551801586     1.658466912509714      25    
53676.250868328025    3.7120623659207967     1.6455108451319067     25    
53676.750868328025    3.2699530120404843     1.7405033283763889     25    
53677.250868328025    2.8778281857718824     1.8686675699047666     25    
53677.750868328025    2.5414530499527905     1.934317501477056      25    
53678.250868328025    2.259397756718672      1.9654869634244072     25    
53678.750868328025    2.02402956150366       2.0240295615283634     25    
53679.250868328025    1.838991878840649      1.8389918788678377     25    
53679.750868328025    1.690131233323606      1.6901312333531895     25    
53680.250868328025    1.5699002060706506     1.5699002061024998     25    
53680.750868328025    1.4768794618329002     1.4768794618667553     25    
53681.250868328025    1.393959154863888      1.3939591548997572     25    
53681.750868328025    1.3243030239204807     1.3243030239582363     25    
53682.250868328025    1.259934629741632      1.2599346297813168     25    
53682.750868328025    1.1984449661171919     1.1984449661589127     25    
53683.250868328025    1.1411933759826194     1.1411933760264332     25    
53683.750868328025    1.087619315120893      1.087619315166865      25    
53684.250868328025    1.0378487253543833     1.03784872540256       25    
53684.750868328025    0.9914058395138061     0.9914058395642396     25    
53685.250868328025    0.9483897008185108     0.9483897008712318     25    
53685.750868328025    0.9083895514011184     0.908389551456161      25    
53686.250868328025    0.8713120901350729     0.8713120901924577     25    
53686.750868328025    0.8370136404743077     0.8370136405340439     25    
53687.250868328025    0.8051233982604908     0.8051233983225932     25    
53687.750868328025    0.775724637261747      0.7757246373262029     25    
53688.250868328025    0.7483426151397559     0.7483426152065702     25    
53688.750868328025    0.7230081953297598     0.7230081953989154     25    
53689.250868328025    0.6995001346676359     0.6995001347391155     25    
53689.750868328025    0.6776418604292572     0.6776418605030425     25    
53690.250868328025    0.6574587466575479     0.6574587467335983     25    
53690.750868328025    0.6387740234705702     0.6387740235488452     25    
53691.250868328025    0.6216295615507164     0.6216295616311501     25    
53691.750868328025    0.6058484158236783     0.6058484159062072     25    
53692.250868328025    0.59142803984241       0.5914280399269511     25    
53692.750868328025    0.578280922153504      0.5782809222399672     25    
53693.250868328025    0.5663000864571553     0.5663000865454478     25    
53693.750868328025    0.5555007074305649     0.5555007075205738     25    
53694.250868328025    0.5457320910306569     0.5457320911222769     25    
53694.750868328025    0.5370259864131927     0.537025986506298      25    
53695.250868328025    0.5292509692056077     0.5292509693000809     25    
53695.750868328025    0.5223838390359054     0.5223838391316205     25    
53696.250868328025    0.5163683252497231     0.5163683253465532     25    
53696.750868328025    0.5110801076618864     0.5110801077597183     25    
53697.250868328025    0.5065461326169212     0.5065461327156289     25    
53697.750868328025    0.5025814249260497     0.502581425025536      25    
53698.250868328025    0.4992121479905561     0.4992121480907139     25    
53698.750868328025    0.4963056120000655     0.49630561210080987    25    
53699.250868328025    0.4937829827906704     0.49378298289192946    25    
53699.750868328025    0.4916338775934318     0.4916338776951335     25    
53700.250868328025    0.48970829506347807    0.4897082951655797     25    
53700.750868328025    0.48803877009435825    0.48803877019680914    25    
53701.250868328025    0.48651030386854544    0.48651030397131817    25    
53701.750868328025    0.4851238115725489     0.4851238116756154     25    
53702.250868328025    0.4838163758707435     0.4838163759740885     25    
53702.750868328025    0.4825080255324621     0.4825080256360873     25    
53703.250868328025    0.48121692981555825    0.48121692991946147    25    
53703.750868328025    0.4798712706235539     0.4798712707277485     25    
53704.250868328025    0.4784685639824222     0.4784685640869223     25    
53704.750868328025    0.4770446713524846     0.47704467145729657    25    
53705.250868328025    0.4756011556128038     0.47560115571793393    25    
53705.750868328025    0.47415367403059533    0.47415367413604637    25    
53706.250868328025    0.4727338566778627     0.4727338567836305     25    
53706.750868328025    0.4713342923386327     0.4713342924447146     25    
53707.250868328025    0.4699795875426868     0.46997958764907444    25    
53707.750868328025    0.4686739388510682     0.46867393895775217    25    
53708.250868328025    0.4674071507046219     0.46740715081159506    25    
53708.750868328025    0.466177494607411      0.4661774947146663     25    
53709.250868328025    0.4649825093847724     0.46498250949230335    25    
53709.750868328025    0.46381184534067066    0.463811845448473      25    
53710.250868328025    0.4626676474350643     0.4626676475431332     25    
53710.750868328025    0.46154330328308746    0.46154330339141963    25    
53711.250868328025    0.4604362173222014     0.4604362174307941     25    
53711.750868328025    0.45934989385387304    0.4593498939627225     25    
53712.250868328025    0.4582856112493375     0.45828561135843976    25    
53712.750868328025    0.45724357484494077    0.4572435749542917     25    
53713.250868328025    0.45622784031255104    0.4562278404221454     25    
53713.750868328025    0.45523752979485876    0.4552375299046915     25    
53714.250868328025    0.45427626949198624    0.4542762696020514     25    
53714.750868328025    0.45334467159791436    0.45334467170820575    25    
53715.250868328025    0.452444179974696      0.45244418008520687    25    
53715.750868328025    0.4515778895271931     0.45157788963791595    25    
53716.250868328025    0.45074514116673164    0.4507451412776591     25    
53716.750868328025    0.44995007285578037    0.4499500729669038     25    
53717.250868328025    0.4491920544949919     0.44919205460630285    25    
53717.750868328025    0.44847412773878215    0.4484741278502713     25    
53718.250868328025    0.44779780923256235    0.4477978093442199     25    
53718.750868328025    0.4471636431151616     0.4471636432269775     25    
53719.250868328025    0.44657529465252954    0.44657529476449276    25    