55243.20228799845    15.335951422392466    7.425023158355812     25    
55243.70228799845    18.178122006409428    7.451669331036501     25    
55244.20228799845    21.250930766644032    7.792465804153287     25    
55244.70228799845    24.550379693419803    9.355380905129861     25    
55245.20228799845    28.07627488825079     11.163345767440111    25    
55245.70228799845    31.823290913138774    11.892980924550741    25    
55246.20228799845    35.79210159610058     11.930488174020454    25    
55246.70228799845    39.97697347445425     11.976400201768701    25    
55247.20228799845    44.37852869908148     12.063107975448727    25    
55247.70228799845    48.991545186254186    12.106415894787725    25    
55248.20228799845    53.815674006081316    12.101473264157574    25    
55248.70228799845    58.84712095279773     12.054256590292486    25    
55249.20228799845    64.08365532598803     11.95720116378102     25    
55249.70228799845    69.52354286418591     11.83000105248562     25    
55250.20228799845    75.16999389689164     11.673485926851944    25    
55250.70228799845    81.01251159557631     11.52498507974737     25    
55251.20228799845    87.03819861155296     11.601299875892918    25    
55251.70228799845    93.25168423255816     11.875050046336165    25    
55252.20228799845    99.3231062183354      12.153617367605635    25    
55252.70228799845    105.30384722188369    12.438325862725753    25    
55253.20228799845    110.79474365397269    12.668032375061406    25    
55253.70228799845    115.74285040224686    12.836971760323953    25    
55254.20228799845    119.92329278401733    12.901285298544234    25    
55254.70228799845    123.0708041866389     12.73390954857661     25    
55255.20228799845    125.30787460373097    12.516751658591565    25    
55255.70228799845    126.62852072274602    12.559977137329085    25    
55256.20228799845    127.07703702741668    12.77123274520919     25    
55256.70228799845    126.88113968878889    13.116625480287542    25    
55257.20228799845    126.01084793529867    13.60053141509656     25    
55257.70228799845    124.69586671288015    13.777302256134565    25    
55258.20228799845    122.92217433322281    13.644186067322043    25    
55258.70228799845    120.86184561685889    13.078059243783708    25    
55259.20228799845    118.54338676449918    11.595000727369738    25    
55259.70228799845    116.07412203535239    10.082612020562587    25    
55260.20228799845    113.54672322705567    9.958737613170465     25    
55260.70228799845    110.99530749682       10.41218611189737     25    
55261.20228799845    108.58398831530135    10.444502454648244    25    
55261.70228799845    106.27470677397238    10.314537398742567    25    
55262.20228799845    104.0831084989849     10.123927671413684    25    
55262.70228799845    102.01199107966352    9.848631100854332     25    
55263.20228799845    99.96930803078028     9.797239707959106     25    
55263.70228799845    97.96005133352433     10.088772266174423    25    
55264.20228799845    95.91648767635381     10.30051747306689     25    
55264.70228799845    93.8077627009545      10.271662518349528    25    
55265.20228799845    91.64136913673715     10.116041777426389    25    
55265.70228799845    89.39985297621263     9.782175851062027     25    
55266.20228799845    87.10134713465358     9.40105021418851      25    
55266.70228799845    84.7709112782586      9.375458975294201     25    
55267.20228799845    82.40748191530544     9.577516291015563     25    
55267.70228799845    80.04142707159784     9.615330201416926     25    
55268.20228799845    77.66535316837995     9.505901644183256     25    
55268.70228799845    75.35595247120584     9.380154787430431     25    
55269.20228799845    73.10241341329717     9.20842084055166      25    
55269.70228799845    70.99671526954363     9.180267289362195     25    
55270.20228799845    69.06035688311705     9.49985706257485      25    
55270.70228799845    67.34376118014356     9.81605999898348      25    
55271.20228799845    65.92521205996705     9.769680680196224     25    
55271.70228799845    64.77761356671394     9.606349053851261     25    
55272.20228799845    63.91493097694566     9.664570285712859     25    
55272.70228799845    63.32544809985129     9.87014450838295      25    
55273.20228799845    62.92499571222565     10.21185528231009     25    
55273.70228799845    62.724388347936745    10.70864452059559     25    
55274.20228799845    62.642683070071826    10.971160956152934    25    
55274.70228799845    62.671084026995466    10.9268863789592      25    
55275.20228799845    62.79180201941924     10.717839603809741    25    
55275.70228799845    62.984657081069024    10.240628005069576    25    
55276.20228799845    63.26702163060608     9.81738255011378      25    
55276.70228799845    63.6466655939819      9.986518887336064     25    
55277.20228799845    64.12535658946963     10.426725547653755    25    
55277.70228799845    64.71997270845279     10.72483304645604     25    
55278.20228799845    65.42569722330538     10.952632308413737    25    
55278.70228799845    66.22440610984529     10.968349207157049    25    
55279.20228799845    67.12249271756444     10.765691722992804    25    
55279.70228799845    68.06396706772766     10.440699726231019    25    
55280.20228799845    69.0498982845117      9.91963145757813      25    
55280.70228799845    70.03719979418838     9.496040902473906     25    
55281.20228799845    71.0111613401171      9.495269835856933     25    
55281.70228799845    71.94713790811903     9.557319809437463     25    
55282.20228799845    72.80938408691763     9.250724117729012     25    
55282.70228799845    73.59256044245511     8.812124476242156     25    
55283.20228799845    74.24453952068752     8.725637686191899     25    
55283.70228799845    74.77114170215337     8.902859298817123     25    
55284.20228799845    75.11239678213212     8.992299651740504     25    
55284.70228799845    75.2703091899664      9.01197946535718      25    
55285.20228799845    75.23105345882774     8.838015379408876     25    
55285.70228799845    74.98122982216528     8.256052631442149     25    
55286.20228799845    74.55506872750708     7.85609880946847      25    
55286.70228799845    73.96203017172645     8.226303497347232     25    
55287.20228799845    73.21720772365983     8.766253326808554     25    
55287.70228799845    72.34820350979352     8.968610096664989     25    
55288.20228799845    71.35240355500665     9.017002690040488     25    
55288.70228799845    70.25282872983527     8.916819167531918     25    
55289.20228799845    69.04585809687659     8.674992596622143     25    
55289.70228799845    67.73073068726642     8.676121701549173     25    
55290.20228799845    66.30760022559234     8.966823801515295     25    
55290.70228799845    64.77489972868102     9.239169712140509     25    
55291.20228799845    63.12477999176099     9.479741450856642     25    
55291.70228799845    61.383154635854936    9.556857938859793     25    
55292.20228799845    59.54709589219095     9.361017192574275     25    
55292.70228799845    57.65670825128646     8.90273905029148      25    
55293.20228799845    55.76656975768549     7.910742312174852     25    
55293.70228799845    53.880424578686075    6.494619939321654     25    
55294.20228799845    52.08092008817472     5.959781953297764     25    
55294.70228799845    50.35709612941854     6.333390775779803     25    
55295.20228799845    48.75410185284011     6.4935524336718675    25    
55295.70228799845    47.279866568929066    6.362605724206687     25    
55296.20228799845    45.895361623154535    6.31907492461614      25    
55296.70228799845    44.60074711830518     6.479646135554517     25    
55297.20228799845    43.36772477310814     6.682957314167332     25    
55297.70228799845    42.17630030876275     6.920255171231907     25    
55298.20228799845    41.02350214402948     7.070753940594785     25    
55298.70228799845    39.885096650866004    6.849533761707463     25    
55299.20228799845    38.769745156696466    6.36533085664561      25    
55299.70228799845    37.68689589243649     5.893558322114777     25    
55300.20228799845    36.63534199090346     5.395296476755332     25    
55300.70228799845    35.62969385560393     4.891145169497124     25    
55301.20228799845    34.66964186238944     4.338560923826208     25    
55301.70228799845    33.76196079051474     4.006879533609187     25    
55302.20228799845    32.911138684589304    4.166657134512023     25    
55302.70228799845    32.111006057525884    4.405560329467855     25    
55303.20228799845    31.359744460798133    4.454734206735344     25    
55303.70228799845    30.65492486332978     4.428452953999848     25    
55304.20228799845    29.990939396236644    4.317823175511575     25    
55304.70228799845    29.367908451636268    4.127393241877095     25    
55305.20228799845    28.77881069496424     3.898396409894885     25    
55305.70228799845    28.22459585891426     3.615880103130164     25    
55306.20228799845    27.69799959551191     3.3278586903708125    25    
55306.70228799845    27.199628323694707    2.997424529576289     25    
55307.20228799845    26.723147336410626    2.8447512935185633    25    
55307.70228799845    26.26764708450862     2.928615171948208     25    
55308.20228799845    25.828859453974264    3.344047025104165     25    
55308.70228799845    25.403293379886858    3.921529530194628     25    
55309.20228799845    24.989350814878783    4.880808707028141     25    
55309.70228799845    24.581208448360528    6.362649822321696     25    