54372.199976825315    1.4561610930303763    0.2779309007350646     25    
54372.699976825315    1.664573394995041     0.2765547962388324     25    
54373.199976825315    1.8849951012160937    0.2760788786837744     25    
54373.699976825315    2.1162240581945286    0.28606560010855897    25    
54374.199976825315    2.3585852704223416    0.3115024179417378     25    
54374.699976825315    2.611482354641429     0.3372489270704038     25    
54375.199976825315    2.873916098080945     0.3494729157964673     25    
54375.699976825315    3.146367788015707     0.3507546507976136     25    
54376.199976825315    3.427881817676622     0.3492603476559864     25    
54376.699976825315    3.7177972088397984    0.3502330141483027     25    
54377.199976825315    4.016480943925304     0.3513691427074591     25    
54377.699976825315    4.3227534864718455    0.35238533754001283    25    
54378.199976825315    4.6364273866212535    0.3532518368840865     25    
54378.699976825315    4.957484734301292     0.3540060528538012     25    
54379.199976825315    5.2847056431963       0.35469705055468503    25    
54379.699976825315    5.61836662757547      0.3552631922463568     25    
54380.199976825315    5.957939155293846     0.3558367943270174     25    
54380.699976825315    6.302492463836        0.3567751409877971     25    
54381.199976825315    6.6528286996266734    0.35851808269133517    25    
54381.699976825315    7.0068531904075035    0.3593365904342231     25    
54382.199976825315    7.3646068081325256    0.35693465366754984    25    
54382.699976825315    7.727160006148591     0.35175654261042766    25    
54383.199976825315    8.082827528446929     0.3486035856627075     25    
54383.699976825315    8.430029198435987     0.35087801259020057    25    
54384.199976825315    8.768254321167804     0.3559416262520577     25    
54384.699976825315    9.081483844528353     0.3601818568598793     25    
54385.199976825315    9.371710863002965     0.3631781510551527     25    
54385.699976825315    9.6345802342786       0.3655535897044859     25    
54386.199976825315    9.857036883397242     0.3668978173472569     25    
54386.699976825315    10.038732102975702    0.36673751086548345    25    
54387.199976825315    10.187457470461537    0.366699415562202      25    
54387.699976825315    10.306357903922926    0.36838536258033255    25    
54388.199976825315    10.392272678859745    0.37125437208920203    25    
54388.699976825315    10.461233625660233    0.3745852621060791     25    
54389.199976825315    10.518484838567005    0.3786950748386814     25    
54389.699976825315    10.561843188897614    0.38317639449711677    25    
54390.199976825315    10.606800473590027    0.38542455413685384    25    
54390.699976825315    10.65660615347107     0.38427487821770456    25    
54391.199976825315    10.707295975246883    0.3814799320417203     25    
54391.699976825315    10.759031681630553    0.37888323881803954    25    
54392.199976825315    10.814259942686569    0.3757828935524647     25    
54392.699976825315    10.866116781152177    0.37341984144077       25    
54393.199976825315    10.908656042687415    0.3738081785577771     25    
54393.699976825315    10.945006039387208    0.3767138874732708     25    
54394.199976825315    10.96805622191938     0.3791904406335984     25    
54394.699976825315    10.973372304772466    0.37931203367206673    25    
54395.199976825315    10.963465587731838    0.3782425273781489     25    
54395.699976825315    10.93730272901846     0.3769993890558633     25    
54396.199976825315    10.893591364510286    0.37535145831385647    25    
54396.699976825315    10.834188010612777    0.37378488529274684    25    
54397.199976825315    10.761949101351298    0.37386725650158487    25    
54397.699976825315    10.67586446171127     0.376385998628613      25    
54398.199976825315    10.577727753872322    0.37890017900666667    25    
54398.699976825315    10.469918998338061    0.38014078275197355    25    
54399.199976825315    10.351560634954108    0.3820157964451229     25    
54399.699976825315    10.223422298438953    0.37641267516526655    25    
54400.199976825315    10.086216522634869    0.351993036873861      25    
54400.699976825315    9.93955968793807      0.31137843453675645    25    
54401.199976825315    9.783208015447954     0.2784211579140684     25    
54401.699976825315    9.617056291680562     0.2709356215271334     25    
54402.199976825315    9.441219068510033     0.27577803364426834    25    
54402.699976825315    9.255611266844657     0.2772947316594238     25    
54403.199976825315    9.058572051139054     0.2755382063114882     25    
54403.699976825315    8.853998950361675     0.2732730635526457     25    
54404.199976825315    8.645509613632585     0.2702772492531323     25    
54404.699976825315    8.430373244049795     0.2661705294632938     25    
54405.199976825315    8.216572869297845     0.262864043226551      25    
54405.699976825315    8.008432059193419     0.26229875404669767    25    
54406.199976825315    7.803638118236986     0.263596072577714      25    
54406.699976825315    7.610973368819928     0.26437312285555453    25    
54407.199976825315    7.433106590045066     0.26420338979365926    25    
54407.699976825315    7.268135995295207     0.263219318321926      25    
54408.199976825315    7.117974954814411     0.2599309558589636     25    
54408.699976825315    6.9840628094344375    0.25255920880294475    25    
54409.199976825315    6.863103865636786     0.24467160975495622    25    
54409.699976825315    6.751744027255064     0.24133147604028168    25    
54410.199976825315    6.6516488935572395    0.2424132882768921     25    
54410.699976825315    6.559416437939709     0.2441878175732735     25    
54411.199976825315    6.472357464557886     0.24416355792599864    25    
54411.699976825315    6.391785221660468     0.24348936598075144    25    
54412.199976825315    6.316117008930165     0.24210751863601693    25    
54412.699976825315    6.244431563522662     0.2393029264153484     25    
54413.199976825315    6.177515215790773     0.23585759941492995    25    
54413.699976825315    6.11607075017024      0.23402388986585643    25    
54414.199976825315    6.059919843234121     0.23461664856123868    25    
54414.699976825315    6.00939672927223      0.236006151951506      25    
54415.199976825315    5.965276771484419     0.2366079554024132     25    
54415.699976825315    5.927733461495778     0.2367797716474344     25    
54416.199976825315    5.895556538443719     0.23646372022929146    25    
54416.699976825315    5.868384046590325     0.23604003569216114    25    
54417.199976825315    5.84663569794673      0.23561377538975906    25    
54417.699976825315    5.82695995632939      0.2317760091997122     25    
54418.199976825315    5.808712919083859     0.2200274167903693     25    
54418.699976825315    5.79195485423058      0.20342442354239548    25    
54419.199976825315    5.773173471992567     0.19215816511752548    25    
54419.699976825315    5.7523941808901595    0.19094385033754707    25    
54420.199976825315    5.729479399874651     0.19355751044929498    25    
54420.699976825315    5.702984435325437     0.19363386511212377    25    
54421.199976825315    5.672874863405222     0.1914697458510769     25    
54421.699976825315    5.640103706659038     0.18982171087620892    25    
54422.199976825315    5.6052124409191       0.1909396546220968     25    
54422.699976825315    5.567884232563177     0.1942151261842972     25    
54423.199976825315    5.529081510581165     0.1969513282961853     25    
54423.699976825315    5.489260474048198     0.19789321192577858    25    
54424.199976825315    5.448153360205708     0.19787805536445477    25    
54424.699976825315    5.406065689473151     0.19669104349107827    25    
54425.199976825315    5.363280289000364     0.19177386688145143    25    
54425.699976825315    5.319332666153733     0.18737017967754382    25    
54426.199976825315    5.273620600849451     0.19152040280492705    25    
54426.699976825315    5.22640976094092      0.2058223902361687     25    
54427.199976825315    5.177193824974344     0.2198217522918425     25    
54427.699976825315    5.1254159435041755    0.22588565970692495    25    
54428.199976825315    5.071302828945933     0.2270749489675515     25    
54428.699976825315    5.014652526793526     0.22610027098414653    25    
54429.199976825315    4.955207291467261     0.2233510706595867     25    
54429.699976825315    4.89314559739785      0.21869233332425758    25    
54430.199976825315    4.8289409721113055    0.21556151272430635    25    
54430.699976825315    4.762527256792628     0.21525609061566942    25    
54431.199976825315    4.694064655480569     0.21624487482190638    25    
54431.699976825315    4.624034897455961     0.21743551727423502    25    
54432.199976825315    4.5522591340227905    0.21956392423483934    25    
54432.699976825315    4.479056945097254     0.22100923023170035    25    
54433.199976825315    4.404790320622128     0.22074229294747677    25    
54433.699976825315    4.329269435720464     0.22014124866073675    25    
54434.199976825315    4.252918544015453     0.21302851927051053    25    
54434.699976825315    4.175922684154738     0.18944073330239886    25    
54435.199976825315    4.098191208634305     0.14887630729315393    25    
54435.699976825315    4.020210627462539     0.11127002955741727    25    
54436.199976825315    3.941940508176434     0.10112119433230246    25    
54436.699976825315    3.8635139108278205    0.10688303979252095    25    
54437.199976825315    3.785441524631515     0.10822206271317616    25    
54437.699976825315    3.707510082932089     0.10521160354913753    25    
54438.199976825315    3.6301257023141096    0.10233795575429781    25    
54438.699976825315    3.5537805112296708    0.10107553168047168    25    
54439.199976825315    3.4782158064075417    0.1012001120742235     25    
54439.699976825315    3.404001462964837     0.1020364107649166     25    
54440.199976825315    3.3314716921317284    0.10363957405669591    25    
54440.699976825315    3.260452224572906     0.10594947953189335    25    
54441.199976825315    3.1914244160332976    0.10687442920514048    25    
54441.699976825315    3.1245239861400083    0.10532705838144306    25    
54442.199976825315    3.0596501067503343    0.10241814642284588    25    
54442.699976825315    2.99689363089044      0.09939025045158222    25    
54443.199976825315    2.93624342549835      0.09563117657280548    25    
54443.699976825315    2.8777123290575877    0.09225815645401057    25    
54444.199976825315    2.821341818318321     0.09144788451683711    25    
54444.699976825315    2.767131413814129     0.09330574512502204    25    
54445.199976825315    2.7150372960425857    0.09530650554373395    25    
54445.699976825315    2.6650784106230816    0.09568117666632393    25    
54446.199976825315    2.6172546802189114    0.09528110807300189    25    
54446.699976825315    2.571315562401624     0.09462661099709085    25    
54447.199976825315    2.527247477717843     0.0938017890038196     25    
54447.699976825315    2.48501997760124      0.09277622984729815    25    
54448.199976825315    2.444357161631102     0.09185559153848329    25    
54448.699976825315    2.4053323529220383    0.09098761870785688    25    
54449.199976825315    2.3678105763521153    0.09026872957997602    25    
54449.699976825315    2.331561897251011     0.08992662762546297    25    
54450.199976825315    2.296696479486084     0.0899474497059625     25    
54450.699976825315    2.262996537309044     0.09020639499909125    25    
54451.199976825315    2.2303090990109857    0.09038713252161337    25    
54451.699976825315    2.1987191830364012    0.09054391967218255    25    
54452.199976825315    2.167957186098456     0.09194101701369113    25    
54452.699976825315    2.137978092537446     0.09565880738380901    25    
54453.199976825315    2.10877978919941      0.10043822248694838    25    
54453.699976825315    2.080082474934179     0.10416610849695486    25    
54454.199976825315    2.051948203456817     0.1054874464952368     25    
54454.699976825315    2.0242576236015335    0.10730792595892116    25    
54455.199976825315    1.9967716379926688    0.11247289906976995    25    