58250.34203299726    478.0429670661878     97.53018187963107     25    
58250.84203299726    567.4820723572914     93.95533293030404     25    
58251.34203299726    662.2161089940015     99.9700055694629      25    
58251.84203299726    761.5915214194904     134.3705371154924     25    
58252.34203299726    865.1622778559673     164.03102480281552    25    
58252.84203299726    972.1771965324659     169.69611320540608    25    
58253.34203299726    1082.2829633450222    167.41435826783143    25    
58253.84203299726    1194.6405873891556    168.11766938006153    25    
58254.34203299726    1308.9796551541046    168.76349951053567    25    
58254.84203299726    1424.383183682492     169.1739844179654     25    
58255.34203299726    1540.6538429761463    169.40709619165204    25    
58255.84203299726    1656.806475105415     169.48971580953148    25    
58256.34203299726    1772.7070165040866    169.53522410498667    25    
58256.84203299726    1887.4254894791466    171.09527770484667    25    
58257.34203299726    2000.696187068141     172.22667393593522    25    
58257.84203299726    2111.4865442874143    163.05558824401146    25    
58258.34203299726    2218.779627326223     146.68001181107553    25    
58258.84203299726    2316.5001305740034    143.9758235324274     25    
58259.34203299726    2404.3506336308888    151.70482028358063    25    
58259.84203299726    2473.851793405264     155.9642088577136     25    
58260.34203299726    2525.301313056221     158.06342722584043    25    
58260.84203299726    2550.7751607888167    157.60008160523626    25    
58261.34203299726    2550.9046496462647    154.72455325884098    25    
58261.84203299726    2533.0723922188604    154.84699325190692    25    
58262.34203299726    2496.9270764244925    157.92753347828145    25    
58262.84203299726    2456.4149972823225    162.49232283921882    25    
58263.34203299726    2411.242498054089     168.7690088025991     25    
58263.84203299726    2373.9152854058993    170.07580788155383    25    
58264.34203299726    2345.539528226694     165.9718115962731     25    
58264.84203299726    2325.161294094075     156.06706620354223    25    
58265.34203299726    2313.707651655244     136.87956914096483    25    
58265.84203299726    2304.5243468208782    124.58097051737306    25    
58266.34203299726    2297.325756002089     126.91925677110042    25    
58266.84203299726    2286.8346974120986    129.72771115938409    25    
58267.34203299726    2271.6173871194396    129.6341921377542     25    
58267.84203299726    2251.758827624156     130.55949800898253    25    
58268.34203299726    2226.4903068115686    132.96746391039264    25    
58268.84203299726    2198.114778404636     137.39058082141506    25    
58269.34203299726    2167.0456152896695    145.8494502099279     25    
58269.84203299726    2134.766598611131     150.6181304466399     25    
58270.34203299726    2102.4316106801693    147.45477261545363    25    
58270.84203299726    2068.969409509031     141.23418823173796    25    
58271.34203299726    2034.632849387206     131.70398422562656    25    
58271.84203299726    1997.4424598847677    124.99685118750662    25    
58272.34203299726    1956.3722925636146    130.1118339598791     25    
58272.84203299726    1910.237795080739     136.67874623565075    25    
58273.34203299726    1857.0225460875483    137.88046643465947    25    
58273.84203299726    1798.3154832403468    136.24873899723022    25    
58274.34203299726    1734.2458377691382    129.95016043656324    25    
58274.84203299726    1667.0930553792305    123.01361449098961    25    
58275.34203299726    1599.5745152805625    123.1511512175792     25    
58275.84203299726    1532.8911650228197    125.7310708642385     25    
58276.34203299726    1470.4125926460663    125.64751481481974    25    
58276.84203299726    1412.198476917671     124.94420356635352    25    
58277.34203299726    1360.3842333008947    125.21493682336562    25    
58277.84203299726    1314.7329983941715    125.96464116077148    25    
58278.34203299726    1275.9609398058635    127.11940747851229    25    
58278.84203299726    1244.1126966615604    128.26879801118957    25    
58279.34203299726    1220.1404745922703    128.06078381372242    25    
58279.84203299726    1203.5694333773677    126.58687769187318    25    
58280.34203299726    1193.473220214121     122.39570632649179    25    
58280.84203299726    1189.4461210509633    116.28417977772395    25    
58281.34203299726    1188.4661087977468    114.01228970471128    25    
58281.84203299726    1190.5371122423085    114.74823768391016    25    
58282.34203299726    1192.3697718733274    115.09955140343394    25    
58282.84203299726    1194.2315109766698    115.29534426972188    25    
58283.34203299726    1195.5342729062008    114.68774382799886    25    
58283.84203299726    1196.3640280131578    113.32197217694144    25    
58284.34203299726    1199.1772986622568    112.10684390656245    25    
58284.84203299726    1203.8988498530252    111.02021139710392    25    
58285.34203299726    1213.0158879506819    111.09629903617231    25    
58285.84203299726    1226.6462912748364    112.49642799323976    25    
58286.34203299726    1244.471720827729     112.80791943716936    25    
58286.84203299726    1266.8369313488834    111.4128932948389     25    
58287.34203299726    1290.2390293707526    113.33811199766244    25    
58287.84203299726    1314.6685435189056    119.8455393944792     25    
58288.34203299726    1336.8542762623179    124.01235274303053    25    
58288.84203299726    1356.2111541963325    125.03924679696902    25    
58289.34203299726    1372.2376706806285    122.80438306388018    25    
58289.84203299726    1384.1703659651628    115.06969693501252    25    
58290.34203299726    1394.669648981521     110.92478898420326    25    
58290.84203299726    1403.9922578660373    115.49655367956416    25    
58291.34203299726    1414.3317362125779    120.2013177489419     25    
58291.84203299726    1426.7344234664179    122.66278769733928    25    
58292.34203299726    1440.971718843546     123.2866853100177     25    
58292.84203299726    1458.011565389559     120.32379736033046    25    
58293.34203299726    1474.910553432487     118.44991403302863    25    
58293.84203299726    1490.7382690214843    121.44167131096108    25    
58294.34203299726    1503.3206806270653    125.4096736247099     25    
58294.84203299726    1510.8329122644068    129.323611776469      25    
58295.34203299726    1512.8505623463143    131.1617955165493     25    
58295.84203299726    1507.8305005045886    128.67637692501506    25    
58296.34203299726    1497.1667336495238    121.76668742006245    25    
58296.84203299726    1481.589773955376     105.22238594712974    25    
58297.34203299726    1461.7773450307573    85.01037136562104     25    
58297.84203299726    1438.9322783907612    79.45832295975885     25    
58298.34203299726    1413.2697840502883    81.17252770184383     25    
58298.84203299726    1385.8494676495734    79.2872553244591      25    
58299.34203299726    1356.5076311552168    78.08100376585682     25    
58299.84203299726    1325.4993890646217    81.47417331773232     25    
58300.34203299726    1292.8337869230004    87.14901527623998     25    
58300.84203299726    1258.6367719765917    92.80013244813429     25    
58301.34203299726    1223.0254047763058    97.57085507098316     25    
58301.84203299726    1186.3536020870354    96.52526087904565     25    
58302.34203299726    1148.8117075126756    91.27813561348326     25    
58302.84203299726    1111.4513047230164    85.03337009830621     25    
58303.34203299726    1074.3146417524954    77.22061704761087     25    
58303.84203299726    1038.608549996918     68.98664894235657     25    
58304.34203299726    1004.2780567160385    60.284172510531285    25    
58304.84203299726    972.2080872250656     55.515413677803515    25    
58305.34203299726    942.3114739673366     55.045343395881616    25    
58305.84203299726    914.413505757498      53.95425016463398     25    
58306.34203299726    888.5152274894828     52.43072935620383     25    
58306.84203299726    864.3429848206291     51.00868365702795     25    
58307.34203299726    841.9053824432176     49.68398010111364     25    
58307.84203299726    820.940830409615      48.878254986252415    25    
58308.34203299726    801.4562502459498     48.65480917696045     25    
58308.84203299726    783.1928177741822     48.655125455364576    25    
58309.34203299726    766.1536061474042     48.83650322838866     25    
58309.84203299726    750.0847221640524     49.30660829107977     25    
58310.34203299726    734.983225397307      49.943591237288665    25    
58310.84203299726    720.6023188289514     51.368851825440174    25    
58311.34203299726    706.9308832453814     52.42093636680191     25    
58311.84203299726    693.7313830186047     59.57625168507479     25    