#mB  c  mBmB x1x1 cc mBx1 mBc x1c
18.860367069673046  -0.3  0.0014534202540379276  0.03604617980416383  0.0004947983622798106  0.0011159598497361319  0.0006467068053161618  0.0006718398681545403
18.86172309409466  0.3  0.001217742370914411  0.037508618185322064  0.00043700833798308977  0.00082217319285044  0.00056878053818821  0.0005411707331015365
19.36619940154563  0.0  0.0017026730750493602  0.06199015128738588  0.0005841019344180818  0.001834378529309242  0.000779281417117197  0.0012481988442289865
19.86619940154563  0.0  0.0025814605861399806  0.1051906133713274  0.0008502028172128136  0.003284881405791277  0.0011650733463115508  0.002292643089237619
20.36619940154563  0.0  0.004679300421371405  0.2086086814518845  0.0014689169925836973  0.006650658192446639  0.0020688321794954763  0.004720109787723606
19.864553018538043  -0.15  0.002865936560356868  0.1171310464591614  0.0009231278223633455  0.003117616632135211  0.0012573505213144748  0.002227809993835777
19.865268015532386  0.15  0.002332667303818772  0.08982186246588982  0.0007897678152329402  0.0031604384098038595  0.001083026692406405  0.0021324125725573095
20.860367069673046  -0.3  0.012860030395470632  0.524427918830893  0.0038864015438750256  0.013305900589105092  0.005319999743834819  0.0077924498890272085
20.86172309409466  0.3  0.006913169703840181  0.27746215595829354  0.0022600071357246586  0.013136599073733164  0.0032717063357617336  0.008329587135925028
