53990.99062975446    606.0117875756868     153.0724791912916     25    
53991.49062975446    716.3768295786042     154.28082001157952    25    
53991.99062975446    832.8273410576307     155.54720632019465    25    
53992.49062975446    954.4711447433523     156.78974342477704    25    
53992.99062975446    1080.7846670027254    158.00277042044243    25    
53993.49062975446    1210.7064986938622    159.16588141488228    25    
53993.99062975446    1343.870242099632     160.2140105836349     25    
53994.49062975446    1479.069368118797     161.00229703011846    25    
53994.99062975446    1616.0705430370085    161.54065866931776    25    
53995.49062975446    1753.5462297068163    161.7318929715755     25    
53995.99062975446    1891.3720465035158    161.60634182819007    25    
53996.49062975446    2028.1235601465812    161.1551323424704     25    
53996.99062975446    2163.761229187814     160.42183523658605    25    
53997.49062975446    2296.8245320041547    160.8580585501816     25    
53997.99062975446    2427.2998147661597    161.30700782506833    25    
53998.49062975446    2553.568674023988     149.0750218219489     25    
53998.99062975446    2675.6064980611277    122.60504129219463    25    
53999.49062975446    2789.6520813180664    109.67975078671748    25    
53999.99062975446    2895.887212233383     114.63376528555347    25    
54000.49062975446    2989.711975057571     118.09591679956158    25    
54000.99062975446    3071.2269978177897    119.5851646864389     25    
54001.49062975446    3136.5409093957446    119.96804976810662    25    
54001.99062975446    3184.848157349301     118.81979931139647    25    
54002.49062975446    3219.2213618420537    119.18044888445867    25    
54002.99062975446    3239.1811514779506    121.74763106740883    25    
54003.49062975446    3250.077709739993     125.08248355769754    25    
54003.99062975446    3252.418765644976     129.66407437565397    25    
54004.49062975446    3250.394259242851     131.78761091996478    25    
54004.99062975446    3245.7111939904958    129.45346152297995    25    
54005.49062975446    3238.3506859750155    126.00627582849856    25    
54005.99062975446    3229.0894116788645    122.08109061298936    25    
54006.49062975446    3216.693220547599     119.59626319908669    25    
54006.99062975446    3200.7552463665356    121.42087240603419    25    
54007.49062975446    3180.716706880551     123.60595894359365    25    
54007.99062975446    3155.758414179921     123.06953362690018    25    
54008.49062975446    3126.425882579772     121.80654312417398    25    
54008.99062975446    3092.744549850158     120.50128317772746    25    
54009.49062975446    3055.363871625728     119.91785353071559    25    
54009.99062975446    3015.142813257103     122.65258240525435    25    
54010.49062975446    2972.3496132298114    126.03623518177604    25    
54010.99062975446    2928.0709366409933    125.51686700846524    25    
54011.49062975446    2882.144338699913     123.4359122062224     25    
54011.99062975446    2834.9445772225695    123.48726589009044    25    
54012.49062975446    2786.3233281343287    124.63277218935431    25    
54012.99062975446    2736.05391236804      125.8758314877089     25    
54013.49062975446    2684.1253744580595    127.18372569377274    25    
54013.99062975446    2630.3115495973097    127.50328042944798    25    
54014.49062975446    2574.59558543977      126.99030519703769    25    
54014.99062975446    2516.577353185311     125.49744646203325    25    
54015.49062975446    2456.265691882886     123.11189190080492    25    
54015.99062975446    2393.1186159294944    122.91324045994598    25    
54016.49062975446    2327.1583319552183    124.89814063757696    25    
54016.99062975446    2257.8388580524884    126.16499819697526    25    
54017.49062975446    2185.069510038381     127.08900419492463    25    
54017.99062975446    2109.7795160967394    120.47983541212697    25    
54018.49062975446    2031.8032039727166    101.84555528145619    25    
54018.99062975446    1953.1659480501798    88.22447554908183     25    
54019.49062975446    1873.9129320772026    87.9833241596044      25    
54019.99062975446    1795.8467460452289    89.05241670324112     25    
54020.49062975446    1719.3324868769275    88.91181894689268     25    
54020.99062975446    1645.022967226032     88.08443280877137     25    
54021.49062975446    1573.2865767827234    85.65043443086049     25    
54021.99062975446    1503.9498270860418    83.70572063901285     25    
54022.49062975446    1437.0250715427235    83.58826030701708     25    
54022.99062975446    1372.4899987093147    83.83922762804352     25    
54023.49062975446    1310.3266903168171    83.93872734339564     25    
54023.99062975446    1250.5564335294066    83.65869652393727     25    
54024.49062975446    1193.1768391225557    83.44667120623096     25    
54024.99062975446    1138.2282291166273    80.97489721538294     25    
54025.49062975446    1085.7472750582215    70.46849000914791     25    
54025.99062975446    1035.7533478302896    56.99029082690057     25    
54026.49062975446    988.3292079727119     54.09189967693195     25    
54026.99062975446    943.3910219820476     56.239702922088064    25    
54027.49062975446    900.8804212295589     55.294604993803524    25    
54027.99062975446    860.6830197531054     53.92251824409274     25    
54028.49062975446    822.4885708154123     54.37428224607868     25    
54028.99062975446    786.2638440258297     55.75124190867933     25    
54029.49062975446    751.6352260036928     56.43405892851786     25    
54029.99062975446    718.6404652711809     56.59101437470142     25    
54030.49062975446    687.102719567517      55.58480176855662     25    
54030.99062975446    657.0631805076029     53.41563543742226     25    
54031.49062975446    628.6756346802465     49.15673940624951     25    
54031.99062975446    601.9359186217966     42.492490922177154    25    
54032.49062975446    577.0257748812407     39.47432862258189     25    
54032.99062975446    553.9420298630855     40.83456374081877     25    
54033.49062975446    532.6068755474998     40.611175361176024    25    
54033.99062975446    513.0522474631747     38.40686217793205     25    
54034.49062975446    494.80337412543156    37.12353313564974     25    
54034.99062975446    477.8713609798516     37.19851003702953     25    
54035.49062975446    461.79607051056905    37.77054594370535     25    
54035.99062975446    446.5359912395689     38.932808370389154    25    
54036.49062975446    431.8422157814078     39.422425425187555    25    
54036.99062975446    417.6288870013014     39.05326189311785     25    
54037.49062975446    403.94849051767466    37.234484586254666    25    
54037.99062975446    390.794327464006      32.44771470521143     25    
54038.49062975446    378.19515135182445    28.203339558471963    25    
54038.99062975446    366.1537366749496     28.101596956789326    25    
54039.49062975446    354.70420751540854    28.505301598891425    25    
54039.99062975446    343.853544879028      26.998256957611655    25    
54040.49062975446    333.6510212359547     25.820091837991257    25    
54040.99062975446    324.1279072154292     26.68064540099119     25    
54041.49062975446    315.3199983956837     28.273288054265844    25    
54041.99062975446    307.291744368775      30.182246457580206    25    
54042.49062975446    300.01253065416597    31.58166270475847     25    
54042.99062975446    293.51430218187556    30.74630418418098     25    
54043.49062975446    287.6923475203917     28.81344831050932     25    
54043.99062975446    282.3868353421879     27.172560485597206    25    
54044.49062975446    277.5536131868934     25.6531205627399      25    
54044.99062975446    272.97863455247995    24.931093973094637    25    
54045.49062975446    268.66217493382345    24.83642713779037     25    
54045.99062975446    264.42416052659945    25.14477461983969     25    
54046.49062975446    260.2951804321035     25.706878674249964    25    
54046.99062975446    256.2671364415517     25.472110756887783    25    
54047.49062975446    252.34340088147283    24.613726860285936    25    
54047.99062975446    248.5370614971835     23.592818957853368    25    
54048.49062975446    244.84769842296893    22.36726476651504     25    
54048.99062975446    241.28730773005333    21.38615831813236     25    
54049.49062975446    237.85535336710345    20.670617198774742    25    
54049.99062975446    234.5638554093733     20.118951130792436    25    
54050.49062975446    231.41234598308782    19.67866044221138     25    
54050.99062975446    228.41268480435528    20.407921805930155    25    
54051.49062975446    225.56465654013422    22.4427097747134      25    
54051.99062975446    222.87977618421132    23.97555066583096     25    
54052.49062975446    220.35826530745484    24.229972881538654    25    
54052.99062975446    218.01110981815344    27.06327570832425     25    