53592.38590219667    13.642847124029197    4.1290703715455175    25    
53592.88590219667    16.551021506532976    3.73355418777563      25    
53593.38590219667    19.78530803543773     3.929395263316524     25    
53593.88590219667    23.364871748151774    6.22658127495831      25    
53594.38590219667    27.290137464267133    8.545186673896158     25    
53594.88590219667    31.586633388945796    9.341590196570744     25    
53595.38590219667    36.25082672694992     9.226076806191504     25    
53595.88590219667    41.309797745347595    9.142358694300404     25    
53596.38590219667    46.760867139918524    9.15885943760604      25    
53596.88590219667    52.627856133789656    9.17004365582515      25    
53597.38590219667    58.913750019605565    9.175303208534386     25    
53597.88590219667    65.63445128016005     9.175249549424437     25    
53598.38590219667    72.80296668244343     9.169201579270226     25    
53598.88590219667    80.42482794945943     9.159100657643826     25    
53599.38590219667    88.53241579630667     9.177265509891928     25    
53599.88590219667    97.11334193722227     9.193309889547896     25    
53600.38590219667    106.16860904898545    8.978180424273921     25    
53600.88590219667    115.73645159147793    8.495818202969842     25    
53601.38590219667    125.32274599698502    8.197423758756209     25    
53601.88590219667    134.99082790070477    8.234119312459091     25    
53602.38590219667    144.1942553973481     8.327551920006444     25    
53602.88590219667    152.7622424194064     8.371134559698914     25    
53603.38590219667    160.45764261391878    8.40805601395245      25    
53603.88590219667    166.79484595581957    8.421781180349118     25    
53604.38590219667    171.96440098628767    8.423805794627185     25    
53604.88590219667    176.0172977846162     8.43701987725263      25    
53605.38590219667    178.96636969769125    8.457060946298407     25    
53605.88590219667    181.24051613488763    8.484597473023285     25    
53606.38590219667    182.79327281635688    8.523640068173512     25    
53606.88590219667    183.9740189700851     8.551265448537245     25    
53607.38590219667    184.88489542993258    8.681447522600504     25    
53607.88590219667    185.47882087588303    8.509712104168164     25    
53608.38590219667    185.81358539590062    7.406517059467378     25    
53608.88590219667    185.79263128969336    5.892367037731108     25    
53609.38590219667    185.30111207516904    5.406954997161307     25    
53609.88590219667    184.34357928456697    5.63924672288644      25    
53610.38590219667    182.7690270148653     5.693762480363314     25    
53610.88590219667    180.592766866638      5.670805400536692     25    
53611.38590219667    177.90002427149292    5.640291631356816     25    
53611.88590219667    174.65898917753202    5.59836671184706      25    
53612.38590219667    171.06191494305705    5.569668509428954     25    
53612.88590219667    167.13699785504983    5.574734132546913     25    
53613.38590219667    162.99145902999106    5.580326334592433     25    
53613.88590219667    158.7496087514592     5.608980018057123     25    
53614.38590219667    154.39371329473718    5.5751056067627385    25    
53614.88590219667    150.000247305565      5.185722661945658     25    
53615.38590219667    145.55220284158608    4.492627769390341     25    
53615.88590219667    141.04759616475604    4.123658924044239     25    
53616.38590219667    136.48624642129124    4.165259583919581     25    
53616.88590219667    131.86882107868286    4.20453584543222      25    
53617.38590219667    127.1888919429127     4.173166098351319     25    
53617.88590219667    122.47275313479476    4.129563023541954     25    
53618.38590219667    117.72194789419714    4.064678711952435     25    
53618.88590219667    112.9620480324012     4.001421610889483     25    
53619.38590219667    108.22330309637161    3.976601325630671     25    
53619.88590219667    103.50932044207318    3.9708015850438536    25    
53620.38590219667    98.86422813556938     3.9794308105144878    25    
53620.88590219667    94.28236320228629     3.9955912636917073    25    
53621.38590219667    89.80825021156619     3.7554569757091727    25    
53621.88590219667    85.43698035774963     3.1083987044230827    25    
53622.38590219667    81.20622418211329     2.5556838729102087    25    
53622.88590219667    77.11839334778657     2.5024221399086457    25    
53623.38590219667    73.19944916563091     2.579035288451509     25    
53623.88590219667    69.47337945092394     2.5658782143091035    25    
53624.38590219667    65.93291681258805     2.549415473756015     25    
53624.88590219667    62.58833573836858     2.513761779116899     25    
53625.38590219667    59.43209661638851     2.4682023214833912    25    
53625.88590219667    56.43905562903862     2.449859339765681     25    
53626.38590219667    53.61270479245837     2.4564347374502153    25    
53626.88590219667    50.92639065011605     2.459426230129855     25    
53627.38590219667    48.37987129394539     2.4583480893551277    25    
53627.88590219667    45.96229541077014     2.4449689816175595    25    
53628.38590219667    43.66806488148167     2.450898317107523     25    
53628.88590219667    41.49857925490964     2.3756234855532994    25    
53629.38590219667    39.45241530468689     2.009554997103973     25    
53629.88590219667    37.52933922125007     1.432543698155904     25    
53630.38590219667    35.728511313484546    1.1706885120559931    25    
53630.88590219667    34.0492584113037      1.2458734620798948    25    
53631.38590219667    32.48363527805908     1.2620966531795097    25    
53631.88590219667    31.033544723207786    1.2309302999856673    25    
53632.38590219667    29.683071713779338    1.2148850069252357    25    
53632.88590219667    28.4326350933747      1.2254830062918785    25    
53633.38590219667    27.269920447771685    1.238402247050123     25    
53633.88590219667    26.190457009323968    1.2448805583781437    25    
53634.38590219667    25.18776813816197     1.2440121697751227    25    
53634.88590219667    24.251324997179726    1.222321410421366     25    
53635.38590219667    23.380271737536493    1.1901241285122877    25    
53635.88590219667    22.55999946619174     1.177479037759897     25    
53636.38590219667    21.792405723488127    1.180160067849223     25    
53636.88590219667    21.061297641161122    1.1854574419851738    25    
53637.38590219667    20.367530742679378    1.1960799258089074    25    
53637.88590219667    19.702742063643527    1.1920533356765368    25    
53638.38590219667    19.063910466800714    1.158457510789811     25    
53638.88590219667    18.452153991983177    1.1231928406333713    25    
53639.38590219667    17.86684141093382     1.1081651808172555    25    
53639.88590219667    17.308083175144766    1.1030850185555607    25    
53640.38590219667    16.775440532069247    1.106239685231242     25    
53640.88590219667    16.26914250994498     1.1152263315360667    25    
53641.38590219667    15.7896952854309      1.1167687987141481    25    
53641.88590219667    15.33693468216886     1.1143131378621374    25    
53642.38590219667    14.913345213542136    1.0538585436955026    25    
53642.88590219667    14.518729434779479    0.8854920634939887    25    
53643.38590219667    14.155206738208596    0.7317278540855884    25    
53643.88590219667    13.824457545290233    0.7239034762629101    25    
53644.38590219667    13.5243943748045      0.7573764796406027    25    
53644.88590219667    13.255808976211034    0.7464668380162791    25    
53645.38590219667    13.014867033586658    0.727439565693455     25    
53645.88590219667    12.792619314479243    0.7196891457128737    25    
53646.38590219667    12.589867555708093    0.71951686886267      25    
53646.88590219667    12.3948368993328      0.7242052421858438    25    
53647.38590219667    12.208570263072199    0.735254788351291     25    
53647.88590219667    12.024578007455693    0.7379252200532906    25    
53648.38590219667    11.840556396487544    0.7255122103200541    25    
53648.88590219667    11.659885018345866    0.7128980129309129    25    
53649.38590219667    11.482925011984287    0.7060718678558295    25    
53649.88590219667    11.311290434834115    0.7065606846396305    25    
53650.38590219667    11.147562488633838    0.7252059795839075    25    
53650.88590219667    10.991496483929721    0.7527100319140874    25    
53651.38590219667    10.845484652418271    0.767414793493884     25    
53651.88590219667    10.709176623287187    0.7729736199511905    25    
53652.38590219667    10.581605414510193    0.7717360496817348    25    
53652.88590219667    10.462935568522912    0.7627809328559377    25    
53653.38590219667    10.351998100116663    0.7514381758792009    25    
53653.88590219667    10.24869166256161     0.7384694747902452    25    
53654.38590219667    10.152249358340029    0.7260795142393699    25    
53654.88590219667    10.062124614322215    0.7172915431961226    25    
53655.38590219667    9.978022335237862     0.7109265150186505    25    
53655.88590219667    9.898973356661308     0.7088882427460366    25    
53656.38590219667    9.825025750027072     0.708850778654894     25    
53656.88590219667    9.754976822435454     0.6943244062796377    25    
53657.38590219667    9.68899853556425      0.6636838327321872    25    
53657.88590219667    9.625873944501238     0.6514979886651916    25    
53658.38590219667    9.565679624705986     0.658576012172388     25    
53658.88590219667    9.507403655715235     0.7015345191196027    25    