#Date  :
#Flux  :
#Fluxerr  :
#ZP  :
#end  :
@INSTRUMENT  PS
@BAND  PS_g
@MAGSYS  AB
54980.3984375  -13.380000114440918  12.16100025177002  27.5002
54993.30078125  -20.316999435424805  13.49899959564209  27.5002
54996.30078125  -9.696000099182129  9.784000396728516  27.5002
54999.30078125  -26.131000518798828  11.300999641418457  27.5002
55002.30078125  1.906999945640564  14.894000053405762  27.5002
55191.6015625  4.679999828338623  9.13599967956543  27.5002
55203.6015625  -3.26200008392334  9.75100040435791  27.5002
55209.6015625  10.812999725341797  11.225000381469727  27.5002
55212.6015625  -3.0139999389648438  10.982000350952148  27.5002
55215.6015625  5.630000114440918  8.473999977111816  27.5002
55221.6015625  1.305999994277954  9.63700008392334  27.5002
55230.6015625  9.178000450134277  20.687000274658203  27.5002
55233.5  -4.236999988555908  12.354000091552734  27.5002
55236.6015625  14.440999984741211  9.529000282287598  27.5002
55239.5  -1.440000057220459  8.704000473022461  27.5002
55242.5  1.3309999704360962  10.156999588012695  27.5002
55248.5  4.940000057220459  8.842000007629395  27.5002
55251.5  -34.20000076293945  22.4689998626709  27.5002
55251.5  -32.23400115966797  20.774999618530273  27.5002
55266.5  10.071000099182129  16.985000610351562  27.5002
55269.6015625  -11.140999794006348  17.371999740600586  27.5002
55272.6015625  -7.619999885559082  11.690999984741211  27.5002
55275.5  -5.001999855041504  12.008000373840332  27.5002
55301.30078125  -6.331999778747559  12.557000160217285  27.5002
55305.30078125  12.244999885559082  11.053000450134277  27.5002
55326.3984375  -9.656999588012695  13.911999702453613  27.5002
55329.3984375  -6.451000213623047  10.300000190734863  27.5002
55332.30078125  -5.8429999351501465  8.220000267028809  27.5002
55350.30078125  -8.807999610900879  9.265000343322754  27.5002
55353.30078125  9.64900016784668  9.96399974822998  27.5002
55359.30078125  13.503999710083008  19.5939998626709  27.5002
55362.30078125  -15.184000015258789  9.557000160217285  27.5002
55365.30078125  7.630000114440918  10.906999588012695  27.5002
55596.6015625  0.7129999995231628  8.581999778747559  27.5002
55602.5  -13.609999656677246  8.737000465393066  27.5002
55605.6015625  21.590999603271484  21.857999801635742  27.5002
55632.6015625  -4.343999862670898  9.574999809265137  27.5002
55635.5  5.431000232696533  15.519000053405762  27.5002
55650.6015625  -12.869000434875488  13.651000022888184  27.5002
55653.5  2.9630000591278076  9.791999816894531  27.5002
55662.3984375  -10.770000457763672  10.336999893188477  27.5002
55665.30078125  -2.427000045776367  14.829999923706055  27.5002
55674.30078125  12.0649995803833  8.951000213623047  27.5002
55677.3984375  4.776000022888184  8.539999961853027  27.5002
55680.30078125  4.306000232696533  13.517999649047852  27.5002
55692.3984375  -11.89900016784668  10.972999572753906  27.5002
55701.30078125  8.925000190734863  7.515999794006348  27.5002
55710.30078125  2.683000087738037  7.978000164031982  27.5002
55719.30078125  -11.682000160217285  9.925999641418457  27.5002
55722.30078125  9.845000267028809  24.523000717163086  27.5002
55731.30078125  -11.967000007629395  17.099000930786133  27.5002
55947.6015625  -1.1629999876022339  10.152999877929688  27.5002
55949.6015625  -16.993999481201172  15.48799991607666  27.5002
55952.6015625  3.6029999256134033  8.673999786376953  27.5002
55955.69921875  -3.9159998893737793  11.00100040435791  27.5002
55970.6015625  -5.6519999504089355  13.12399959564209  27.5002
55973.6015625  -26.763999938964844  11.454999923706055  27.5002
55981.6015625  6.997000217437744  9.211000442504883  27.5002
55984.6015625  -8.574000358581543  8.553999900817871  27.5002
56000.5  2.9240000247955322  8.845000267028809  27.5002
56006.5  5.570000171661377  9.842000007629395  27.5002
56029.5  -39.74599838256836  12.958000183105469  27.5002
56032.30078125  -0.3449999988079071  8.387999534606934  27.5002
56037.3984375  10.506999969482422  9.300000190734863  27.5002
56040.30078125  12.562000274658203  9.946999549865723  27.5002
56043.30078125  -7.349999904632568  7.749000072479248  27.5002
56046.5  3.3980000019073486  11.930000305175781  27.5002
56059.30078125  14.965999603271484  20.01099967956543  27.5002
56062.30078125  3.203000068664551  8.482000350952148  27.5002
56065.30078125  4.915999889373779  7.738999843597412  27.5002
56067.30078125  13.184000015258789  7.701000213623047  27.5002
56325.6015625  -44.55799865722656  17.691999435424805  27.5002
56328.6015625  0.3619999885559082  13.00100040435791  27.5002
56331.6015625  1.7380000352859497  8.918999671936035  27.5002
56336.6015625  2.867000102996826  10.032999992370605  27.5002
56354.6015625  13.890999794006348  17.385000228881836  27.5002
56357.6015625  5.241000175476074  14.46399974822998  27.5002
56371.5  4.269999980926514  14.572999954223633  27.5002
56384.5  19.097000122070312  24.55900001525879  27.5002
56387.5  4.656000137329102  12.618000030517578  27.5002
56390.3984375  -7.72599983215332  16.808000564575195  27.5002
56398.5  6.688000202178955  11.763999938964844  27.5002
56401.30078125  -21.829999923706055  15.812999725341797  27.5002
56416.3984375  0.5920000076293945  18.9689998626709  27.5002
56421.30078125  24.945999145507812  9.375  27.5002
56427.30078125  37.42499923706055  13.0649995803833  27.5002
56430.3984375  52.42900085449219  16.89299964904785  27.5002
56443.30078125  26.406999588012695  8.185999870300293  27.5002
56451.30078125  13.305000305175781  9.050999641418457  27.5002
56460.30078125  12.347999572753906  15.093000411987305  27.5002
56478.30078125  2.9579999446868896  10.062000274658203  27.5002
