#Date  :
#Flux  :
#Fluxerr  :
#ZP  :
#end  :
@INSTRUMENT  PS
@BAND  PS_g
@MAGSYS  AB
55074.6015625  1.8930000066757202  12.927000045776367  27.5002
55086.6015625  -7.716000080108643  20.05900001525879  27.5002
55089.6015625  3.140000104904175  10.288999557495117  27.5002
55095.5  -18.28700065612793  9.574000358581543  27.5002
55098.5  -30.031999588012695  11.376999855041504  27.5002
55101.6015625  3.007999897003174  9.781999588012695  27.5002
55104.6015625  4.8470001220703125  9.982999801635742  27.5002
55161.30078125  1.7100000381469727  16.878000259399414  27.5002
55170.30078125  -25.045000076293945  20.434999465942383  27.5002
55173.3984375  -8.472000122070312  9.282999992370605  27.5002
55176.3984375  13.5649995803833  11.758000373840332  27.5002
55179.3984375  4.985000133514404  7.428999900817871  27.5002
55188.30078125  9.043000221252441  15.029999732971191  27.5002
55191.19921875  1.9290000200271606  11.800999641418457  27.5002
55203.19921875  -5.644000053405762  7.919000148773193  27.5002
55206.30078125  1.4819999933242798  7.336999893188477  27.5002
55215.19921875  4.203999996185303  9.678000450134277  27.5002
55413.6015625  8.842000007629395  9.220000267028809  27.5002
55416.6015625  25.023000717163086  10.380000114440918  27.5002
55422.6015625  -26.660999298095703  12.897000312805176  27.5002
55425.6015625  2.5139999389648438  9.336999893188477  27.5002
55428.6015625  11.916000366210938  10.310999870300293  27.5002
55446.6015625  -5.484000205993652  8.774999618530273  27.5002
55449.6015625  -14.149999618530273  10.888999938964844  27.5002
55452.6015625  3.302999973297119  9.458999633789062  27.5002
55455.6015625  21.216999053955078  7.38700008392334  27.5002
55458.6015625  2.4830000400543213  17.04400062561035  27.5002
55467.6015625  5.927999973297119  20.527999877929688  27.5002
55476.6015625  -14.045000076293945  12.032999992370605  27.5002
55479.6015625  3.2690000534057617  14.61400032043457  27.5002
55482.6015625  11.123000144958496  9.949999809265137  27.5002
55485.6015625  -14.152999877929688  17.062999725341797  27.5002
55500.5  2.3910000324249268  7.052999973297119  27.5002
55503.3984375  -4.699999809265137  11.597999572753906  27.5002
55509.5  7.373000144958496  10.109999656677246  27.5002
55887.30078125  217.42599487304688  12.590999603271484  27.5002
55889.30078125  234.0489959716797  10.281999588012695  27.5002
55895.30078125  182.18099975585938  9.815999984741211  27.5002
55911.30078125  50.9379997253418  9.53600025177002  27.5002
55941.30078125  37.154998779296875  27.804000854492188  27.5002
56155.6015625  4.103000164031982  10.6850004196167  27.5002
56161.6015625  0.45899999141693115  8.972000122070312  27.5002
56206.6015625  36.56700134277344  13.90999984741211  27.5002
56209.6015625  5.8979997634887695  10.390999794006348  27.5002
56214.3984375  -14.991000175476074  17.55299949645996  27.5002
56217.5  -16.98200035095215  12.78600025177002  27.5002
56220.5  34.000999450683594  16.61199951171875  27.5002
56241.3984375  13.467000007629395  21.878000259399414  27.5002
56268.30078125  1.9329999685287476  10.107000350952148  27.5002
56271.30078125  5.853000164031982  10.093999862670898  27.5002
56303.19921875  -21.68400001525879  18.59000015258789  27.5002
56507.6015625  3.509000062942505  8.357000350952148  27.5002
56518.6015625  -6.948999881744385  8.211000442504883  27.5002
56534.6015625  -8.461000442504883  9.762999534606934  27.5002
56537.6015625  -0.0689999982714653  7.896999835968018  27.5002
56545.6015625  -10.137999534606934  9.92199993133545  27.5002
56563.6015625  -4.9770002365112305  25.71299934387207  27.5002
56574.6015625  -12.678000450134277  15.039999961853027  27.5002
56590.5  -9.156000137329102  11.090999603271484  27.5002
56593.5  -0.20499999821186066  17.283000946044922  27.5002
56619.3984375  -14.229999542236328  9.949999809265137  27.5002
56622.3984375  -2.4230000972747803  12.75  27.5002
56625.30078125  6.017000198364258  9.097999572753906  27.5002
56630.30078125  2.621999979019165  8.631999969482422  27.5002
56633.19921875  -26.422000885009766  15.116000175476074  27.5002
56636.30078125  -40.28200149536133  22.19099998474121  27.5002
56649.3984375  0.8159999847412109  23.246000289916992  27.5002
56652.3984375  3.8949999809265137  13.085000038146973  27.5002
56655.30078125  1.5959999561309814  12.38700008392334  27.5002
56663.30078125  5.308000087738037  21.142000198364258  27.5002
