56633.8614085443    1128.2575284206312    267.3288803725431     25    
56634.3614085443    1370.1217061810999    261.7069849003037     25    
56634.8614085443    1635.5635343096192    271.33573136328783    25    
56635.3614085443    1924.6162303674535    328.77646503521373    25    
56635.8614085443    2237.30618595814      380.309067413541      25    
56636.3614085443    2573.669909370421     389.3495135797423     25    
56636.8614085443    2933.7305992814527    385.1356126210295     25    
56637.3614085443    3317.5278591052684    386.413860442508      25    
56637.8614085443    3725.081890194834     387.47972431158314    25    
56638.3614085443    4156.435195487257     388.14909924685026    25    
56638.8614085443    4611.605174613544     388.4873483603573     25    
56639.3614085443    5090.637034431664     388.4673450700785     25    
56639.8614085443    5593.545568452848     388.25484528374085    25    
56640.3614085443    6121.105601094836     389.14672108802995    25    
56640.8614085443    6671.727072822677     388.93719368170093    25    
56641.3614085443    7247.270177185459     380.5216323720869     25    
56641.8614085443    7837.347642940392     369.41048140873045    25    
56642.3614085443    8420.132034407634     369.38613423467075    25    
56642.8614085443    8988.341443599464     375.2319854389665     25    
56643.3614085443    9507.841317497321     379.0995596915044     25    
56643.8614085443    9976.560527933847     382.23899433547956    25    
56644.3614085443    10358.357814909748    383.4456599620592     25    
56644.8614085443    10662.949018598076    383.50842399227076    25    
56645.3614085443    10899.431835957863    385.03066886051346    25    
56645.8614085443    11073.29614820703     387.4907605700131     25    
56646.3614085443    11216.517284732983    390.89459718527473    25    
56646.8614085443    11329.53956382286     394.6989953371817     25    
56647.3614085443    11444.543270581275    396.6273054442992     25    
56647.8614085443    11557.361133727678    396.032214150913      25    
56648.3614085443    11668.211926633763    382.30625735759753    25    
56648.8614085443    11775.222297876493    357.4806374889009     25    
56649.3614085443    11861.597272421466    349.0154008234982     25    
56649.8614085443    11927.54933837142     354.85882145783324    25    
56650.3614085443    11956.978707369643    356.5713004527823     25    
56650.8614085443    11950.695775224774    355.18173844481305    25    
56651.3614085443    11905.859585063436    353.07855124114354    25    
56651.8614085443    11822.641546644816    350.24152054112824    25    
56652.3614085443    11705.696956918502    349.57738153535115    25    
56652.8614085443    11554.939609371562    351.1441660753475     25    
56653.3614085443    11374.534302108856    352.06295545957084    25    
56653.8614085443    11164.356891901294    352.85585494546893    25    
56654.3614085443    10929.68405192825     335.90945248050707    25    
56654.8614085443    10670.396560942172    294.66585810937784    25    
56655.3614085443    10392.408497732125    270.10401641696717    25    
56655.8614085443    10095.662555520039    272.75979812793145    25    
56656.3614085443    9786.037952076607     274.0734993697431     25    
56656.8614085443    9463.081829602344     271.2133903724158     25    
56657.3614085443    9136.977007305393     267.354895227146      25    
56657.8614085443    8807.49982237027      262.10260161609466    25    
56658.3614085443    8487.567968355565     258.87577663603594    25    
56658.8614085443    8177.775754204308     258.8689046953026     25    
56659.3614085443    7890.186042723245     258.54659371982183    25    
56659.8614085443    7627.3568976978995    258.1392952075651     25    
56660.3614085443    7390.803112919283     251.87110194131236    25    
56660.8614085443    7182.438060106249     234.55469832071572    25    
56661.3614085443    6996.482175826942     222.65278375407098    25    
56661.8614085443    6832.419470445388     224.59570053422064    25    
56662.3614085443    6685.758714079905     227.25497704669093    25    
56662.8614085443    6555.419375100248     226.92921631605083    25    
56663.3614085443    6438.6255711290005    225.4803088345995     25    
56663.8614085443    6334.389081090954     222.08374969906416    25    
56664.3614085443    6241.193918686773     220.1059925673466     25    
56664.8614085443    6158.549923849971     221.96485269398883    25    
56665.3614085443    6084.787929788833     223.88081690882143    25    
56665.8614085443    6019.476933956493     224.3258989769507     25    
56666.3614085443    5960.559017995643     223.77043872373477    25    
56666.8614085443    5907.366370117346     222.95266225880968    25    
56667.3614085443    5857.589742524012     218.85108056729044    25    
56667.8614085443    5810.107663587361     206.2797843651634     25    
56668.3614085443    5762.89293759282      194.53166884285602    25    
56668.8614085443    5714.39514524077      193.63505255697964    25    
56669.3614085443    5663.593287840236     194.77179672247212    25    
56669.8614085443    5609.180188183395     191.26672825581926    25    
56670.3614085443    5550.945133814875     188.30874173533272    25    
56670.8614085443    5488.3640748977505    190.14690077436114    25    
56671.3614085443    5421.044167207465     192.99455305699513    25    
56671.8614085443    5348.247491452413     194.18618896026794    25    
56672.3614085443    5270.251213684033     194.05303390396853    25    
56672.8614085443    5186.789930184545     188.49440027223864    25    
56673.3614085443    5098.681935204161     186.3148300273838     25    
56673.8614085443    5006.794206941221     204.45113172844077    25    
56674.3614085443    4911.586005288351     224.95019705424556    25    
56674.8614085443    4814.21343711394      229.6923652478324     25    
56675.3614085443    4714.668419803172     227.80925156694084    25    
56675.8614085443    4613.687032689026     224.25113611365612    25    
56676.3614085443    4510.900102389531     219.58189901674626    25    
56676.8614085443    4405.995511858759     218.77284426665645    25    
56677.3614085443    4298.86656386975      219.89820905558284    25    
56677.8614085443    4188.885944504536     221.5671355386977     25    
56678.3614085443    4076.4626378719095    222.96051754575893    25    
56678.8614085443    3961.888808479463     223.50719882424343    25    
56679.3614085443    3845.9720354433616    218.6546314505665     25    
56679.8614085443    3731.222820315027     181.93471079987057    25    
56680.3614085443    3617.9582781905324    111.23988895529489    25    
56680.8614085443    3509.141734798197     76.77345354413067     25    
56681.3614085443    3404.6206368047965    89.55030049242728     25    
56681.8614085443    3306.2842341567184    89.50313992819025     25    
56682.3614085443    3213.641967769416     86.6448139068747      25    
56682.8614085443    3125.7700290951293    84.7209079915808      25    
56683.3614085443    3042.593655013704     83.5875687362822      25    
56683.8614085443    2962.9010834167607    83.65644480210996     25    
56684.3614085443    2886.738132441555     84.62339292498245     25    
56684.8614085443    2813.2598786564076    84.02742727481126     25    
56685.3614085443    2742.560048389184     82.20989846751833     25    
56685.8614085443    2674.7739903663146    80.6201569579067      25    
56686.3614085443    2609.9085151696104    79.394231552195       25    
56686.8614085443    2548.1919674711767    83.31624821939236     25    
56687.3614085443    2489.6148487516425    91.31878499192376     25    
56687.8614085443    2434.2438035230607    94.88082000716615     25    
56688.3614085443    2382.0762624763142    94.67165892852621     25    
56688.8614085443    2332.7339897140287    93.92902211972302     25    
56689.3614085443    2286.2255296301378    92.63613919435909     25    
56689.8614085443    2242.1401100077624    91.30668415626037     25    
56690.3614085443    2200.484609513904     89.93938705383987     25    
56690.8614085443    2160.8558298981857    89.01626186954341     25    
56691.3614085443    2123.258075365499     88.59434715671925     25    
56691.8614085443    2087.291356453995     88.55667334859776     25    
56692.3614085443    2052.9561342536244    89.00121512251211     25    
56692.8614085443    2019.8568967438869    88.65351701884195     25    
56693.3614085443    1987.9889932469666    87.07192266074178     25    
56693.8614085443    1956.9626578365555    86.67006998744161     25    
56694.3614085443    1926.766859414228     87.40641939740728     25    
56694.8614085443    1897.018846800696     91.70601641645733     25    