#mB  c  mBmB x1x1 cc mBx1 mBc x1c
16.69032835944929  -0.3  0.008060968341114723  0.02766785872939744  0.002131362349354469  0.006771131538539125  0.003795500729315735  0.0038442961997167007
16.68968483849692  0.3  0.008510529650830337  0.02749842229692719  0.0022712932488284264  0.006198982374423379  0.004046027646754481  0.003654408420199898
17.195037795034274  0.0  0.008821605537159124  0.028936827443113704  0.0023413036209927306  0.006562955268539035  0.004187415343131443  0.003837440809255799
17.695037795034278  0.0  0.009788654454541823  0.03197798628437274  0.0025992341834785554  0.006522139091635336  0.004669901658828107  0.003922750779436962
18.195037795034278  0.0  0.011595976038274319  0.03887685379568933  0.0030874076265279718  0.006356097491098767  0.005573171687525324  0.0040682431963537345
17.693922497548115  -0.15  0.009691705753055451  0.03263352428322928  0.0025624571521763694  0.006865231673008066  0.004605830153452756  0.004085613921892227
17.693636947921277  0.15  0.009869980685334522  0.03141894072802986  0.002632232926992149  0.006165589081888067  0.004724967728750237  0.0037507821127774235
18.69032835944929  -0.3  0.016036505841027327  0.06118716760006383  0.004209994360723638  0.008881330972124497  0.007662720789461813  0.005867489556965148
18.68968483849692  0.3  0.014029689774224634  0.04892584010424759  0.0037752899606389484  0.0038134983475321075  0.006827108125144251  0.0031659691210661526
