50014.169431486924    7476.141622559928     1195.1626539890294    25    
50014.669431486924    8920.211623925348     1183.2221740590116    25    
50015.169431486924    10462.37050638116     1207.5751962598645    25    
50015.669431486924    12095.257814897686    1349.839377126957     25    
50016.169431486924    13812.099058892896    1481.454945373476     25    
50016.669431486924    15605.244597090872    1504.2121525210566    25    
50017.169431486924    17468.206088373714    1495.605488172746     25    
50017.669431486924    19393.050778783483    1501.5135005062257    25    
50018.169431486924    21373.57040310226     1506.9173825702571    25    
50018.669431486924    23401.555168254195    1511.3936958345123    25    
50019.169431486924    25471.070811357135    1515.3574787529178    25    
50019.669431486924    27573.636573781605    1518.6677865255726    25    
50020.169431486924    29703.586121416996    1522.600865054256     25    
50020.669431486924    31854.015139230436    1526.7667276591797    25    
50021.169431486924    34014.52287043546     1536.3952658743465    25    
50021.669431486924    36183.53790079535     1561.4023976609917    25    
50022.169431486924    38320.05113268375     1592.6177929277173    25    
50022.669431486924    40380.28830186641     1622.4643784239036    25    
50023.169431486924    42325.08997155784     1649.6926776175437    25    
50023.669431486924    44085.941435952634    1669.096524164659     25    
50024.169431486924    45640.72832750146     1681.7003099729304    25    
50024.669431486924    46905.56396302621     1681.5455531187217    25    
50025.169431486924    47928.52588898108     1681.2490106909734    25    
50025.669431486924    48729.986939373266    1702.7819086203676    25    
50026.169431486924    49357.172033580515    1734.6304612193703    25    
50026.669431486924    49889.95974115634     1774.1718311622874    25    
50027.169431486924    50351.88236020211     1807.0318373650862    25    
50027.669431486924    50836.40417039232     1802.5843976800022    25    
50028.169431486924    51311.73056069453     1774.4240915404814    25    
50028.669431486924    51778.88041864922     1722.2529386660956    25    
50029.169431486924    52205.22247078955     1667.0939611282938    25    
50029.669431486924    52534.09317739703     1670.557325284148     25    
50030.169431486924    52751.66823157035     1697.0858541835173    25    
50030.669431486924    52792.636534046695    1697.1811471344538    25    
50031.169431486924    52675.0362684841      1688.011741974775     25    
50031.669431486924    52394.03579205773     1678.5688261674998    25    
50032.169431486924    51969.01260831993     1672.936196984178     25    
50032.669431486924    51436.953117679055    1693.566401395567     25    
50033.169431486924    50805.393884441335    1720.9043781458154    25    
50033.669431486924    50115.93673608549     1729.279882455824     25    
50034.169431486924    49360.96607078121     1705.294620186578     25    
50034.669431486924    48549.52193017813     1558.327051768091     25    
50035.169431486924    47672.81866923725     1343.4715738508366    25    
50035.669431486924    46714.52059703953     1282.9216748765907    25    
50036.169431486924    45672.748416262424    1310.9641466312282    25    
50036.669431486924    44526.2125638697      1306.1882614729552    25    
50037.169431486924    43288.264170616756    1293.8412217255632    25    
50037.669431486924    41976.89731221977     1272.187437465394     25    
50038.169431486924    40606.83883585296     1249.0430547425792    25    
50038.669431486924    39229.93227045757     1254.9267208008653    25    
50039.169431486924    37852.96367664416     1274.8148823465563    25    
50039.669431486924    36531.49489594627     1275.4538732962562    25    
50040.169431486924    35263.11174347882     1264.7345506457202    25    
50040.669431486924    34077.92305392806     1246.0512530758078    25    
50041.169431486924    32971.9245998687      1223.3743201355962    25    
50041.669431486924    31950.99412516371     1219.1221529305392    25    
50042.169431486924    31015.464235532087    1225.1798581273194    25    
50042.669431486924    30172.05077055186     1223.3700740425602    25    
50043.169431486924    29419.121344546187    1215.7695408928053    25    
50043.669431486924    28755.97761891144     1195.0103828976967    25    
50044.169431486924    28180.590939244306    1167.160191910069     25    
50044.669431486924    27684.357226649707    1161.3711417942045    25    
50045.169431486924    27266.54322839689     1169.678502441879     25    
50045.669431486924    26919.18509933782     1172.3990431400716    25    
50046.169431486924    26640.132170223278    1171.7770629864542    25    
50046.669431486924    26414.56931328298     1167.5402791220042    25    
50047.169431486924    26240.07803438813     1156.750647555855     25    
50047.669431486924    26093.616904171642    1113.492216520927     25    
50048.169431486924    25974.12698226914     1047.335330683121     25    
50048.669431486924    25857.239583376333    1025.8297374620506    25    
50049.169431486924    25743.951045470247    1036.867522652624     25    
50049.669431486924    25619.86316980874     1031.7416113403528    25    
50050.169431486924    25486.61863543182     1019.523395450332     25    
50050.669431486924    25343.186266022974    1033.343816253802     25    
50051.169431486924    25189.642112155463    1064.732871025625     25    
50051.669431486924    25024.909013316188    1078.5669612604718    25    
50052.169431486924    24849.258584005318    1078.7992890975358    25    
50052.669431486924    24663.582328732406    1060.12113023396      25    
50053.169431486924    24468.247343300834    1027.078213176529     25    
50053.669431486924    24267.175244080976    1032.5802039318298    25    
50054.169431486924    24060.418324995928    1067.8807341311972    25    
50054.669431486924    23852.667063895497    1089.9191175743244    25    
50055.169431486924    23643.238605659466    1101.5682064118344    25    
50055.669431486924    23429.883488259824    1088.1107923693148    25    
50056.169431486924    23211.658684384805    1053.1071648889938    25    
50056.669431486924    22974.622563405006    1045.3970028248964    25    
50057.169431486924    22718.698495677876    1061.3263420201697    25    
50057.669431486924    22428.75002533087     1080.6023647691654    25    
50058.169431486924    22105.378267924625    1102.411839081268     25    
50058.669431486924    21742.660158771432    1100.4700096215831    25    
50059.169431486924    21341.40192237589     1074.273123633564     25    
50059.669431486924    20913.05285876668     962.2893998367769     25    
50060.169431486924    20457.618477989712    735.8970783866677     25    
50060.669431486924    19987.279250223422    604.3076692271709     25    
50061.169431486924    19501.904748136323    618.8894784289835     25    
50061.669431486924    19011.461832764806    612.462487497806      25    
50062.169431486924    18515.821643806485    587.6984971847526     25    
50062.669431486924    18020.464031801886    579.5184571890446     25    
50063.169431486924    17525.343689994617    588.3759413298268     25    
50063.669431486924    17035.794145496297    604.3574094188452     25    
50064.169431486924    16551.77684484754     627.1088938078559     25    
50064.669431486924    16078.395793898642    627.2194902377737     25    
50065.169431486924    15615.625375569532    604.0790595802736     25    
50065.669431486924    15167.91857676687     577.800450076409      25    
50066.169431486924    14735.248751063242    548.389617481279      25    
50066.669431486924    14322.17887937319     509.69224568787615    25    
50067.169431486924    13928.761994753822    458.10570870245124    25    
50067.669431486924    13557.738830023403    429.2572924893581     25    
50068.169431486924    13209.330014618858    430.66498010642874    25    
50068.669431486924    12881.2948143952      427.7714539795009     25    
50069.169431486924    12573.67658516002     418.56615062664304    25    
50069.669431486924    12283.949303342994    409.9180111995876     25    
50070.169431486924    12012.110617416447    401.8927747685921     25    
50070.669431486924    11755.71339106907     398.0918211625474     25    
50071.169431486924    11514.748088769891    399.0314954381867     25    
50071.669431486924    11286.77527984372     400.3286894031489     25    
50072.169431486924    11071.777201490615    398.66018352718083    25    
50072.669431486924    10867.32317193727     437.12616276460557    25    
50073.169431486924    10673.386157848947    515.1225325822577     25    
50073.669431486924    10487.545269620032    557.927019024042      25    
50074.169431486924    10309.763160115199    561.8550082273449     25    
50074.669431486924    10137.629775162282    589.5662676610871     25    