53001.46730081348    298.557428443307      60.90824783919523     25    
53001.96730081348    359.566308698341      59.95640804576261     25    
53002.46730081348    425.95835568519146    61.411137256553964    25    
53002.96730081348    497.65020066876826    71.07704204577898     25    
53003.46730081348    574.5916642547112     80.60781145245338     25    
53003.96730081348    656.6840776720193     82.64864514880148     25    
53004.46730081348    743.8915258546822     81.89824128300145     25    
53004.96730081348    836.1021114109104     82.14220779501741     25    
53005.46730081348    933.2921121879186     82.41288832036524     25    
53005.96730081348    1035.3384735882548    82.63803475049633     25    
53006.46730081348    1142.2275949572343    82.8277888964869      25    
53006.96730081348    1253.827335906866     82.9862404340161      25    
53007.46730081348    1370.1321458654452    83.12760353111409     25    
53007.96730081348    1491.1052499778475    83.47547036264108     25    
53008.46730081348    1616.6370376383165    83.85031960383202     25    
53008.96730081348    1746.428986278221     82.61986539996485     25    
53009.46730081348    1880.1382735937273    80.03455868871224     25    
53009.96730081348    2011.8087016294228    79.39254609160879     25    
53010.46730081348    2141.676701950253     80.61326014193733     25    
53010.96730081348    2261.538809522703     81.61608260635217     25    
53011.46730081348    2371.643194759115     82.37875674267974     25    
53011.96730081348    2464.8253607799425    82.87926036609304     25    
53012.46730081348    2540.177973258487     83.05210724947969     25    
53012.96730081348    2601.111826364262     83.37594949214977     25    
53013.46730081348    2646.9250720361442    83.92280643205542     25    
53013.96730081348    2684.721980004433     84.57179612734475     25    
53014.46730081348    2714.980268416983     85.40529568634348     25    
53014.96730081348    2743.2170037783058    85.9055357014123      25    
53015.46730081348    2771.606681471337     86.03524972167862     25    
53015.96730081348    2798.7792201453144    85.30216377162498     25    
53016.46730081348    2825.560196835576     82.85114045789108     25    
53016.96730081348    2848.511277301859     80.94344794377498     25    
53017.46730081348    2866.5845633170998    81.32770175120231     25    
53017.96730081348    2877.619849951596     82.02942802540554     25    
53018.46730081348    2879.541791853629     81.9505335470974      25    
53018.96730081348    2872.9561031027283    81.66515819004275     25    
53019.46730081348    2857.2572970786396    81.24247419111707     25    
53019.96730081348    2833.605227692835     80.87456202269688     25    
53020.46730081348    2802.946616451547     80.99711241939349     25    
53020.96730081348    2765.771395815703     81.18953158742748     25    
53021.46730081348    2723.297435374579     81.67865466468548     25    
53021.96730081348    2675.570136908398     80.96381921216856     25    
53022.46730081348    2623.395851354416     73.8981646783759      25    
53022.96730081348    2566.744982404858     63.257946638664954    25    
53023.46730081348    2506.0334989553203    59.78599151450323     25    
53023.96730081348    2441.3275677168335    60.960408140283945    25    
53024.46730081348    2372.964956891363     60.718223432394154    25    
53024.96730081348    2301.2506567900823    60.06854173910968     25    
53025.46730081348    2227.9613261820355    59.21862171134185     25    
53025.96730081348    2153.212121069634     58.21973056083204     25    
53026.46730081348    2079.9869383372416    57.709942513290734    25    
53026.96730081348    2008.1817701418888    57.62641152018945     25    
53027.46730081348    1940.851810897246     57.45323991107769     25    
53027.96730081348    1877.8939611354967    57.21308875524437     25    
53028.46730081348    1820.332965378572     55.569559362529645    25    
53028.96730081348    1768.2403952842642    52.14962973730083     25    
53029.46730081348    1720.9897052547026    50.250536343573536    25    
53029.96730081348    1678.5967987702654    50.57155770422574     25    
53030.46730081348    1640.5584640836607    50.80156681435866     25    
53030.96730081348    1606.8923344145232    50.620135601265694    25    
53031.46730081348    1576.9673825729244    50.25772989375019     25    
53031.96730081348    1550.7717689634665    49.5933438451511      25    
53032.46730081348    1527.5869907749648    49.20830010430452     25    
53032.96730081348    1507.316093577395     49.42375001151618     25    
53033.46730081348    1489.3152664371532    49.640448813334174    25    
53033.96730081348    1473.4026314233918    49.65081099946474     25    
53034.46730081348    1459.0884858711513    49.508375100663464    25    
53034.96730081348    1446.1443237467495    49.53964729948863     25    
53035.46730081348    1434.2139555966837    48.59202451880107     25    
53035.96730081348    1423.059484946705     44.72441049223588     25    
53036.46730081348    1412.3731963399182    40.62824895296494     25    
53036.96730081348    1401.8411514919596    40.0305787250791      25    
53037.46730081348    1391.2526000928904    40.5663323282919      25    
53037.96730081348    1380.253296680543     40.09059616929023     25    
53038.46730081348    1368.7084731032612    39.58839049697673     25    
53038.96730081348    1356.2562781259453    39.81689692154819     25    
53039.46730081348    1342.7999332112195    40.31428672648442     25    
53039.96730081348    1327.8665742709734    40.48163087058493     25    
53040.46730081348    1311.5526224285418    40.43132741322186     25    
53040.96730081348    1293.7163464330722    39.54704474995096     25    
53041.46730081348    1274.514176222045     38.668016823677114    25    
53041.96730081348    1254.4308922439232    41.85346110565804     25    
53042.46730081348    1233.4819514361843    47.04378496062327     25    
53042.96730081348    1212.2394750718129    48.94879844503247     25    
53043.46730081348    1190.654708926737     48.682501020177426    25    
53043.96730081348    1168.9649718046535    48.16100188373507     25    
53044.46730081348    1147.1415297281526    47.28801478230943     25    
53044.96730081348    1124.8385438265736    46.88280567635829     25    
53045.46730081348    1102.0702450100875    46.95168473477748     25    
53045.96730081348    1078.4593416595862    47.12319840395916     25    
53046.46730081348    1053.9863750179884    47.42803174994472     25    
53046.96730081348    1028.677528940382     47.47307096502587     25    
53047.46730081348    1002.4474241723129    47.662481758484766    25    
53047.96730081348    975.9817891375316     43.74624299495687     25    
53048.46730081348    949.2850724717596     31.21762344086214     25    
53048.96730081348    923.0031761768537     18.59847742262736     25    
53049.46730081348    897.2426938527242     18.31944629705636     25    
53049.96730081348    872.3385205287113     19.906632736335865    25    
53050.46730081348    848.468309662917      19.34036355397412     25    
53050.96730081348    825.4998628679116     18.8710211191243      25    
53051.46730081348    803.4363353216522     18.650047294605642    25    
53051.96730081348    782.1943266959322     18.587085688454536    25    
53052.46730081348    761.7305086006709     18.76079109091813     25    
53052.96730081348    742.0197397304748     18.857104473925677    25    
53053.46730081348    723.0134578290177     18.54531665782095     25    
53053.96730081348    704.7518061997733     18.113779475146934    25    
53054.46730081348    687.250233286246      17.546355838713154    25    
53054.96730081348    670.5291868782089     17.37406481901451     25    
53055.46730081348    654.6275657149744     18.80021605377385     25    
53055.96730081348    639.5358267297618     20.478010772557734    25    
53056.46730081348    625.2779671305951     20.820992444143982    25    
53056.96730081348    611.8111660415941     20.58661588660779     25    
53057.46730081348    599.0605271049868     20.411832718743874    25    
53057.96730081348    587.0103720356338     20.179392936239836    25    
53058.46730081348    575.5648899779231     19.967746333086787    25    
53058.96730081348    564.7182665773988     19.773233668819675    25    
53059.46730081348    554.3693424267723     19.667231252685035    25    
53059.96730081348    544.5171981786845     19.6357758579398      25    
53060.46730081348    535.0565433313302     19.65231359559049     25    
53060.96730081348    525.9898257192884     19.715007774413184    25    
53061.46730081348    517.209151571395      19.752744900166448    25    
53061.96730081348    508.7188080790082     19.772509917583925    25    
53062.46730081348    500.4098260267638     19.89516371493465     25    
53062.96730081348    492.28680413763925    20.093410881518764    25    
53063.46730081348    484.24122557723285    20.952665061680474    25    