54801.813452396826    709.2118554147053     239.04423302650144    25    
54802.313452396826    879.4862176061906     228.9957887603117     25    
54802.813452396826    1070.8280672271944    244.07872898463475    25    
54803.313452396826    1284.0494936448529    331.1377099011771     25    
54803.813452396826    1519.8119230130367    403.03101829138745    25    
54804.313452396826    1779.0003674292616    414.6007353342914     25    
54804.813452396826    2062.2052574180266    408.18799251517345    25    
54805.313452396826    2370.3806736052256    409.30746935344035    25    
54805.813452396826    2704.0499050879707    410.06336791437457    25    
54806.313452396826    3064.2322468185357    410.19628316654814    25    
54806.813452396826    3451.3877006686635    409.7607541112988     25    
54807.313452396826    3866.596921714988     408.65886616337707    25    
54807.813452396826    4310.260478805901     407.10978304347134    25    
54808.313452396826    4784.327881504884     405.8447903019995     25    
54808.813452396826    5287.284878313569     403.9923977461391     25    
54809.313452396826    5822.571827124894     398.6708310382336     25    
54809.813452396826    6378.162546545646     392.9249855305841     25    
54810.313452396826    6932.512518859587     394.03789436170763    25    
54810.813452396826    7476.6350553146385    398.6858523284749     25    
54811.313452396826    7975.883473788636     402.158807221622      25    
54811.813452396826    8427.085625550684     405.02933522625443    25    
54812.313452396826    8792.917848229188     405.4851263302533     25    
54812.813452396826    9084.209874631853     404.7580859155206     25    
54813.313452396826    9308.32492811872      406.28595762222704    25    
54813.813452396826    9472.132958723972     409.27274243972136    25    
54814.313452396826    9606.05011038537      413.69976578846786    25    
54814.813452396826    9711.259860826473     418.6042510797023     25    
54815.313452396826    9818.986622785385     422.104497433528      25    
54815.813452396826    9924.4590738964       421.22151477565734    25    
54816.313452396826    10029.12317105455     388.5509555278537     25    
54816.813452396826    10130.348746260333    327.9531171002724     25    
54817.313452396826    10213.292430693837    305.85926619459036    25    
54817.813452396826    10277.89425106374     317.951631459111      25    
54818.313452396826    10309.599087711436    320.80483177529754    25    
54818.813452396826    10309.45395181287     318.56594713146137    25    
54819.313452396826    10273.487777318744    315.3768236055178     25    
54819.813452396826    10202.178357694016    311.31659471293983    25    
54820.313452396826    10097.721996685093    311.1853842061531     25    
54820.813452396826    9960.1123959657       314.5345160206269     25    
54821.313452396826    9791.214492888119     315.42638438204517    25    
54821.813452396826    9591.058473821453     313.9939812340139     25    
54822.313452396826    9366.13395307326      303.9221318244403     25    
54822.813452396826    9116.291145911004     284.1411451216378     25    
54823.313452396826    8850.942889801569     275.2708927982211     25    
54823.813452396826    8569.92885008223      279.1926882612038     25    
54824.313452396826    8282.440328015928     280.1983430055956     25    
54824.813452396826    7988.298226234705     277.6541101890865     25    
54825.313452396826    7697.65165424515      273.64881348532214    25    
54825.813452396826    7410.373305305847     267.8072080114407     25    
54826.313452396826    7137.264076739011     265.4187817513964     25    
54826.813452396826    6878.407693082002     267.60297225230124    25    
54827.313452396826    6644.328749267668     268.50476167481963    25    
54827.813452396826    6436.401643443492     268.0718065883095     25    
54828.313452396826    6254.79366210236      260.4887626503001     25    
54828.813452396826    6100.729453085166     241.53372912347382    25    
54829.313452396826    5966.715135226806     230.74268109014713    25    
54829.813452396826    5852.476109819184     235.11594965950016    25    
54830.313452396826    5751.520112307281     238.79583558511723    25    
54830.813452396826    5663.003897004223     238.91866851321217    25    
54831.313452396826    5582.925035474382     237.2249738794833     25    
54831.813452396826    5510.467160073838     232.64297716090456    25    
54832.313452396826    5443.6065704079065    230.7621691082441     25    
54832.813452396826    5382.028421930937     234.3470832645872     25    
54833.313452396826    5323.532381569919     237.37217222037603    25    
54833.813452396826    5267.590328931824     238.18818130409613    25    
54834.313452396826    5212.8632974762495    237.50941100153486    25    
54834.813452396826    5158.8601302106       234.45264685631625    25    
54835.313452396826    5104.998499023843     232.52043066699596    25    
54835.813452396826    5051.091426754748     233.92922179359496    25    
54836.313452396826    4996.451410782413     235.41982097935642    25    
54836.813452396826    4941.02591418467      236.13936836607851    25    
54837.313452396826    4883.574288015999     235.10344981964764    25    
54837.813452396826    4823.8794131536015    229.81239604457105    25    
54838.313452396826    4760.21617119208      226.37007642425885    25    
54838.813452396826    4691.895532875158     229.93532753839315    25    
54839.313452396826    4617.44244925667      234.17882592002212    25    
54839.813452396826    4535.552987826322     236.30334151709658    25    
54840.313452396826    4446.54841583027      236.2058510061609     25    
54840.813452396826    4349.643186599163     229.8943898667903     25    
54841.313452396826    4246.862200418773     226.71846322964373    25    
54841.813452396826    4139.230186973153     238.10563181348164    25    
54842.313452396826    4028.1440575176603    250.08349550779803    25    
54842.813452396826    3915.114984577593     252.93532404290931    25    
54843.313452396826    3800.6689273614165    251.65489081688534    25    
54843.813452396826    3686.0355396649275    246.0243268517319     25    
54844.313452396826    3570.9236609964582    240.14592810833528    25    
54844.813452396826    3455.4691420596196    240.82939134148018    25    
54845.313452396826    3339.678839452165     243.98400603361875    25    
54845.813452396826    3223.351574537778     247.71872300712548    25    
54846.313452396826    3107.182695178434     249.94703423389703    25    
54846.813452396826    2991.5671565720786    249.2481369153487     25    
54847.313452396826    2877.894977095694     239.2837626954557     25    
54847.813452396826    2768.3252644950844    193.4882492172636     25    
54848.313452396826    2663.725290210076     120.07187800314257    25    
54848.813452396826    2566.8935102343903    96.72651357898748     25    
54849.313452396826    2477.6797388588993    110.32904648570813    25    
54849.813452396826    2397.8551232251957    108.21225104034258    25    
54850.313452396826    2326.2002399159983    104.38206903243258    25    
54850.813452396826    2261.0912690141663    102.34447652225282    25    
54851.313452396826    2202.067001242779     101.59995210527514    25    
54851.813452396826    2146.970545047532     102.91666990807187    25    
54852.313452396826    2095.7421792588193    105.03648197422461    25    
54852.813452396826    2046.6562827880305    104.04349941736933    25    
54853.313452396826    2000.003931186519     101.357631105336      25    
54853.813452396826    1955.588084199367     99.83982959327484     25    
54854.313452396826    1913.4428601320565    98.8555723866958      25    
54854.813452396826    1873.5469791595767    97.40261450675996     25    
54855.313452396826    1835.8791593903518    95.89048992632434     25    
54855.813452396826    1800.3504149488056    96.16216118519955     25    
54856.313452396826    1766.917577183944     97.49610073445318     25    
54856.813452396826    1735.2811245071448    96.87212248811453     25    
54857.313452396826    1705.4292051164364    94.81587428284567     25    
54857.813452396826    1677.0343387603593    92.60076438434261     25    
54858.313452396826    1650.0931791358244    90.18851350167576     25    
54858.813452396826    1624.2756496697045    88.59904598650674     25    
54859.313452396826    1599.5820084821491    87.76709658157786     25    
54859.813452396826    1575.678997536229     87.53551692851347     25    
54860.313452396826    1552.5696334564634    87.91019173824121     25    
54860.813452396826    1529.9183226609866    88.79386204572657     25    
54861.313452396826    1507.729994359819     90.1664896500626      25    
54861.813452396826    1485.6675653450295    91.15278173716453     25    
54862.313452396826    1463.737031493269     91.84068308781391     25    
54862.813452396826    1441.6006658894134    97.38327474196774     25    