54801.813452396826    154.999812155167      154.99981215516732    25    
54802.313452396826    234.3885384712482     180.99098256790506    25    
54802.813452396826    334.8436399445005     225.24876358364045    25    
54803.313452396826    458.9218773669147     409.53910233378537    25    
54803.813452396826    608.7056674347939     537.9710764145116     25    
54804.313452396826    786.9813589453818     557.8282401014873     25    
54804.813452396826    995.6078478238136     547.2590261907989     25    
54805.313452396826    1237.5889364044224    549.4843395210023     25    
54805.813452396826    1514.5721343093305    551.1059315835087     25    
54806.313452396826    1829.7665629418007    551.6643245490457     25    
54806.813452396826    2184.6204800891123    551.3201333658694     25    
54807.313452396826    2582.536191755283     549.983449679769      25    
54807.813452396826    3024.7748383609246    548.107321760333      25    
54808.313452396826    3516.2413342604036    548.6527721597923     25    
54808.813452396826    4054.9934272093915    546.5653978094875     25    
54809.313452396826    4648.445912715999     526.1321579775243     25    
54809.813452396826    5277.455673590561     500.4514946701753     25    
54810.313452396826    5908.816771855794     501.0279338994516     25    
54810.813452396826    6528.264201453896     515.1319061076307     25    
54811.313452396826    7081.449066563769     525.3860827541251     25    
54811.813452396826    7563.26020704845      534.3739720130097     25    
54812.313452396826    7915.263974137043     538.6663290210615     25    
54812.813452396826    8153.524706991781     540.0085097866965     25    
54813.313452396826    8286.916158173402     542.8675001394088     25    
54813.813452396826    8325.592044689734     546.2979516859579     25    
54814.313452396826    8313.0623908325       550.9978807316595     25    
54814.813452396826    8251.056933310576     555.6592891186581     25    
54815.313452396826    8184.1645252546       558.3323164472089     25    
54815.813452396826    8105.8452413012       554.6518430051761     25    
54816.313452396826    8019.5111769416235    505.37718444788067    25    
54816.813452396826    7921.561012285042     414.06842030988867    25    
54817.313452396826    7792.713566296165     375.2827424087983     25    
54817.813452396826    7633.09079744461      386.1072024178393     25    
54818.313452396826    7423.633292157667     384.4686086671615     25    
54818.813452396826    7167.299879875148     376.1253238855502     25    
54819.313452396826    6874.975916562723     366.6362587968553     25    
54819.813452396826    6547.8293562588615    356.17152931453523    25    
54820.313452396826    6214.540359755312     351.34433501220093    25    
54820.813452396826    5874.652288288434     351.75073921961035    25    
54821.313452396826    5556.1643179412085    348.9153087122653     25    
54821.813452396826    5258.2462970768065    342.90498030111974    25    
54822.313452396826    4983.718056785271     328.55770911579003    25    
54822.813452396826    4732.69053771596      304.4763888759429     25    
54823.313452396826    4491.937243858896     292.3797523882947     25    
54823.813452396826    4261.637292450913     294.5996516881522     25    
54824.313452396826    4029.741098947783     293.66150290405403    25    
54824.813452396826    3795.629482338656     288.7711029468792     25    
54825.313452396826    3560.7121868171807    282.4901248664144     25    
54825.813452396826    3324.189707873607     274.31487562379925    25    
54826.313452396826    3096.709188536672     271.5834286657597     25    
54826.813452396826    2878.3317173802957    276.02746363324354    25    
54827.313452396826    2678.687689201863     277.91875837294987    25    
54827.813452396826    2499.192874594674     277.70090338014603    25    
54828.313452396826    2338.652532879655     260.11433915264695    25    
54828.813452396826    2198.3061145121355    211.8986720330896     25    
54829.313452396826    2068.969546905053     174.2163977321633     25    
54829.813452396826    1950.256019158837     171.11253431971446    25    
54830.313452396826    1834.1269202299575    171.5777618203148     25    
54830.813452396826    1718.7814547861788    169.93048213964138    25    
54831.313452396826    1603.593382886833     166.54293342466502    25    
54831.813452396826    1487.1257860461562    158.95839758533572    25    
54832.313452396826    1374.6240101362077    155.1596979274877     25    
54832.813452396826    1266.5787078675985    158.93156629619037    25    
54833.313452396826    1167.232101580506     163.1247982937277     25    
54833.813452396826    1078.0980475915883    166.49996441345513    25    
54834.313452396826    999.4217181246829     166.8208666729095     25    
54834.813452396826    932.3284719363868     163.6943298245543     25    
54835.313452396826    873.6942685846309     153.05970434987907    25    
54835.813452396826    822.9821835986606     125.29740176944205    25    
54836.313452396826    777.7724086895266     98.1372168664532      25    
54836.813452396826    737.0476116899486     94.54196687039982     25    
54837.313452396826    699.6722762526374     94.99143708846302     25    
54837.813452396826    664.7751715690426     88.01579672363958     25    
54838.313452396826    632.358944976506      82.93379997858692     25    
54838.813452396826    602.2637897792956     85.43720851753284     25    
54839.313452396826    574.280151509616      88.6806336700415      25    
54839.813452396826    548.1773731154535     89.55578523778483     25    
54840.313452396826    524.0936222552482     88.14743854643494     25    
54840.813452396826    501.9111254998049     81.2344577845632      25    
54841.313452396826    482.1169139732865     74.87982936990468     25    
54841.813452396826    464.980216915505      76.48556601570704     25    
54842.313452396826    450.8361632387446     80.75728269925564     25    
54842.813452396826    440.3254105054168     86.16741892001141     25    
54843.313452396826    432.7944077156183     89.00057267536083     25    
54843.813452396826    428.3580992418616     82.65478375193896     25    
54844.313452396826    425.3916426611562     72.98411777671038     25    
54844.813452396826    422.382949132685      66.69813010596394     25    
54845.313452396826    418.25172393059563    62.59154640326646     25    
54845.813452396826    410.7435800340459     62.71304924376965     25    
54846.313452396826    400.2585652835878     64.45302943107544     25    
54846.813452396826    385.60597054576385    63.93359952996094     25    
54847.313452396826    368.69051867716223    62.58522846885012     25    
54847.813452396826    351.7174610598688     60.31372540585922     25    
54848.313452396826    335.66933795271495    58.545272701597696    25    
54848.813452396826    323.64313755315214    61.188720116543955    25    
54849.313452396826    315.34447673692085    65.57947680673303     25    
54849.813452396826    312.5800472775889     67.87239083887555     25    
54850.313452396826    313.74785195652186    70.32835928505723     25    
54850.813452396826    316.4336969447723     77.03896802715782     25    
54851.313452396826    319.991614931895      84.39115492784958     25    
54851.813452396826    321.18698709831716    87.35575050969979     25    
54852.313452396826    320.1741618960276     86.91816276233291     25    
54852.813452396826    314.8199798758849     79.23398359312205     25    
54853.313452396826    306.0690124772561     66.4014005979978      25    
54853.813452396826    295.5543864968061     61.76419698815155     25    
54854.313452396826    283.54197470473866    64.97761551301213     25    
54854.813452396826    272.2272187260722     78.21671040023357     25    
54855.313452396826    261.5620314009041     95.21225238299407     25    
54855.813452396826    253.20165712723892    105.95725456422569    25    
54856.313452396826    246.8438017759981     113.03319885664429    25    
54856.813452396826    242.21023859701123    114.85182061075722    25    
54857.313452396826    239.25116237388312    112.24892493756245    25    
54857.813452396826    237.4640775010178     106.81262964008275    25    
54858.313452396826    236.84396480584195    98.17535630423978     25    
54858.813452396826    236.89573725107263    88.36121336148774     25    
54859.313452396826    237.61978199518185    76.82212004193636     25    
54859.813452396826    238.51624007334402    65.223911122853       25    
54860.313452396826    239.5896361680715     53.46306356465226     25    
54860.813452396826    240.33660819400083    43.453317182368004    25    
54861.313452396826    240.76454955067956    37.156515803203234    25    
54861.813452396826    240.3678638392119     50.65153099315316     25    
54862.313452396826    239.15554436917498    73.74862428529964     25    
54862.813452396826    236.62102923514647    112.77544256176554    25    