56994.76510239074    56.56567106060249     11.600735048029783    25    
56995.26510239074    67.08353017827406     11.621427855353057    25    
56995.76510239074    78.35754486640316     11.666438843073797    25    
56996.26510239074    90.33989990343333     11.80475753002175     25    
56996.76510239074    103.01896624486827    11.972901889267836    25    
56997.26510239074    116.33237333536277    12.050375376854287    25    
56997.76510239074    130.2802172604168     12.074278989835323    25    
56998.26510239074    144.79123253848144    12.104116091793992    25    
56998.76510239074    159.87157997746817    12.133977910941262    25    
56999.26510239074    175.44675957720838    12.1586536721303      25    
56999.76510239074    191.523336460441      12.178081978277643    25    
57000.26510239074    208.02923651596302    12.195600652274234    25    
57000.76510239074    224.96576877375495    12.209687455742214    25    
57001.26510239074    242.26974084241044    12.22688074537012     25    
57001.76510239074    259.94985254026926    12.144941393604928    25    
57002.26510239074    277.8948214253571     12.31814032514195     25    
57002.76510239074    296.1782047811879     13.161532639699939    25    
57003.26510239074    314.4178971112427     14.024263513507488    25    
57003.76510239074    332.2831795207999     14.308389551401714    25    
57004.26510239074    349.5711165499585     14.355300408596161    25    
57004.76510239074    365.59939614308803    14.449239318873147    25    
57005.26510239074    380.38375832192554    14.523822353010177    25    
57005.76510239074    393.1563918793554     14.549686566509202    25    
57006.26510239074    404.0288998736104     14.533615693384291    25    
57006.76510239074    413.26089096312       14.585816486354409    25    
57007.26510239074    420.79265972673187    14.707765367915446    25    
57007.76510239074    427.3317132741661     14.853800662672615    25    
57008.26510239074    432.869924194909      15.043570064478457    25    
57008.76510239074    437.937633945873      15.14865578540989     25    
57009.26510239074    442.76566569360284    15.229126653807414    25    
57009.76510239074    447.1930863046657     14.937791233821214    25    
57010.26510239074    451.29800111646693    13.668329888660468    25    
57010.76510239074    454.8152228774752     12.253852416439946    25    
57011.26510239074    457.5135434598376     12.027794248022117    25    
57011.76510239074    459.3283775409107     12.32002377182574     25    
57012.26510239074    459.9053091248977     12.341647111324331    25    
57012.76510239074    459.35229661900524    12.29677919888822     25    
57013.26510239074    457.7285589319597     12.247430985324401    25    
57013.76510239074    455.0510983433656     12.192667818589587    25    
57014.26510239074    451.6858945963406     12.229888797411588    25    
57014.76510239074    447.6012132039704     12.366902785084262    25    
57015.26510239074    443.1342901192473     12.424078966260826    25    
57015.76510239074    438.32325172814996    12.4061535963535      25    
57016.26510239074    433.16668277009774    12.179943955895322    25    
57016.76510239074    427.7170849548134     11.55300714275409     25    
57017.26510239074    421.82493031111073    11.010098459794085    25    
57017.76510239074    415.44353087028355    10.963495601335051    25    
57018.26510239074    408.50756818295196    11.051868655111004    25    
57018.76510239074    400.8803676876722     11.02099283185969     25    
57019.26510239074    392.66715788011163    10.963437654844265    25    
57019.76510239074    383.93110739062877    10.86950441411888     25    
57020.26510239074    374.7410853486733     10.765727236567706    25    
57020.76510239074    365.40698127465976    10.77315711464718     25    
57021.26510239074    355.90928921892595    10.861302064953831    25    
57021.76510239074    346.5885829369759     10.916108257720717    25    
57022.26510239074    337.4209081056478     10.960982504488546    25    
57022.76510239074    328.5713965651513     10.550703452415942    25    
57023.26510239074    320.05232923844596    9.4184755542308       25    
57023.76510239074    311.88539378352493    8.553216312533985     25    
57024.26510239074    304.074331771745      8.5166502490215       25    
57024.76510239074    296.64749769187614    8.624645516304092     25    
57025.26510239074    289.6202339379501     8.597386332630508     25    
57025.76510239074    282.99643973065054    8.544177348620288     25    
57026.26510239074    276.7894041783652     8.420050429556577     25    
57026.76510239074    270.9925285090049     8.287586925241008     25    
57027.26510239074    265.6036980093552     8.261377001014768     25    
57027.76510239074    260.62135078044645    8.290172709667392     25    
57028.26510239074    256.0496773150001     8.293260338798747     25    
57028.76510239074    251.87851237235168    8.282594077145411     25    
57029.26510239074    248.03000976848892    8.256179306445695     25    
57029.76510239074    244.5142015476024     8.217729815508514     25    
57030.26510239074    241.16105878262323    8.022531799486124     25    
57030.76510239074    237.98176365740096    7.596506293186607     25    
57031.26510239074    234.82050371416415    7.306474390194192     25    
57031.76510239074    231.6502527524334     7.319153432012521     25    
57032.26510239074    228.42592533122263    7.359323335932189     25    
57032.76510239074    225.1026518155397     7.290075492303099     25    
57033.26510239074    221.72027688094084    7.245983372405474     25    
57033.76510239074    218.2903859619448     7.333288536519796     25    
57034.26510239074    214.825167306848      7.450222810633262     25    
57034.76510239074    211.35065132879535    7.4916582391067434    25    
57035.26510239074    207.86634363698096    7.481836144723983     25    
57035.76510239074    204.39434780828665    7.399828364700751     25    
57036.26510239074    200.93152522141253    7.246047956898928     25    
57036.76510239074    197.4854045233771     6.977379763706038     25    
57037.26510239074    194.05523931778757    6.579186419958775     25    
57037.76510239074    190.64894359652297    6.378976324013248     25    
57038.26510239074    187.2686638046686     6.451042136038847     25    
57038.76510239074    183.90121439799367    6.461197374311357     25    
57039.26510239074    180.5529506294071     6.306377552285762     25    
57039.76510239074    177.1857212967674     6.1872693308216435    25    
57040.26510239074    173.79247131553365    6.19630522513557      25    
57040.76510239074    170.34689725353257    6.248919275432505     25    
57041.26510239074    166.82079772634253    6.329112076344029     25    
57041.76510239074    163.22350626701026    6.391235274653021     25    
57042.26510239074    159.53920670798473    6.38153164067989      25    
57042.76510239074    155.79354537440017    6.264800905899498     25    
57043.26510239074    152.0405741641073     5.778297174888914     25    
57043.76510239074    148.28034976576316    4.978960585977736     25    
57044.26510239074    144.582842532369      4.601818339627936     25    
57044.76510239074    140.94153597928602    4.669542693189688     25    
57045.26510239074    137.40279812545612    4.653284020085058     25    
57045.76510239074    133.96850911594208    4.520540357052636     25    
57046.26510239074    130.63276766204518    4.450346168249638     25    
57046.76510239074    127.39668305372794    4.4812402241828595    25    
57047.26510239074    124.25460254684606    4.549988363531219     25    
57047.76510239074    121.20452030705756    4.670159228272489     25    
57048.26510239074    118.2463429899906     4.744063383271534     25    
57048.76510239074    115.37718558484521    4.675763607043886     25    
57049.26510239074    112.60218518409903    4.542820215547172     25    
57049.76510239074    109.92580042198597    4.436447673315044     25    
57050.26510239074    107.34964711941133    4.280820330226696     25    
57050.76510239074    104.88161639219958    3.8569966454302294    25    
57051.26510239074    102.52062396121022    3.2071669442038266    25    
57051.76510239074    100.27128366636842    2.894317345900868     25    
57052.26510239074    98.13283302404595     2.945845770090198     25    
57052.76510239074    96.0963336040927      2.9526831737029497    25    
57053.26510239074    94.16269523327725     2.9076647094647314    25    
57053.76510239074    92.32205808124797     2.8654514102118585    25    
57054.26510239074    90.5745976939014      2.8263154557476455    25    
57054.76510239074    88.91173306205168     2.803094878705029     25    
57055.26510239074    87.33217578740235     2.80425441915017      25    
57055.76510239074    85.82918834604784     2.8192738763082033    25    
57056.26510239074    84.3992593133238      2.795301185284922     25    
57056.76510239074    83.03811430952345     2.8572731056003655    25    
57057.26510239074    81.73967807120967     3.206647576596821     25    
57057.76510239074    80.50210450705991     3.6040596480561606    25    
57058.26510239074    79.31726186060355     3.7324567166809497    25    
57058.76510239074    78.18498486533258     3.7533749613609007    25    
57059.26510239074    77.09584048104914     3.938895183514598     25    