56224.18339377034    -7.330069654445517     7.3300696544523385    25    
56224.68339377034    -6.794736530899274     6.794736530906633     25    
56225.18339377034    -5.668258627994773     5.668258628003595     25    
56225.68339377034    -3.82660240667629      3.8266024066893563    25    
56226.18339377034    -1.2262827468367574    1.226282746877531     25    
56226.68339377034    2.2908526531935243     2.2908526532153504    25    
56227.18339377034    6.739094508398267      6.739094508405687     25    
56227.68339377034    12.300865168079925     12.30086516808399     25    
56228.18339377034    18.971109657080053     18.97110965708269     25    
56228.68339377034    26.94667165735268      23.66610303601822     25    
56229.18339377034    36.2129992185783       23.295882715251       25    
56229.68339377034    46.971508640381494     22.94894254977161     25    
56230.18339377034    59.207999712262804     22.584514015449063    25    
56230.68339377034    73.12647198970205      22.250300356003503    25    
56231.18339377034    88.75596591246948      22.06345001338797     25    
56231.68339377034    106.11599163074645     21.274610174259838    25    
56232.18339377034    125.50354463068477     19.151336582459606    25    
56232.68339377034    145.7770680043477      17.36260573807346     25    
56233.18339377034    166.80155988205453     17.322549162758104    25    
56233.68339377034    187.44898315443862     17.754417181610062    25    
56234.18339377034    206.95152273604364     17.946208286279234    25    
56234.68339377034    224.77488617839458     18.09508058919376     25    
56235.18339377034    239.6368135303828      18.032815227175373    25    
56235.68339377034    251.97623272857788     17.920321500593417    25    
56236.18339377034    261.73854680288207     18.043312194706008    25    
56236.68339377034    269.1520246572782      18.312845431208636    25    
56237.18339377034    275.00213055431004     18.70950269276462     25    
56237.68339377034    279.25266353323065     19.177992971159593    25    
56238.18339377034    282.71643491074417     19.371167245429532    25    
56238.68339377034    285.33150406739026     19.320872217190388    25    
56239.18339377034    287.081800839651       17.65215558527967     25    
56239.68339377034    288.00733645677394     13.317378968514559    25    
56240.18339377034    287.6950589693549      10.019382950740479    25    
56240.68339377034    286.14067783245366     10.596807046677739    25    
56241.18339377034    283.0500843317062      11.316602782746465    25    
56241.68339377034    278.253455109088       11.178101861156872    25    
56242.18339377034    272.04388485926916     10.942595434265582    25    
56242.68339377034    264.38851090430643     10.616931647315372    25    
56243.18339377034    255.70756045960334     10.456236850301371    25    
56243.68339377034    246.26404921545083     10.897621021754311    25    
56244.18339377034    236.2636448735395      11.39396220157026     25    
56244.68339377034    226.1420223791655      11.174700898145371    25    
56245.18339377034    215.8460531689507      10.903967468941802    25    
56245.68339377034    205.58366693917785     11.904639538903906    25    
56246.18339377034    195.29834067484322     13.380368809928386    25    
56246.68339377034    184.95952227875563     14.020428683117359    25    
56247.18339377034    174.5689461749681      14.159656009981296    25    
56247.68339377034    164.09161522801418     14.20738345868012     25    
56248.18339377034    153.5289904020698      14.142348909591805    25    
56248.68339377034    143.01748370517402     13.937571101291754    25    
56249.18339377034    132.53556702517608     13.54639203566993     25    
56249.68339377034    122.33487403952626     13.384095260382974    25    
56250.18339377034    112.41440160096691     13.60002181239131     25    
56250.68339377034    102.98854594746962     13.7761242306874      25    
56251.18339377034    94.11752843299158      13.977018034158704    25    
56251.68339377034    85.8441529286941       13.553466898405402    25    
56252.18339377034    78.22546798585182      11.432706334835727    25    
56252.68339377034    71.21595851202319      8.935433395849714     25    
56253.18339377034    64.80354567213263      8.457995763266345     25    
56253.68339377034    58.97374899432382      8.840202651576016     25    
56254.18339377034    53.71210671689971      8.898163092364024     25    
56254.68339377034    48.993787137646024     8.934148454005456     25    
56255.18339377034    44.76274040900804      8.75122229191918      25    
56255.68339377034    41.004597625639725     8.458492317857862     25    
56256.18339377034    37.61110352987084      8.434209584368551     25    
56256.68339377034    34.58687933726636      8.606627595055125     25    
56257.18339377034    31.812875954862992     8.72540857677622      25    
56257.68339377034    29.29738053433735      8.806697495554351     25    
56258.18339377034    26.97875279105778      8.754951676283211     25    
56258.68339377034    24.854323148194567     8.593937085481704     25    
56259.18339377034    22.924528682450543     7.928022626191447     25    
56259.68339377034    21.188905289711332     6.227911843368955     25    
56260.18339377034    19.64443406361981      4.676132248381667     25    
56260.68339377034    18.293090874060898     4.662109994645207     25    
56261.18339377034    17.122945920784762     4.910791342144327     25    
56261.68339377034    16.13341892046424      4.712517542692229     25    
56262.18339377034    15.307934789014785     4.548983853514899     25    
56262.68339377034    14.635011148349932     4.68286232689127      25    
56263.18339377034    14.105303800250008     4.88612256264584      25    
56263.68339377034    13.704778907894177     4.9798743621973784    25    
56264.18339377034    13.42221887364256      4.991372605577706     25    
56264.68339377034    13.226752282187643     4.816070117257508     25    
56265.18339377034    13.111216225402641     4.490565006919147     25    
56265.68339377034    13.016845672196887     4.09407930153325      25    
56266.18339377034    12.946283611625416     3.6146178952555332    25    
56266.68339377034    12.833027448248762     3.4453262695962517    25    
56267.18339377034    12.681251973861464     3.6155859854637344    25    
56267.68339377034    12.466124219567664     3.5356712912523856    25    
56268.18339377034    12.181858397865206     3.105042922999482     25    
56268.68339377034    11.86743055819641      2.777689159158072     25    
56269.18339377034    11.522017578044268     2.710364909473388     25    
56269.68339377034    11.179543051708066     2.758371925580104     25    
56270.18339377034    10.847278477703151     2.9399532948331433    25    
56270.68339377034    10.542769787921063     3.05609914529252      25    
56271.18339377034    10.278527592325013     2.9469579248000706    25    
56271.68339377034    10.05480607029998      2.802160506392231     25    
56272.18339377034    9.876181880688462      2.7737464012901745    25    
56272.68339377034    9.744350025415436      2.798639166448575     25    
56273.18339377034    9.66674272391762       2.8884600512515153    25    
56273.68339377034    9.638459587469148      2.977376199218332     25    
56274.18339377034    9.657635441522157      2.8619124695787366    25    
56274.68339377034    9.717268716093686      2.627973321863232     25    
56275.18339377034    9.784964028283408      2.5908651101600357    25    
56275.68339377034    9.862049289258247      2.7071960641818253    25    
56276.18339377034    9.909925874518573      2.8594720788469203    25    
56276.68339377034    9.930965260728382      3.052090896708539     25    
56277.18339377034    9.905946764226266      3.0602085099631458    25    
56277.68339377034    9.830730071236525      2.838892528806968     25    
56278.18339377034    9.730006180749779      2.6411943507696787    25    
56278.68339377034    9.602930807523803      2.5066906527893407    25    
56279.18339377034    9.472732608183232      2.5297986940955273    25    
56279.68339377034    9.34483929053399       2.8120771946176353    25    
56280.18339377034    9.230280297627427      3.0772638957027962    25    
56280.68339377034    9.139557486903529      3.223230061055534     25    
56281.18339377034    9.066714758341599      3.28635621893786      25    
56281.68339377034    9.011310251705062      3.2286753748730774    25    
56282.18339377034    8.970886894982362      3.0921704470898566    25    
56282.68339377034    8.941810259315618      2.916050849903512     25    
56283.18339377034    8.923307500935861      2.7021401339958153    25    
56283.68339377034    8.91097116993794       2.5175502977369706    25    
56284.18339377034    8.904676807064618      2.3546028796561798    25    
56284.68339377034    8.89949642836613       2.238449998274751     25    
56285.18339377034    8.895698258162767      2.168886476413481     25    
56285.68339377034    8.888089479394305      2.065535651314267     25    
56286.18339377034    8.87707529902442       1.9203582489221322    25    
56286.68339377034    8.857453767816613      1.8955448862958062    25    
56287.18339377034    8.82951137444371       1.950653469341554     25    
56287.68339377034    8.788292738427169      2.431681576355675     25    