#Date  :
#Flux  :
#Fluxerr  :
#ZP  :
#end  :
@INSTRUMENT  PS
@BAND  PS_g
@MAGSYS  AB
55011.6015625  -22.131999969482422  17.27199935913086  27.5002
55014.6015625  -19.680999755859375  21.325000762939453  27.5002
55029.6015625  -15.20300006866455  7.446000099182129  27.5002
55038.6015625  -147.66600036621094  51.11000061035156  27.5002
55074.3984375  -58.9739990234375  27.447999954223633  27.5002
55086.3984375  -19.020000457763672  9.89799976348877  27.5002
55089.3984375  -2.9790000915527344  8.0649995803833  27.5002
55092.3984375  1.1339999437332153  11.651000022888184  27.5002
55098.30078125  0.3409999907016754  7.4720001220703125  27.5002
55389.5  -0.5950000286102295  5.308000087738037  27.5002
55398.5  -15.4399995803833  30.861000061035156  27.5002
55410.5  0.12300000339746475  13.956999778747559  27.5002
55413.5  4.710999965667725  8.37399959564209  27.5002
55416.5  2.802999973297119  7.139999866485596  27.5002
55422.5  1.9570000171661377  8.595999717712402  27.5002
55425.3984375  1.7109999656677246  8.524999618530273  27.5002
55428.5  1.0549999475479126  7.044000148773193  27.5002
55437.5  38.391998291015625  28.868999481201172  27.5002
55440.5  -0.1770000010728836  6.686999797821045  27.5002
55443.5  -1.5490000247955322  6.997000217437744  27.5002
55446.5  2.937000036239624  9.640000343322754  27.5002
55449.3984375  -2.7750000953674316  7.2820000648498535  27.5002
55452.3984375  -4.521999835968018  6.385000228881836  27.5002
55455.3984375  -0.8550000190734863  10.935999870300293  27.5002
55458.30078125  -15.043999671936035  38.70500183105469  27.5002
55467.30078125  -2.4030001163482666  13.0600004196167  27.5002
55473.30078125  -8.208000183105469  9.914999961853027  27.5002
55479.19921875  4.946000099182129  7.468999862670898  27.5002
55482.19921875  1.875  10.288000106811523  27.5002
55500.19921875  11.973999977111816  10.208000183105469  27.5002
55503.30078125  12.595000267028809  8.277999877929688  27.5002
55512.30078125  -6.803999900817871  21.65399932861328  27.5002
55530.19921875  -9.180999755859375  15.965999603271484  27.5002
55536.30078125  15.5649995803833  10.270999908447266  27.5002
55743.6015625  -3.7869999408721924  10.29699993133545  27.5002
55764.6015625  -12.913999557495117  15.666999816894531  27.5002
55767.6015625  -2.5190000534057617  9.164999961853027  27.5002
55770.5  11.111000061035156  8.569999694824219  27.5002
55773.6015625  -0.5950000286102295  5.63700008392334  27.5002
55776.6015625  -12.654999732971191  8.196999549865723  27.5002
55779.6015625  -10.064000129699707  5.381999969482422  27.5002
55782.3984375  -18.972000122070312  17.656999588012695  27.5002
55791.6015625  -23.56399917602539  35.854000091552734  27.5002
55794.5  0.6970000267028809  7.093999862670898  27.5002
55797.5  6.243000030517578  6.23199987411499  27.5002
55800.30078125  18.19499969482422  22.54400062561035  27.5002
55803.5  2.0910000801086426  8.404000282287598  27.5002
55806.3984375  -9.147000312805176  9.876999855041504  27.5002
55809.30078125  -1.9789999723434448  10.086999893188477  27.5002
55812.3984375  3.0369999408721924  13.256999969482422  27.5002
55821.30078125  -0.8309999704360962  6.289999961853027  27.5002
55824.30078125  23.297000885009766  11.498000144958496  27.5002
55828.30078125  -4.359000205993652  4.216000080108643  27.5002
55830.30078125  -1.8140000104904175  8.928000450134277  27.5002
55833.30078125  8.902999877929688  7.164000034332275  27.5002
55836.19921875  -0.921999990940094  8.442000389099121  27.5002
55839.3984375  -37.994998931884766  25.434999465942383  27.5002
55852.30078125  6.684999942779541  4.480999946594238  27.5002
55855.19921875  -3.578000068664551  5.205999851226807  27.5002
55858.19921875  5.381999969482422  6.85099983215332  27.5002
55860.19921875  17.235000610351562  6.739999771118164  27.5002
55863.30078125  5.586999893188477  7.651000022888184  27.5002
56147.5  8.069999694824219  8.95199966430664  27.5002
56150.5  1.3919999599456787  5.800000190734863  27.5002
56155.5  -0.10999999940395355  5.699999809265137  27.5002
56161.30078125  5.197000026702881  17.246999740600586  27.5002
56164.3984375  4.701000213623047  20.381000518798828  27.5002
56176.3984375  2.4159998893737793  11.76099967956543  27.5002
56206.19921875  -7.421000003814697  7.711999893188477  27.5002
56209.19921875  -0.4009999930858612  6.960999965667725  27.5002
56214.19921875  15.831999778747559  23.777000427246094  27.5002
56217.30078125  10.980999946594238  8.138999938964844  27.5002
56220.30078125  -8.574999809265137  9.706000328063965  27.5002
56475.5  -0.5709999799728394  7.172999858856201  27.5002
56480.5  -22.027000427246094  8.878000259399414  27.5002
56486.6015625  0.6650000214576721  6.578999996185303  27.5002
56489.5  -7.474999904632568  6.730999946594238  27.5002
56501.3984375  -0.03400000184774399  10.038000106811523  27.5002
56507.6015625  11.557999610900879  8.777000427246094  27.5002
56512.5  -2.5820000171661377  7.642000198364258  27.5002
56518.5  -4.71999979019165  7.190000057220459  27.5002
56531.5  0.34599998593330383  16.788000106811523  27.5002
56534.5  5.770999908447266  6.550000190734863  27.5002
56539.3984375  9.267999649047852  8.234999656677246  27.5002
56545.30078125  -0.40299999713897705  9.256999969482422  27.5002
56548.30078125  -19.562000274658203  13.861000061035156  27.5002
56563.30078125  5.176000118255615  12.906999588012695  27.5002
56571.19921875  7.1620001792907715  8.845999717712402  27.5002
56574.19921875  39.138999938964844  18.59600067138672  27.5002
56590.30078125  434.4809875488281  9.720000267028809  27.5002
56593.30078125  426.1570129394531  11.963000297546387  27.5002
56596.19921875  326.2820129394531  14.319000244140625  27.5002
56601.19921875  245.01400756835938  35.358001708984375  27.5002
56628.30078125  115.25599670410156  69.28099822998047  27.5002
