57265.88698427058    0.15325052730457717    0.15325052763084032     25    
57266.38698427058    0.22055192649159067    0.19809885965425503     25    
57266.88698427058    0.30128986446476164    0.18824445632588746     25    
57267.38698427058    0.3990159423545415     0.3196006075037573      25    
57267.88698427058    0.5126551723670985     0.5126551724646299      25    
57268.38698427058    0.6443705662509256     0.6443705663285207      25    
57268.88698427058    0.796772042811852      0.7265040554905339      25    
57269.38698427058    0.9685781379717875     0.7258003522299412      25    
57269.88698427058    1.1631000220881078     0.7160932605927792      25    
57270.38698427058    1.3813781434255936     0.719074015216729       25    
57270.88698427058    1.6231801380547446     0.7215854082911287      25    
57271.38698427058    1.8921961744126026     0.7230634643848926      25    
57271.88698427058    2.1876935589448476     0.7235106669485613      25    
57272.38698427058    2.5113204873650545     0.7230194148996989      25    
57272.88698427058    2.8660658765586833     0.7215374131706203      25    
57273.38698427058    3.2505776041187096     0.7190038505769476      25    
57273.88698427058    3.6678585006518007     0.7160269509555534      25    
57274.38698427058    4.120533853831167      0.7150651882771666      25    
57274.88698427058    4.607274222695748      0.7147741496035572      25    
57275.38698427058    5.127155608424463      0.705521610359163       25    
57275.88698427058    5.690595042510849      0.6768194194214673      25    
57276.38698427058    6.280028381687034      0.6426510466248406      25    
57276.88698427058    6.866926405578299      0.6284089236211371      25    
57277.38698427058    7.466072232263407      0.6366750240235471      25    
57277.88698427058    8.042887077596633      0.6511092277008025      25    
57278.38698427058    8.569497775929934      0.6607055385049406      25    
57278.88698427058    9.059285762517517      0.6698798228452986      25    
57279.38698427058    9.47395316230151       0.6768294407309823      25    
57279.88698427058    9.795032824016456      0.6793362397880773      25    
57280.38698427058    10.037943167202233     0.6796739629144776      25    
57280.88698427058    10.210359511531918     0.6819163589222459      25    
57281.38698427058    10.302801215326912     0.6861367547510352      25    
57281.88698427058    10.33803175078886      0.6911906020851087      25    
57282.38698427058    10.33883649784734      0.6973848963352105      25    
57282.88698427058    10.294429863347567     0.7053012053596637      25    
57283.38698427058    10.230933912597413     0.7096687054220259      25    
57283.88698427058    10.162963417337219     0.7125082921657601      25    
57284.38698427058    10.082021886268235     0.7105889768790071      25    
57284.88698427058    9.991823980123014      0.6832681454533084      25    
57285.38698427058    9.896048403665826      0.6060752921808443      25    
57285.88698427058    9.78730336559731       0.5090097144468244      25    
57286.38698427058    9.657368245388044      0.458463764258369       25    
57286.88698427058    9.509662705103038      0.46304857020482426     25    
57287.38698427058    9.337283499063846      0.47753076129544303     25    
57287.88698427058    9.133015888586742      0.47343995042303916     25    
57288.38698427058    8.900688175178448      0.46516930578157806     25    
57288.88698427058    8.648083972658513      0.45643605894106365     25    
57289.38698427058    8.371499401467187      0.4464397314828124      25    
57289.88698427058    8.07844640723803       0.4370821506617818      25    
57290.38698427058    7.784327973171916      0.4338628548951377      25    
57290.88698427058    7.483373670790073      0.4385239288662554      25    
57291.38698427058    7.187037470949766      0.4430207874345911      25    
57291.88698427058    6.907103018773757      0.4401579805442989      25    
57292.38698427058    6.63871014825388       0.43252683978475925     25    
57292.88698427058    6.383258099388641      0.4250844922121032      25    
57293.38698427058    6.1437814069477685     0.4192655990526158      25    
57293.88698427058    5.916580864892927      0.4143112317804435      25    
57294.38698427058    5.69441238191394       0.41201957926460203     25    
57294.88698427058    5.479420988854524      0.41373924791824507     25    
57295.38698427058    5.267356673769595      0.4158057894829992      25    
57295.88698427058    5.05218709585457       0.4144400597906291      25    
57296.38698427058    4.835756039715351      0.410678009545675       25    
57296.88698427058    4.618635541730094      0.4056033587139916      25    
57297.38698427058    4.399432369209869      0.3981899643024091      25    
57297.88698427058    4.1796446329471495     0.38957768388784325     25    
57298.38698427058    3.964945953497512      0.3858348872936331      25    
57298.88698427058    3.7541993243116747     0.39027597960895033     25    
57299.38698427058    3.5499241242019055     0.3964218236123518      25    
57299.88698427058    3.3569976196699036     0.39846304731703197     25    
57300.38698427058    3.1741433080671078     0.39977788475538856     25    
57300.88698427058    3.001981554948993      0.3911652441263502      25    
57301.38698427058    2.8418304069240965     0.35763741961705336     25    
57301.88698427058    2.692948589413188      0.30071870508293796     25    
57302.38698427058    2.5528850810940953     0.2525857648040494      25    
57302.88698427058    2.421856866487862      0.23873967358675857     25    
57303.38698427058    2.29910151132795       0.24195503849152042     25    
57303.88698427058    2.18237503200745       0.24161857883667592     25    
57304.38698427058    2.072336095864473      0.24089044257638337     25    
57304.88698427058    1.9679260346760794     0.23974201327130018     25    
57305.38698427058    1.8680818425800996     0.23457250462245788     25    
57305.88698427058    1.7732774382600265     0.22630688637675236     25    
57306.38698427058    1.6827451124562682     0.22112583330331445     25    
57306.88698427058    1.5963972096048296     0.2231126009473683      25    
57307.38698427058    1.5141567714298463     0.22842503910978346     25    
57307.88698427058    1.435266191254158      0.232491746008317       25    
57308.38698427058    1.3596906236014752     0.23617675080930978     25    
57308.88698427058    1.2876558935078606     0.23820578436609594     25    
57309.38698427058    1.2191244064507376     0.23685903651743104     25    
57309.88698427058    1.1539734734018006     0.2330384790602833      25    
57310.38698427058    1.0932279965638154     0.22337623878175356     25    
57310.88698427058    1.0371679577657642     0.2004316004628917      25    
57311.38698427058    0.9857450423847458     0.16611694362501106     25    
57311.88698427058    0.9400523819871837     0.1398118729749464      25    
57312.38698427058    0.900355455857091      0.13527810523908504     25    
57312.88698427058    0.8661278169554225     0.13923489419966018     25    
57313.38698427058    0.8371869969251149     0.13645986050110348     25    
57313.88698427058    0.8140105365250447     0.12892538483692426     25    
57314.38698427058    0.79456848050044       0.12296804135868689     25    
57314.88698427058    0.777922038565535      0.12388489894011376     25    
57315.38698427058    0.7644675613390731     0.12895773477245726     25    
57315.88698427058    0.7518550591051646     0.1324557620268763      25    
57316.38698427058    0.7398779777755495     0.13367676073303572     25    
57316.88698427058    0.7285138744157846     0.13326957969140887     25    
57317.38698427058    0.7166916299986271     0.12960610718031335     25    
57317.88698427058    0.7043876777332937     0.12101917252317146     25    
57318.38698427058    0.6922380015037582     0.11242152493777838     25    
57318.88698427058    0.6805558134575824     0.10944769333609994     25    
57319.38698427058    0.6691802622145264     0.1104250651270681      25    
57319.88698427058    0.6587840437337358     0.11326037989050257     25    
57320.38698427058    0.6496313208412959     0.11939416415820471     25    
57320.88698427058    0.6415173341845967     0.12592295507546514     25    
57321.38698427058    0.6344745716172592     0.12582643999998536     25    
57321.88698427058    0.6288132241950702     0.11697584392313964     25    
57322.38698427058    0.6237201595248821     0.10505581349950635     25    
57322.88698427058    0.6184775728119154     0.0965285740036819      25    
57323.38698427058    0.6134511018031159     0.08979166180114684     25    
57323.88698427058    0.6076104987949038     0.08532830985929483     25    
57324.38698427058    0.6004118627568217     0.08495981604828903     25    
57324.88698427058    0.592176117218296      0.0874022720812765      25    
57325.38698427058    0.5827250145962082     0.08842454585662368     25    
57325.88698427058    0.5715616255518824     0.08705135282890518     25    
57326.38698427058    0.5597255577499117     0.08531119189269361     25    
57326.88698427058    0.5483892541242412     0.0848681860821152      25    
57327.38698427058    0.5369814034126885     0.08531079100349484     25    
57327.88698427058    0.5268743434257018     0.08680767942236726     25    
57328.38698427058    0.5190030399037443     0.08983973036260152     25    
57328.88698427058    0.5129065065755015     0.0939511083450703      25    
57329.38698427058    0.5090772194394235     0.09770521190356396     25    
57329.88698427058    0.5081750389494842     0.0996965652332076      25    
57330.38698427058    0.5091407699112732     0.10229734570382118     25    
57330.88698427058    0.5105199393317587     0.10906754279408973     25    
57331.38698427058    0.5129593922605955     0.12035833828654531     25    
57331.88698427058    0.5150424758650393     0.13020343830081468     25    
57332.38698427058    0.5155357293412962     0.13562153815029265     25    
57332.88698427058    0.5149925561018737     0.1386144672102023      25    
57333.38698427058    0.5125153100746086     0.13694324844897804     25    
57333.88698427058    0.5074260091943398     0.12645558628854467     25    
57334.38698427058    0.5004557956622308     0.11041537203367399     25    
57334.88698427058    0.4926005647085773     0.09898256465118746     25    
57335.38698427058    0.48346191834918184    0.09276796743197686     25    
57335.88698427058    0.4738866408943471     0.09315324024037176     25    
57336.38698427058    0.464834040856823      0.10398200050688713     25    
57336.88698427058    0.45589036192845067    0.12257966317783943     25    
57337.38698427058    0.4478425332137209     0.138587214136004       25    
57337.88698427058    0.4411798824983033     0.14978435179917785     25    
57338.38698427058    0.43557911960387513    0.1587243895132148      25    
57338.88698427058    0.43091038158789724    0.16355482243711333     25    
57339.38698427058    0.42725070129315373    0.16398497671919599     25    
57339.88698427058    0.4244357937643884     0.16138846492651268     25    
57340.38698427058    0.42224360994706595    0.15663221636445113     25    
57340.88698427058    0.4207767985742835     0.14888934080059485     25    
57341.38698427058    0.4198016626962324     0.1395128477711731      25    
57341.88698427058    0.41920306446053796    0.12926647171433295     25    
57342.38698427058    0.41902887691147994    0.11736631209712833     25    
57342.88698427058    0.4189972595949299     0.1052029420017265      25    
57343.38698427058    0.4191357874669387     0.09254850231633747     25    
57343.88698427058    0.41935397864336693    0.07981476511871413     25    
57344.38698427058    0.41940506253438686    0.06859214283634424     25    
57344.88698427058    0.4193888213048917     0.055985026070297705    25    
57345.38698427058    0.41909914610856835    0.05502953076983532     25    
57345.88698427058    0.4183804637422595     0.07017011200861199     25    
57346.38698427058    0.4173092083130222     0.09191277742200017     25    
57346.88698427058    0.41561157412724736    0.13158133055679164     25    