53467.40301757392    -7.167971124022525     7.167971124029501     25    
53467.90301757392    -5.117567659426081     5.117567659435851     25    
53468.40301757392    -1.9537819073924112    1.9537819074180027    25    
53468.90301757392    2.5002166928476868     2.500216692867685     25    
53469.40301757392    8.362450904294857      8.362450904300836     25    
53469.90301757392    15.837317156923014     15.83731715692617     25    
53470.40301757392    25.01674276827272      25.01674276827472     25    
53470.90301757392    36.12974919003325      36.12974919003464     25    
53471.40301757392    49.245109141774535     44.09670629823514     25    
53471.90301757392    64.61352824941191      43.99518565638321     25    
53472.40301757392    82.2835654820338       43.84888382360732     25    
53472.90301757392    102.52466979229223     43.64286234750959     25    
53473.40301757392    125.36812724628382     43.38839659905541     25    
53473.90301757392    151.14513018737128     43.002971876112795    25    
53474.40301757392    179.80195076904462     42.67279919334805     25    
53474.90301757392    211.64564861159414     43.45924696589805     25    
53475.40301757392    246.3258518405431      44.95503627717577     25    
53475.90301757392    282.0497701180433      45.65183313035634     25    
53476.40301757392    318.739382700785       45.79329797547894     25    
53476.90301757392    353.6768686758444      45.976795295137556    25    
53477.40301757392    386.95137914824943     46.15769643053264     25    
53477.90301757392    415.989489831976       46.14919557711202     25    
53478.40301757392    440.8779438611826      45.95453955296175     25    
53478.90301757392    461.9359697491187      46.0039386630071      25    
53479.40301757392    479.09791970497525     46.306517142169916    25    
53479.90301757392    493.88396236788844     46.7414608847323      25    
53480.40301757392    506.27501851048015     47.34778233668271     25    
53480.90301757392    517.5638174521386      47.75184211993684     25    
53481.40301757392    527.9188978970582      48.414714449896515    25    
53481.90301757392    537.2146889759559      44.5803522391578      25    
53482.40301757392    545.567227516286       31.480340463577495    25    
53482.90301757392    552.2762904485024      18.753937479241205    25    
53483.40301757392    557.2874132049101      19.645119245754028    25    
53483.90301757392    560.0809885820482      21.830468568486       25    
53484.40301757392    560.4215085197945      21.66978374359944     25    
53484.90301757392    558.5721551110126      21.377730590597533    25    
53485.40301757392    554.4496619332336      20.91680014224608     25    
53485.90301757392    548.6070598424228      20.774260334833077    25    
53486.40301757392    541.1921454168129      21.45336623467282     25    
53486.90301757392    532.6029808240633      22.004740546185577    25    
53487.40301757392    523.1254298326409      21.88166110091474     25    
53487.90301757392    512.7675822202642      21.506107682439122    25    
53488.40301757392    501.6661220079294      20.846868920947145    25    
53488.90301757392    489.69534366395004     20.41832556978025     25    
53489.40301757392    476.7941447400782      21.07306130439931     25    
53489.90301757392    462.93557084588525     21.85051853596426     25    
53490.40301757392    447.95152809676665     21.883907150624793    25    
53490.90301757392    432.1297284174836      21.58065685857366     25    
53491.40301757392    415.6728441100534      20.95758406992434     25    
53491.90301757392    398.9043127137991      20.34078907957388     25    
53492.40301757392    382.43815776040793     20.654503162475557    25    
53492.90301757392    366.4252884381828      21.28738966530251     25    
53493.40301757392    351.6268765473681      21.10646121950721     25    
53493.90301757392    337.9085581209938      20.839637457156105    25    
53494.40301757392    325.4827213526436      22.240870650858813    25    
53494.90301757392    314.19647249156566     24.319162833769553    25    
53495.40301757392    303.67944066901674     25.23900434512349     25    
53495.90301757392    293.9122356910178      25.510557268647503    25    
53496.40301757392    284.4923342711558      25.705043444684975    25    
53496.90301757392    275.4401598226051      25.74895462447142     25    
53497.40301757392    266.4945939837954      25.496630085343416    25    
53497.90301757392    257.67363402565013     25.003991799194953    25    
53498.40301757392    248.86540166638747     25.078448268624754    25    
53498.90301757392    240.07396969227025     25.655625148537464    25    
53499.40301757392    231.17486524375067     26.019042809468523    25    
53499.90301757392    222.1697828295346      26.18751022198029     25    
53500.40301757392    213.1377059156166      26.14082037465415     25    
53500.90301757392    204.06407080898282     25.896656733328516    25    
53501.40301757392    195.24192680634778     24.830232094673825    25    
53501.90301757392    186.66613843777878     22.56961614940062     25    
53502.40301757392    178.61995657289646     21.24065520048096     25    
53502.90301757392    171.14826609989757     21.554224325236294    25    
53503.40301757392    164.2022973826148      21.606684466957564    25    
53503.90301757392    157.8457752139986      20.928640726913585    25    
53504.40301757392    151.6813418783576      20.62433160515997     25    
53504.90301757392    145.68364961025958     21.066366877699696    25    
53505.40301757392    139.50677342193626     21.510094413114974    25    
53505.90301757392    133.02647177079794     21.845424823042954    25    
53506.40301757392    126.24533614868857     21.82063608160491     25    
53506.90301757392    119.04336537587155     21.454352370120983    25    
53507.40301757392    111.78234864646845     20.04290459388596     25    
53507.90301757392    104.54715296777324     15.886511170903418    25    
53508.40301757392    97.60950709068157      11.25825717515713     25    
53508.90301757392    91.15349294697616      10.825695327897607    25    
53509.40301757392    85.23706723425043      11.489757029118845    25    
53509.90301757392    80.01626444041399      10.671364364039553    25    
53510.40301757392    75.34421168533217      9.850448139883573     25    
53510.90301757392    71.1579231511592       9.937003512244553     25    
53511.40301757392    67.38459990055068      10.375619775292673    25    
53511.90301757392    63.91039725871718      10.923695990765422    25    
53512.40301757392    60.72758513741877      11.324578338285415    25    
53512.90301757392    57.750887186106006     10.945982241338132    25    
53513.40301757392    55.0240559105062       10.215871962773251    25    
53513.90301757392    52.57733402191185      9.692197116348176     25    
53514.40301757392    50.42348336920296      9.302102848220004     25    
53514.90301757392    48.6151649729832       9.330949516933744     25    
53515.40301757392    47.1427113177492       9.523194359490887     25    
53515.90301757392    46.02717342259653      9.143780366788711     25    
53516.40301757392    45.244617395190986     8.455335393660235     25    
53516.90301757392    44.72307987534517      8.166296585127293     25    
53517.40301757392    44.45789102209782      8.175010598728777     25    
53517.90301757392    44.364645909295405     8.440091164414625     25    
53518.40301757392    44.44467758251041      8.869800184401038     25    
53518.90301757392    44.62122039679402      8.837902698576235     25    
53519.40301757392    44.897688445499        8.430796379149813     25    
53519.90301757392    45.22156226115036      8.039007726021115     25    
53520.40301757392    45.59463053435807      7.646051739409785     25    
53520.90301757392    45.96479883296705      7.483044901961362     25    
53521.40301757392    46.33355784823481      7.568165061412843     25    
53521.90301757392    46.660704289135396     7.687907144946097     25    
53522.40301757392    46.945241518308514     7.846746008361933     25    
53522.90301757392    47.17997797082046      7.844916653757695     25    
53523.40301757392    47.364554670728516     7.649849051180281     25    
53523.90301757392    47.493699543463535     7.384665010990063     25    
53524.40301757392    47.56735146479497      7.0403422042454435    25    
53524.90301757392    47.579871761154216     6.731522177112706     25    
53525.40301757392    47.53099902028496      6.4897877186162845    25    
53525.90301757392    47.415322423414324     6.343013093941905     25    
53526.40301757392    47.23232513672016      6.3949458789247435    25    
53526.90301757392    46.976879329765545     6.205015330862055     25    
53527.40301757392    46.64815761362248      5.378960376172048     25    
53527.90301757392    46.241370279729665     4.715342949839662     25    
53528.40301757392    45.75532425051358      4.722498375596124     25    
53528.90301757392    45.18562307282851      5.294902522414568     25    