@INSTRUMENT MEGACAMPSF
@BAND r
@MAGSYS AB
@WEIGHTMAT weightmat_SNLS_r.dat
@X_FOCAL_PLANE 11.29707
@Y_FOCAL_PLANE -4.42881
#Date : MJD
#Flux : 
#Fluxerr : errors (but look at the weight matrix)
#ZP : 
#end
52944.43  0.19421579  0.576251378215  26.50269
52961.48  0.30648876  0.787538810965  26.50269
52964.4  0.99440436  0.817543009223  26.50269
52968.37  0.72374437  0.749351347706  26.50269
52990.34  7.3646736  0.73896762969  26.50269
52992.29  7.2781084  0.560040021434  26.50269
52995.39  5.6962098  0.552843262258  26.50269
52999.28  5.030349  0.489997240096  26.50269
53018.32  1.3380308  0.674908669494  26.50269
53022.32  0.47382476  1.43406725693  26.50269
53023.23  0.92665174  0.454603141411  26.50269
53026.34  1.5148032  0.525037522955  26.50269
53207.6  -0.0033408052  0.547711320255  26.50269
53227.61  -0.79580718  0.561576066866  26.50269
53231.58  -0.31510365  0.446378170451  26.50269
53236.57  0.091691411  0.602774534346  26.50269
53239.57  0.16695811  0.551518281779  26.50269
53253.58  -0.49437345  0.713775530159  26.50269
53257.55  -0.38989387  0.505582598481  26.50269
53261.5  0.055900982  0.49583033878  26.50269
53265.59  -0.35399939  0.999039247952  26.50269
53266.55  0.60768151  0.56091298943  26.50269
53270.56  0.51284646  0.541687509296  26.50269
53282.5  0.31919477  0.752794641786  26.50269
53287.46  -0.12272256  0.492341962377  26.50269
53293.43  -0.18410027  0.621176862031  26.50269
53297.36  -0.017246222  0.517764567181  26.50269
53300.39  -0.43564648  0.643546826375  26.50269
53311.38  0.34172056  0.800765442835  26.50269
53316.41  0.62322447  0.469278466017  26.50269
53322.38  -0.22462807  0.608849095926  26.50269
53328.35  -0.21491783  0.663868159708  26.50269
53343.38  -0.58716568  0.91868779099  26.50269
53350.3  -0.55311138  0.441104489579  26.50269
53353.28  0.44677519  0.430531525435  26.50269
53356.25  0.39678908  0.534647520979  26.50269
