55834.4544736355    1.1748008553543194    0.47028941288356757    25    
55834.9544736355    1.387295954584387     0.4524608613204709     25    
55835.4544736355    1.6196786385463833    0.44328671292225075    25    
55835.9544736355    1.8735114236850419    0.524839704061078      25    
55836.4544736355    2.1483105069325874    0.6953808587898715     25    
55836.9544736355    2.4450782197144743    0.8337744284690422     25    
55837.4544736355    2.764912393208591     0.8833321146892689     25    
55837.9544736355    3.1072831850008127    0.879765301310513      25    
55838.4544736355    3.4737036511297963    0.8690274894278083     25    
55838.9544736355    3.864497147328665     0.8708412148084489     25    
55839.4544736355    4.279707372192767     0.8722085321026309     25    
55839.9544736355    4.72093603939369      0.87276636460967       25    
55840.4544736355    5.187759069448959     0.8725302885044021     25    
55840.9544736355    5.681076451912135     0.8715226193671068     25    
55841.4544736355    6.202074675594034     0.8696282948193801     25    
55841.9544736355    6.750191542973162     0.8668133678142121     25    
55842.4544736355    7.326883807562614     0.8636098058712826     25    
55842.9544736355    7.93373649744555      0.8602048987992917     25    
55843.4544736355    8.569469554479582     0.8565594543143175     25    
55843.9544736355    9.231940115359029     0.8530856658634639     25    
55844.4544736355    9.931296406314782     0.8488507989744899     25    
55844.9544736355    10.64561066564371     0.845930098468214      25    
55845.4544736355    11.350787878273259    0.8475387089206197     25    
55845.9544736355    12.060312419414908    0.853539420961884      25    
55846.4544736355    12.734509166741649    0.860118838188403      25    
55846.9544736355    13.35553097395659     0.8654579184157253     25    
55847.4544736355    13.930099018756929    0.8703867310780078     25    
55847.9544736355    14.418903003624747    0.8730581762518952     25    
55848.4544736355    14.810848248500859    0.8716746760872471     25    
55848.9544736355    15.123880658285772    0.8695185457100564     25    
55849.4544736355    15.367881058012369    0.8708931340292978     25    
55849.9544736355    15.532885409189548    0.8751336755337358     25    
55850.4544736355    15.653751419859724    0.8809203931560267     25    
55850.9544736355    15.748569245861807    0.8890067749653711     25    
55851.4544736355    15.809742255668914    0.8986957238111147     25    
55851.9544736355    15.873898689554032    0.9037767565263765     25    
55852.4544736355    15.948505736521994    0.9117230471503007     25    
55852.9544736355    16.026072138480796    0.9083965071397392     25    
55853.4544736355    16.109900817040227    0.8617940061538347     25    
55853.9544736355    16.20318633888914     0.7505922974715651     25    
55854.4544736355    16.29169218111475     0.6333045795560373     25    
55854.9544736355    16.367314033370622    0.5964531283154658     25    
55855.4544736355    16.433722445801557    0.618324502236961      25    
55855.9544736355    16.47555724186038     0.6369787775138397     25    
55856.4544736355    16.491132663849967    0.6358331321899661     25    
55856.9544736355    16.479939911227344    0.6312121233640655     25    
55857.4544736355    16.433839053444395    0.6257181595510775     25    
55857.9544736355    16.35480190425625     0.6175831933580073     25    
55858.4544736355    16.239984833821957    0.6112944875436729     25    
55858.9544736355    16.086455144530138    0.6128422504278378     25    
55859.4544736355    15.895536940516987    0.6201428592654282     25    
55859.9544736355    15.663981362490773    0.6245040913772977     25    
55860.4544736355    15.386685864970989    0.6228340830137453     25    
55860.9544736355    15.07037706695226     0.6177714081431384     25    
55861.4544736355    14.726379037329032    0.6094731877028213     25    
55861.9544736355    14.347704620493205    0.5952016927907405     25    
55862.4544736355    13.951377453220497    0.5822479153258932     25    
55862.9544736355    13.55228791618487     0.5799065224622755     25    
55863.4544736355    13.143299848733927    0.5857770482239186     25    
55863.9544736355    12.746005198255867    0.5900341451968054     25    
55864.4544736355    12.36716037502785     0.5883350861518112     25    
55864.9544736355    12.003842844151087    0.5840216464138827     25    
55865.4544736355    11.66615334187795     0.5782899905321222     25    
55865.9544736355    11.354009257235521    0.5692486267625559     25    
55866.4544736355    11.066129421741952    0.5613613972577409     25    
55866.9544736355    10.802954228497475    0.5610322118634159     25    
55867.4544736355    10.564335393803063    0.5671388399092758     25    
55867.9544736355    10.350320628980414    0.5719337576942563     25    
55868.4544736355    10.162005688922932    0.5732048920735568     25    
55868.9544736355    9.998113596405295     0.5716560112168109     25    
55869.4544736355    9.854875048387454     0.56143780941665       25    
55869.9544736355    9.734307195643126     0.5355074272622202     25    
55870.4544736355    9.631894808559169     0.5080336743019748     25    
55870.9544736355    9.542244523849737     0.49963991453816814    25    
55871.4544736355    9.467890728063995     0.5080265962589513     25    
55871.9544736355    9.402419407555488     0.5172726389469885     25    
55872.4544736355    9.343040070868927     0.5194109630046968     25    
55872.9544736355    9.290855122586045     0.5192145279248108     25    
55873.4544736355    9.240936586060764     0.5165642238968805     25    
55873.9544736355    9.193551874068305     0.509057003025047      25    
55874.4544736355    9.147926636918367     0.5015420914485372     25    
55874.9544736355    9.101944337943639     0.5015034355316145     25    
55875.4544736355    9.05653096456848      0.5085287008941808     25    
55875.9544736355    9.00959190917336      0.5155029842626551     25    
55876.4544736355    8.959772682772535     0.5183685411781982     25    
55876.9544736355    8.907745317387985     0.5193682204552281     25    
55877.4544736355    8.852759642802758     0.518482964069276      25    
55877.9544736355    8.794318658809681     0.5131685627573452     25    
55878.4544736355    8.733283959797992     0.5082000192911804     25    
55878.9544736355    8.670586873119243     0.5117935993757701     25    
55879.4544736355    8.605823020392137     0.5244443510181639     25    
55879.9544736355    8.53990287508399      0.5361172396292332     25    
55880.4544736355    8.473810013146087     0.5403359766024977     25    
55880.9544736355    8.40703627272255      0.5405058536879455     25    
55881.4544736355    8.338468310279923     0.5377612697978632     25    
55881.9544736355    8.269049985765193     0.5293661288334742     25    
55882.4544736355    8.19694896518266      0.5200238110559117     25    
55882.9544736355    8.118908469872267     0.5191720907758484     25    
55883.4544736355    8.036255921773728     0.5275838839948844     25    
55883.9544736355    7.946117733802086     0.536876091977801      25    
55884.4544736355    7.845991389525417     0.5418255363220386     25    
55884.9544736355    7.736988570226721     0.5448553776058931     25    
55885.4544736355    7.618055280059472     0.5438637097918656     25    
55885.9544736355    7.488070855557258     0.5341246844112548     25    
55886.4544736355    7.3485633886914785    0.5223367434155565     25    
55886.9544736355    7.201744955241421     0.5218926984907664     25    
55887.4544736355    7.046738101930396     0.5349995809642033     25    
55887.9544736355    6.885442794256165     0.5491265323354876     25    
55888.4544736355    6.719543058370533     0.5553975802301128     25    
55888.9544736355    6.548275762323145     0.5576071305672565     25    
55889.4544736355    6.3735566600544535    0.5554849265127934     25    
55889.9544736355    6.195834232524247     0.5454922362192274     25    
55890.4544736355    6.014971685861658     0.5321836596747109     25    
55890.9544736355    5.8319114959779945    0.5265670905866199     25    
55891.4544736355    5.64635968808988      0.5301022896303563     25    
55891.9544736355    5.4589121847332125    0.5366686667954128     25    
55892.4544736355    5.269852953637618     0.5430621119067276     25    
55892.9544736355    5.078815294781719     0.5510166323758273     25    
55893.4544736355    4.888784685481557     0.5533417534135506     25    
55893.9544736355    4.699237633134379     0.5510861251720702     25    
55894.4544736355    4.511682939337199     0.540833195236305      25    
55894.9544736355    4.332536672334122     0.5037984287914867     25    
55895.4544736355    4.1598737596647295    0.4135133996617266     25    
55895.9544736355    3.997758107814299     0.29642707713514777    25    
55896.4544736355    3.8516769660464556    0.23253352679145636    25    
55896.9544736355    3.7196897454216997    0.24154722984435661    25    
55897.4544736355    3.603540450857498     0.2594753400331933     25    
55897.9544736355    3.5061058114878287    0.2543742719794298     25    
55898.4544736355    3.4246886791894133    0.24693411296698878    25    
55898.9544736355    3.352770618535487     0.2417772765189148     25    
55899.4544736355    3.2922094925247385    0.23942329080330219    25    
55899.9544736355    3.2389309183538124    0.2390255651663344     25    
55900.4544736355    3.1869189869308925    0.24118055593839777    25    
55900.9544736355    3.138477230432333     0.24650458682491952    25    
55901.4544736355    3.089638872397084     0.24990394334846985    25    
55901.9544736355    3.037421109473656     0.24757848088454304    25    
55902.4544736355    2.983629758231384     0.2420294190628069     25    
55902.9544736355    2.9293615660923003    0.2371404109662606     25    
55903.4544736355    2.874175659029882     0.23440204700126446    25    
55903.9544736355    2.819041799648037     0.23117113801603317    25    
55904.4544736355    2.7654747216607274    0.2240747836087126     25    
55904.9544736355    2.712917141799003     0.21208425341194648    25    
55905.4544736355    2.662360126960446     0.20191286522215174    25    
55905.9544736355    2.614608953102657     0.20044919930142316    25    
55906.4544736355    2.5692390192876675    0.2041940289984527     25    
55906.9544736355    2.5261372097700447    0.20579425386075217    25    
55907.4544736355    2.485380848075299     0.2034112156170958     25    
55907.9544736355    2.446813105164943     0.19956602251051456    25    
55908.4544736355    2.410182892885879     0.19562368112544246    25    
55908.9544736355    2.3755961741496656    0.19102572730781486    25    
55909.4544736355    2.342819728320481     0.18683407718898684    25    
55909.9544736355    2.31171362089154      0.18410133963796443    25    
55910.4544736355    2.282338842590767     0.18240344882331913    25    
55910.9544736355    2.254398964653215     0.18160398152931295    25    
55911.4544736355    2.227912607848374     0.18118878936849891    25    
55911.9544736355    2.202792067459951     0.18202818337715995    25    
55912.4544736355    2.17877454335594      0.1858148158416485     25    
55912.9544736355    2.155963067817719     0.19310493711918614    25    
55913.4544736355    2.134139062818552     0.20025209389331708    25    
55913.9544736355    2.1131425116556093    0.20298966741694172    25    
55914.4544736355    2.0930482148609166    0.2031448436926081     25    
55914.9544736355    2.0735639182362613    0.21012488466673543    25    