54321.1297070342    5.42261768475196      0.8540289677070739     25    
54321.6297070342    6.315830398659768     0.8549449468599855     25    
54322.1297070342    7.272445220625643     0.8576347103309945     25    
54322.6297070342    8.28991179307223      0.8709781473170445     25    
54323.1297070342    9.369030200705842     0.8955074941360857     25    
54323.6297070342    10.507218151630317    0.9151670360657306     25    
54324.1297070342    11.703993035412404    0.9216550778305599     25    
54324.6297070342    12.95874411647731     0.9227760808784992     25    
54325.1297070342    14.268954135165169    0.9254177170882203     25    
54325.6297070342    15.63542162471744     0.9285296005283131     25    
54326.1297070342    17.055533910383982    0.9314102054089458     25    
54326.6297070342    18.528870698904313    0.9339915597844349     25    
54327.1297070342    20.05475777393223     0.9364047086862685     25    
54327.6297070342    21.630711749457802    0.9387570131052461     25    
54328.1297070342    23.257528055792687    0.9409815719743889     25    
54328.6297070342    24.932570248058965    0.9436672154158148     25    
54329.1297070342    26.65794988845891     0.9428207114665487     25    
54329.6297070342    28.428502846322797    0.9459463308306842     25    
54330.1297070342    30.240772290956162    0.969652595632225      25    
54330.6297070342    32.10374730924282     1.0127741316830463     25    
54331.1297070342    33.94890957881307     1.0474776171596785     25    
54331.6297070342    35.77613600487766     1.0621810882483653     25    
54332.1297070342    37.553344730395885    1.0691130683165484     25    
54332.6297070342    39.2011502137176      1.0773244129540107     25    
54333.1297070342    40.743693562639386    1.0851509074172387     25    
54333.6297070342    42.10709061183019     1.0909088601433112     25    
54334.1297070342    43.2539303866708      1.0928975835308177     25    
54334.6297070342    44.2177774537283      1.0937746069762908     25    
54335.1297070342    45.01230773596629     1.0977795809979418     25    
54335.6297070342    45.62736219542456     1.1041004324057053     25    
54336.1297070342    46.134422663611126    1.1112127341001805     25    
54336.6297070342    46.540058636175296    1.1204119485789041     25    
54337.1297070342    46.86361840550099     1.1286320230573215     25    
54337.6297070342    47.165608800292894    1.1334891860716316     25    
54338.1297070342    47.432614768047756    1.137805365847682      25    
54338.6297070342    47.66580002234532     1.1166906709971636     25    
54339.1297070342    47.87501544687384     1.0394452910562089     25    
54339.6297070342    48.043363393919414    0.944206156572904      25    
54340.1297070342    48.149408071620975    0.9055704047105472     25    
54340.6297070342    48.19993611703232     0.9172212245867009     25    
54341.1297070342    48.172236591842506    0.9296525746414334     25    
54341.6297070342    48.05626108559438     0.9280957499254058     25    
54342.1297070342    47.86223020293257     0.9245271098134376     25    
54342.6297070342    47.59353460526651     0.9207360641865374     25    
54343.1297070342    47.24746808725668     0.916023526722988      25    
54343.6297070342    46.85020429171683     0.9141527765129991     25    
54344.1297070342    46.402335313258575    0.9185185507284884     25    
54344.6297070342    45.91301909469058     0.9236933567545842     25    
54345.1297070342    45.40363494081777     0.9226676541775868     25    
54345.6297070342    44.8684335457935      0.9169291494696017     25    
54346.1297070342    44.31405947783077     0.9107348348729558     25    
54346.6297070342    43.74391108051917     0.9043903124190869     25    
54347.1297070342    43.15388160249311     0.8987089931598534     25    
54347.6297070342    42.54121892224796     0.896724003630818      25    
54348.1297070342    41.90681100765721     0.8979200413476255     25    
54348.6297070342    41.247303164468384    0.8975936325506417     25    
54349.1297070342    40.56098745219351     0.8943265124394547     25    
54349.6297070342    39.850265974467256    0.8895433582643214     25    
54350.1297070342    39.116368328687784    0.8831660071498845     25    
54350.6297070342    38.35866482999726     0.8749811820268899     25    
54351.1297070342    37.58419712777773     0.8698894851164624     25    
54351.6297070342    36.792661928800754    0.8709117357088922     25    
54352.1297070342    35.98715027158029     0.8732125122249048     25    
54352.6297070342    35.172869893292365    0.8753960096813728     25    
54353.1297070342    34.34816623527976     0.8786542818573473     25    
54353.6297070342    33.519228441375354    0.856994866890098      25    
54354.1297070342    32.685879754963686    0.7838697673777277     25    
54354.6297070342    31.850607138792395    0.6969744568787831     25    
54355.1297070342    31.017493552465538    0.6614680904033016     25    
54355.6297070342    30.185233423057692    0.6671093335442166     25    
54356.1297070342    29.35946087203195     0.6723894759280581     25    
54356.6297070342    28.53980122254809     0.6691949342344753     25    
54357.1297070342    27.728892708020844    0.664736291480333      25    
54357.6297070342    26.930652831244373    0.6572980238164208     25    
54358.1297070342    26.143845168286663    0.647227594745161      25    
54358.6297070342    25.373913384035383    0.6402425868965859     25    
54359.1297070342    24.620450479204315    0.6388041420892558     25    
54359.6297070342    23.886017156584142    0.6389854853122193     25    
54360.1297070342    23.17507939589307     0.6375392771040664     25    
54360.6297070342    22.48625649412581     0.6354589191969868     25    
54361.1297070342    21.819234429533726    0.632236115666412      25    
54361.6297070342    21.175754309661716    0.6307273680256668     25    
54362.1297070342    20.551569891810654    0.6237690182508985     25    
54362.6297070342    19.942719934650654    0.5980958934864021     25    
54363.1297070342    19.350413686547263    0.5559538766128849     25    
54363.6297070342    18.76849375791422     0.5266951054118384     25    
54364.1297070342    18.196047339021327    0.5235774541751999     25    
54364.6297070342    17.63381353038295     0.5280212075226599     25    
54365.1297070342    17.080284587230754    0.5240841792462875     25    
54365.6297070342    16.53607512403603     0.517074230774511      25    
54366.1297070342    16.007159945756005    0.513925200768738      25    
54366.6297070342    15.492738083834471    0.5173127911538089     25    
54367.1297070342    14.996150266877194    0.5219023675022529     25    
54367.6297070342    14.522117503115878    0.5235743305645636     25    
54368.1297070342    14.06905590198741     0.5236966298131642     25    
54368.6297070342    13.637710661040362    0.5205741141601543     25    
54369.1297070342    13.230003451679277    0.5142345341940129     25    
54369.6297070342    12.841081701600334    0.5039350583398818     25    
54370.1297070342    12.46717098994775     0.4858084018517525     25    
54370.6297070342    12.109315257399084    0.4609157706182014     25    
54371.1297070342    11.760772439347923    0.44545303086310484    25    
54371.6297070342    11.4213870396449      0.44656806564522267    25    
54372.1297070342    11.09039227054666     0.45090264133615987    25    
54372.6297070342    10.76512949764686     0.44649543691424337    25    
54373.1297070342    10.446740570721207    0.4379047271617565     25    
54373.6297070342    10.138766120915195    0.43268955443739143    25    
54374.1297070342    9.84052908027676      0.4324486355093697     25    
54374.6297070342    9.554411203227348     0.434184264615646      25    
54375.1297070342    9.2831948822924       0.43693248489840314    25    
54375.6297070342    9.025907884898578     0.44075096467632024    25    
54376.1297070342    8.783576429278856     0.44171626779086903    25    
54376.6297070342    8.557386119328616     0.44316924641951905    25    
54377.1297070342    8.344094861581192     0.4351390382949384     25    
54377.6297070342    8.14158799676693      0.3987840244678706     25    
54378.1297070342    7.950345062774493     0.33687121409388365    25    
54378.6297070342    7.765980806858807     0.29351660563777626    25    
54379.1297070342    7.588750258759067     0.29113962024009865    25    
54379.6297070342    7.417491163730646     0.2996700137934995     25    
54380.1297070342    7.250181757031791     0.2958494897465335     25    
54380.6297070342    7.08772852480284      0.28915269898790286    25    
54381.1297070342    6.931481306202399     0.2860206932998556     25    
54381.6297070342    6.7810828946976995    0.2875260659662265     25    
54382.1297070342    6.6376956579265896    0.2911218113624239     25    
54382.6297070342    6.5024658355380245    0.29649677435872157    25    
54383.1297070342    6.374977552092475     0.30309723362234303    25    
54383.6297070342    6.255766435030355     0.30499544742169243    25    
54384.1297070342    6.145432610139255     0.301001126851899      25    
54384.6297070342    6.042125107771678     0.29476998953010436    25    
54385.1297070342    5.944807262451191     0.2902551984975491     25    
54385.6297070342    5.85363370609274      0.28502009503618325    25    
54386.1297070342    5.766109527136235     0.27014659851659       25    
54386.6297070342    5.682569475592427     0.23750146517348125    25    
54387.1297070342    5.601933825684412     0.20336859254157616    25    
54387.6297070342    5.522968351198079     0.19220489353004533    25    
54388.1297070342    5.446191636704866     0.19623395479193986    25    
54388.6297070342    5.371582050878303     0.19749834998845942    25    
54389.1297070342    5.299082790573433     0.19522138796661148    25    
54389.6297070342    5.22888412234984      0.19268243517399777    25    
54390.1297070342    5.161090095582878     0.19031398572227953    25    
54390.6297070342    5.095684654464373     0.1880323255222804     25    
54391.1297070342    5.032882601827161     0.18666667836198678    25    
54391.6297070342    4.972634680765912     0.1863281396192241     25    
54392.1297070342    4.915095145553898     0.18665309089210463    25    
54392.6297070342    4.860363983893792     0.18557692983069538    25    
54393.1297070342    4.8084284048626325    0.18526118327698657    25    
54393.6297070342    4.759502346487352     0.1952085688144884     25    
54394.1297070342    4.713535016589225     0.21753642012850258    25    
54394.6297070342    4.670683866308293     0.23693772069660732    25    
54395.1297070342    4.63104476337302      0.24293548202530899    25    
54395.6297070342    4.594608298348707     0.24392638891695817    25    
54396.1297070342    4.561587427853345     0.25295206709624635    25    