#mB  c  mBmB x1x1 cc mBx1 mBc x1c
14.884181156896723  -0.3  0.00040833854814204315  0.005286906639175319  0.00022231286724324226  -0.00015927872179162777  0.00024207964416257663  -6.828036730062152e-05
14.884936713971738  0.3  0.00042540926360856333  0.005070017516472728  0.00023263119174185375  -0.0001597889644897936  0.0002577628212008999  -7.192133662527322e-05
15.389676376095109  0.0  0.0004232026637010891  0.005288325273315262  0.00022907597641226964  -0.0001669180930248919  0.0002526574665339301  -7.329385217365275e-05
15.889676376095109  0.0  0.0004394115328293532  0.0055981454820248225  0.0002327848998288547  -0.00018257871822174084  0.0002592841207953595  -7.855367836045576e-05
16.389676376095107  0.0  0.00047587258021529434  0.006312913915753129  0.00024103623115746275  -0.0002120762130840578  0.00027399235119504465  -8.693466935833545e-05
15.88818946445438  -0.15  0.0004410905739810511  0.005824514644335842  0.00023122209461815243  -0.0001881432290042314  0.0002573706237624378  -7.854267727215085e-05
15.888603977495446  0.15  0.00043958366047561193  0.0054309038814347056  0.00023464831433113174  -0.00017861594463888997  0.000261808799971191  -7.851692338256673e-05
16.884181156896723  -0.3  0.000621279055095638  0.010352848025200572  0.00026778683378505445  -0.00033169050582039863  0.0003232637596953138  -9.958932017930666e-05
16.88493671397174  0.3  0.0005196292796257015  0.006544859583168523  0.00025662496296981804  -0.0002245793897459958  0.00029892601790153494  -9.281975724251818e-05
