54836.77667482136    174.5987122807781     23.527720307201253    25    
54837.27667482136    207.07145791368737    23.135625914463787    25    
54837.77667482136    241.5754307774841     23.625183555632407    25    
54838.27667482136    277.9061397257826     27.142304036120795    25    
54838.77667482136    315.93213367870055    30.58728831059502     25    
54839.27667482136    355.41489137246634    31.27251724056956     25    
54839.77667482136    396.2549999118851     30.965487169925954    25    
54840.27667482136    438.183891781196      31.0360126045462      25    
54840.77667482136    481.13020840449605    31.116526901356185    25    
54841.27667482136    524.799319879429      31.18113942995598     25    
54841.77667482136    569.1439380839902     31.234746371463817    25    
54842.27667482136    613.8473545946255     31.276646954776172    25    
54842.77667482136    658.8823678778282     31.31712495807129     25    
54843.27667482136    703.9320904083385     31.32023364535909     25    
54843.77667482136    748.9607384812958     31.385160446176243    25    
54844.27667482136    793.6124254502871     32.172174137298946    25    
54844.77667482136    837.7767976708502     33.450518630482556    25    
54845.27667482136    880.2070748475305     34.25143185740658     25    
54845.77667482136    920.9104079055231     34.69663357750425     25    
54846.27667482136    958.2451727814744     35.050611195040865    25    
54846.77667482136    992.2728187141107     35.30610978971589     25    
54847.27667482136    1021.5067822850724    35.39567251724526     25    
54847.77667482136    1045.8994006072564    35.30016788542357     25    
54848.27667482136    1066.4414140619724    35.52246689710338     25    
54848.77667482136    1083.0128525537773    36.102047733724426    25    
54849.27667482136    1097.5769482673907    36.77954255596251     25    
54849.77667482136    1110.1558280640725    37.606861832822666    25    
54850.27667482136    1122.3741628391972    37.94535425333482     25    
54850.77667482136    1134.6496272667391    37.71941437383371     25    
54851.27667482136    1146.3036839226409    36.74994312679476     25    
54851.77667482136    1157.5393925909557    34.50758479870009     25    
54852.27667482136    1166.8376786472375    33.02380416528335     25    
54852.77667482136    1173.9731484283552    33.50123461686484     25    
54853.27667482136    1177.8392379923916    34.0439499941859      25    
54853.77667482136    1177.7464640491335    33.92878448747892     25    
54854.27667482136    1174.267977140755     33.73011588397621     25    
54854.77667482136    1167.221064840166     33.50963950971072     25    
54855.27667482136    1157.699708876165     33.503325291555775    25    
54855.77667482136    1146.191410900452     34.12620050546791     25    
54856.27667482136    1133.3716521191018    34.648745540229726    25    
54856.77667482136    1120.1168564097618    34.72217721890068     25    
54857.27667482136    1106.0856492597177    34.00114583439913     25    
54857.77667482136    1091.4600562333796    31.105575233466336    25    
54858.27667482136    1075.6872946987123    27.681054329904587    25    
54858.77667482136    1058.1728863821422    27.038976358871484    25    
54859.27667482136    1038.7079611044917    27.562202136665654    25    
54859.77667482136    1016.4233471777883    27.48035288872932     25    
54860.27667482136    991.7515718122377     27.268434381847364    25    
54860.77667482136    964.9061551218311     26.841175887393206    25    
54861.27667482136    936.320792018238      26.37815358303536     25    
54861.77667482136    907.2803679945066     26.510003210186017    25    
54862.27667482136    877.8948479718704     26.943790161278965    25    
54862.77667482136    849.5976188504694     26.96007112073935     25    
54863.27667482136    822.2788354892283     26.729668190267372    25    
54863.77667482136    796.6866799708744     26.53909754857987     25    
54864.27667482136    772.7308276197381     26.36879311159278     25    
54864.77667482136    750.49983316818       26.365709136229192    25    
54865.27667482136    729.988999869292      26.50067088521676     25    
54865.77667482136    711.3028716751255     26.516917582572955    25    
54866.27667482136    694.4364960901438     26.423535021230794    25    
54866.77667482136    679.4062138548865     26.105937145768355    25    
54867.27667482136    666.2144916217351     25.53470611864811     25    
54867.77667482136    654.7939552646972     25.304613117075377    25    
54868.27667482136    645.147608067496      25.489439089342238    25    
54868.77667482136    637.2163807942803     25.62048354112094     25    
54869.27667482136    631.0408405088087     25.659232803248123    25    
54869.77667482136    626.2450463578899     25.598408843048645    25    
54870.27667482136    622.8747337375294     25.448805615246716    25    
54870.77667482136    620.263133654522      25.050861984852634    25    
54871.27667482136    618.366554591015      24.21711740842817     25    
54871.77667482136    616.5854718357721     23.65444056146302     25    
54872.27667482136    614.7574286745784     23.745464386264413    25    
54872.77667482136    612.6737176249655     23.837172402165088    25    
54873.27667482136    610.1697318741988     23.580952208812267    25    
54873.77667482136    607.3911799548836     23.545504110147448    25    
54874.27667482136    604.3536488964093     24.143262405624174    25    
54874.77667482136    601.131499575108      24.700599180067982    25    
54875.27667482136    597.7845494007272     24.870350016713058    25    
54875.77667482136    594.2988741579928     24.767624902450738    25    
54876.27667482136    590.7112811206335     24.209689352072928    25    
54876.77667482136    586.9402413460396     23.609299463464932    25    
54877.27667482136    582.9292987896554     23.476929620259433    25    
54877.77667482136    578.6331604431615     23.56490199060495     25    
54878.27667482136    573.9710461874653     23.853070991337585    25    
54878.77667482136    568.9277266117479     24.091492702543125    25    
54879.27667482136    563.433306684669      23.62383662889915     25    
54879.77667482136    557.4928866984243     22.94131096948435     25    
54880.27667482136    551.07835609643       22.95283989069975     25    
54880.77667482136    544.1862570326571     23.325266522402703    25    
54881.27667482136    536.7918110216929     23.76385378286742     25    
54881.77667482136    528.8890223944496     24.172750159266073    25    
54882.27667482136    520.4419178623722     24.069064451440298    25    
54882.77667482136    511.444660211445      23.39019557561228     25    
54883.27667482136    501.8383051592917     20.795408613209748    25    
54883.77667482136    491.62270339532273    16.1258155909103      25    
54884.27667482136    480.7158218021631     13.737230652315514    25    
54884.77667482136    469.1343021583295     14.090011014828367    25    
54885.27667482136    456.97028606137104    13.9344289042847      25    
54885.77667482136    444.2273195517893     13.421996091154561    25    
54886.27667482136    431.3825417780599     13.270175901104027    25    
54886.77667482136    418.4177611904047     13.495793762217565    25    
54887.27667482136    405.8373723992808     13.856405880308195    25    
54887.77667482136    393.64337351347814    14.375872894812492    25    
54888.27667482136    382.1371766000805     14.454704650709886    25    
54888.77667482136    371.368206678424      13.988905704301029    25    
54889.27667482136    361.20479023963037    13.42909624504972     25    
54889.77667482136    351.65380666114913    12.878138745619012    25    
54890.27667482136    342.5817446475321     11.969339883402514    25    
54890.77667482136    333.9741799264333     10.298409181464402    25    
54891.27667482136    325.7411598455422     8.989932778229829     25    
54891.77667482136    317.8542820902021     8.928136684464123     25    
54892.27667482136    310.29629828179304    9.008227737942748     25    
54892.77667482136    303.0581380570497     8.804134452570203     25    
54893.27667482136    296.12203288414406    8.58302452235981      25    
54893.77667482136    289.4813573859362     8.369081794920142     25    
54894.27667482136    283.1183566403895     8.21474251942154      25    
54894.77667482136    277.024169594082      8.180824464795158     25    
54895.27667482136    271.18342049640574    8.222044058797541     25    
54895.77667482136    265.5847256273655     8.061379903214888     25    
54896.27667482136    260.2153352451845     8.427316639925328     25    
54896.77667482136    255.06117643166374    10.290922621512307    25    
54897.27667482136    250.11215304329053    12.035770772251395    25    
54897.77667482136    245.35167295285464    12.394583625051716    25    
54898.27667482136    240.77202028365457    12.558942350032469    25    
54898.77667482136    236.354366136816      13.357678668567893    25    