@INSTRUMENT DECam
@BAND DECam_r
@MAGSYS AB
#Date : MJD
#Flux : 
#Fluxerr : 
#ZP : 
#end
56950.122  -1.143  3.6657  27.498346442599363
56957.148  -3.034  2.7951  27.498346442599363
56963.264  5.589  10.769  27.498346442599363
56973.152  28.75  2.2788  27.498346442599363
56980.217  42.178  1.7669  27.498346442599363
56990.217  39.903  2.8465  27.498346442599363
57001.183  19.342  2.7538  27.498346442599363
57005.249  16.052  2.7672  27.498346442599363
57012.202  11.995  4.8258  27.498346442599363
57018.193  8.9823  2.9996  27.498346442599363
57025.142  2.0696  6.5726  27.498346442599363
57032.104  1.483  2.7247  27.498346442599363
57039.072  3.1155  2.1257  27.498346442599363
57044.116  5.848  2.3112  27.498346442599363
57051.104  1.1801  3.2142  27.498346442599363
57061.041  -7.076  7.5494  27.498346442599363
57066.064  -3.105  3.4277  27.498346442599363
