57372.77187668639    6.804201260060194     1.186837772053474      25    
57373.27187668639    7.933271708413672     1.1893898485378172     25    
57373.77187668639    9.13951331011729      1.193617129150005      25    
57374.27187668639    10.418074684874696    1.2064394432420977     25    
57374.77187668639    11.770319152778162    1.2273223743609478     25    
57375.27187668639    13.190753224266091    1.2430810362173903     25    
57375.77187668639    14.679410135952804    1.2488979510859566     25    
57376.27187668639    16.23365015797628     1.2512745749347935     25    
57376.77187668639    17.84957760755125     1.2548296509785577     25    
57377.27187668639    19.52813768710888     1.258170357669436      25    
57377.77187668639    21.263612915483442    1.2609464194425233     25    
57378.27187668639    23.056902630158618    1.2630913699039932     25    
57378.77187668639    24.904187412157192    1.2648972785052504     25    
57379.27187668639    26.80273633503552     1.2663531669069896     25    
57379.77187668639    28.752658365902533    1.267690463771827      25    
57380.27187668639    30.749023992830015    1.2682378067233813     25    
57380.77187668639    32.794809955747915    1.263054105509705      25    
57381.27187668639    34.87687297478765     1.2771645849604432     25    
57381.77187668639    37.007862158057286    1.3354570284308165     25    
57382.27187668639    39.156500657008294    1.4051362387123052     25    
57382.77187668639    41.26217842570185     1.4415203709670572     25    
57383.27187668639    43.3443691771861      1.4533260458119097     25    
57383.77187668639    45.30703625672394     1.46164829991609       25    
57384.27187668639    47.14518395641453     1.4718592893798683     25    
57384.77187668639    48.82451040034889     1.479393300794958      25    
57385.27187668639    50.268253648574664    1.481905158782044      25    
57385.77187668639    51.50031730359682     1.4803399670728576     25    
57386.27187668639    52.551168721820986    1.4835601251923476     25    
57386.77187668639    53.40247752773502     1.4932185973625052     25    
57387.27187668639    54.116260770542766    1.5054748343195798     25    
57387.77187668639    54.73410790873205     1.5207609517363139     25    
57388.27187668639    55.25129992776526     1.536821688868558      25    
57388.77187668639    55.74318926721889     1.5440591667317296     25    
57389.27187668639    56.20769685726097     1.5491513450681713     25    
57389.77187668639    56.63229125085743     1.5233212087660273     25    
57390.27187668639    57.02682955058717     1.4218222559853688     25    
57390.77187668639    57.37185102816518     1.2875397558271895     25    
57391.27187668639    57.6283502578027      1.2309159799223994     25    
57391.77187668639    57.80674403484967     1.2494350789538886     25    
57392.27187668639    57.8692100473253      1.2682484476823128     25    
57392.77187668639    57.799903331821774    1.2659290525432898     25    
57393.27187668639    57.61505852463414     1.2603452157793864     25    
57393.77187668639    57.31744013748869     1.2545262175143177     25    
57394.27187668639    56.90727444227628     1.2477613489120185     25    
57394.77187668639    56.426614727086296    1.247866225233969      25    
57395.27187668639    55.87025687396581     1.2596284931121944     25    
57395.77187668639    55.26281505279892     1.2700883846837419     25    
57396.27187668639    54.63013893837131     1.2693694680541427     25    
57396.77187668639    53.96340376029341     1.2614265812074694     25    
57397.27187668639    53.27363944231793     1.2442520788255012     25    
57397.77187668639    52.56228253863566     1.2132278528616047     25    
57398.27187668639    51.81985923286632     1.187987937564016      25    
57398.77187668639    51.04384189996303     1.1849228002293244     25    
57399.27187668639    50.233075221023846    1.1910239275359848     25    
57399.77187668639    49.37902830314155     1.1905478486350758     25    
57400.27187668639    48.48246488181172     1.185928305368675      25    
57400.77187668639    47.54979270732688     1.1791608870258206     25    
57401.27187668639    46.5781570803598      1.1679122557084678     25    
57401.77187668639    45.57659408673794     1.1575484285170772     25    
57402.27187668639    44.55661131159948     1.1574523081387762     25    
57402.77187668639    43.5152233494368      1.164859164966437      25    
57403.27187668639    42.46867704331418     1.1689875321936567     25    
57403.77187668639    41.41490712537543     1.1777622154170857     25    
57404.27187668639    40.36391879348262     1.16548152492472       25    
57404.77187668639    39.32415900930004     1.087935583535885      25    
57405.27187668639    38.29467392844632     0.9639678279521975     25    
57405.77187668639    37.29099710476255     0.891068280752807      25    
57406.27187668639    36.309681863827365    0.8912171559184437     25    
57406.77187668639    35.36294307300582     0.9042352495725017     25    
57407.27187668639    34.458209079418275    0.9015241209968747     25    
57407.77187668639    33.59277628261171     0.8972312147010519     25    
57408.27187668639    32.771162427845766    0.8882328603198956     25    
57408.77187668639    31.993467663234192    0.8738105199854199     25    
57409.27187668639    31.252300029551535    0.8635474147727535     25    
57409.77187668639    30.547411397610908    0.8628385209778544     25    
57410.27187668639    29.875828046367864    0.8652299284840593     25    
57410.77187668639    29.231944231896026    0.8649162959979045     25    
57411.27187668639    28.617255145440925    0.8634695537594286     25    
57411.77187668639    28.026228295785014    0.8603216089047205     25    
57412.27187668639    27.459037769483064    0.8584970888892571     25    
57412.77187668639    26.91370597937524     0.8489534229969008     25    
57413.27187668639    26.388186132426057    0.8160430835157007     25    
57413.77187668639    25.882747326332773    0.7680997473597937     25    
57414.27187668639    25.393795228110722    0.7417365965330956     25    
57414.77187668639    24.92239800322573     0.7439052347904657     25    
57415.27187668639    24.464533129514844    0.7489834613479744     25    
57415.77187668639    24.01904068014765     0.7414071243346944     25    
57416.27187668639    23.584712237093036    0.73193438495633       25    
57416.77187668639    23.155936991897004    0.7318904721555046     25    
57417.27187668639    22.734251226154676    0.740865452737835      25    
57417.77187668639    22.313886028686888    0.7479244092891332     25    
57418.27187668639    21.89281654565589     0.7504985012470082     25    
57418.77187668639    21.47209940128551     0.7492020421082869     25    
57419.27187668639    21.05012825595774     0.7413776812032008     25    
57419.77187668639    20.627312123504044    0.7275314217644787     25    
57420.27187668639    20.210525392152395    0.7076837068407686     25    
57420.77187668639    19.79892262828146     0.6758453198538783     25    
57421.27187668639    19.396753797922077    0.6466564169466662     25    
57421.77187668639    19.009080556693355    0.6408600262399546     25    
57422.27187668639    18.634102650002802    0.6488162483005558     25    
57422.77187668639    18.273204749317248    0.6473616609415026     25    
57423.27187668639    17.928116076778156    0.6336906520653977     25    
57423.77187668639    17.59147448393384     0.6215527187349789     25    
57424.27187668639    17.260870225859353    0.6193368561868409     25    
57424.77187668639    16.9351470198164      0.6219518920336732     25    
57425.27187668639    16.606066666927838    0.6260957099031081     25    
57425.77187668639    16.275103850548255    0.6331126489425585     25    
57426.27187668639    15.939936419882034    0.6358181587555461     25    
57426.77187668639    15.597617397505879    0.636221350779521      25    
57427.27187668639    15.252639573893644    0.6262897025089115     25    
57427.77187668639    14.909558462194076    0.5827592163323841     25    
57428.27187668639    14.567125816612755    0.5031255904268294     25    
57428.77187668639    14.23241583421503     0.4444136114096443     25    
57429.27187668639    13.905567749665963    0.4398859250029905     25    
57429.77187668639    13.588357909231435    0.4499686039844597     25    
57430.27187668639    13.284190619707852    0.44269243543849474    25    
57430.77187668639    12.991594624878415    0.43086759657472157    25    
57431.27187668639    12.70889368374691     0.4253314453525698     25    
57431.77187668639    12.436569229991703    0.42711908536609305    25    
57432.27187668639    12.172810861615854    0.43221706800186027    25    
57432.77187668639    11.916611653642093    0.4412439985524106     25    
57433.27187668639    11.668120933446202    0.4510988408522465     25    
57433.77187668639    11.425970650767951    0.4518345460498234     25    
57434.27187668639    11.190233649046435    0.4440036982200655     25    
57434.77187668639    10.961741798892701    0.43378438589710533    25    
57435.27187668639    10.74048959089621     0.4262359592852593     25    
57435.77187668639    10.526872349331969    0.41387850406304905    25    
57436.27187668639    10.321701542948903    0.381736298331763      25    
57436.77187668639    10.124766832999514    0.3275051582894833     25    
57437.27187668639    9.936519808698016     0.2867699051111564     25    
57437.77187668639    9.757264766475679     0.28212406073573376    25    
57438.27187668639    9.586338387226183     0.2886685888391854     25    
57438.77187668639    9.423337874279202     0.286182544554205      25    
57439.27187668639    9.268306592982155     0.28213794358761596    25    
57439.77187668639    9.120322365087972     0.2782217373167411     25    
57440.27187668639    8.97957554520411      0.27417483780492474    25    
57440.77187668639    8.845364870368353     0.27097771367483636    25    
57441.27187668639    8.71735513736452      0.2695131532721949     25    
57441.77187668639    8.595470899455787     0.26932974425277556    25    
57442.27187668639    8.478858908505853     0.26892294855016896    25    
57442.77187668639    8.367748206257389     0.26647445405990944    25    
57443.27187668639    8.26130039767064      0.2759158191873647     25    
57443.77187668639    8.159410329815675     0.30806945686665616    25    
57444.27187668639    8.061774923615385     0.3421337491823872     25    
57444.77187668639    7.9676708091731445    0.3568057457993663     25    
57445.27187668639    7.877298012880193     0.35902175872042075    25    
57445.77187668639    7.789743183372296     0.37076124922044795    25    