53959.917801582844    2.1687171205680222    0.425787337130928      25    
53960.417801582844    2.547476159368723     0.41922464393776737    25    
53960.917801582844    2.9596188116071134    0.41846642442666715    25    
53961.417801582844    3.4069513028009974    0.46297856476146926    25    
53961.917801582844    3.888879727346894     0.5521865777974481     25    
53962.417801582844    4.406892640917545     0.6223541190191461     25    
53962.917801582844    4.961861684913221     0.6428579829468192     25    
53963.417801582844    5.553553599268621     0.6389740976000091     25    
53963.917801582844    6.183926501431941     0.6366614809586824     25    
53964.417801582844    6.852607523019244     0.6386802354046527     25    
53964.917801582844    7.560657031248455     0.640271713386506      25    
53965.417801582844    8.309416229295278     0.6412874478975297     25    
53965.917801582844    9.09834807323363      0.641794253238046      25    
53966.417801582844    9.929341535222546     0.6418495380278613     25    
53966.917801582844    10.80246582131722     0.641346698660838      25    
53967.417801582844    11.718242591670915    0.6405267917214071     25    
53967.917801582844    12.67890223297159     0.6395358883552646     25    
53968.417801582844    13.684898511982574    0.6377336127096854     25    
53968.917801582844    14.732185256265126    0.6382562591727591     25    
53969.417801582844    15.82942310967307     0.6441308114157047     25    
53969.917801582844    16.96513908104358     0.6530276165738294     25    
53970.417801582844    18.09486015263626     0.6605245846328007     25    
53970.917801582844    19.234629291048574    0.6664018999496116     25    
53971.417801582844    20.34196118534928     0.6717375831529069     25    
53971.917801582844    21.37755230987497     0.6770706430089397     25    
53972.417801582844    22.356316508988403    0.6821773389612018     25    
53972.917801582844    23.22394376783773     0.6857262308614408     25    
53973.417801582844    23.96331684511091     0.6865001756593674     25    
53973.917801582844    24.593933562266923    0.6864887422455547     25    
53974.417801582844    25.12131562818904     0.688285451648622      25    
53974.917801582844    25.538245043470337    0.691347534370192      25    
53975.417801582844    25.88433111429944     0.6951230477829837     25    
53975.917801582844    26.170188591693996    0.7004351575535034     25    
53976.417801582844    26.397348910513916    0.7059700669586491     25    
53976.917801582844    26.603996577027566    0.7094184398843889     25    
53977.417801582844    26.78835445466785     0.7171351766680384     25    
53977.917801582844    26.946291672534166    0.70838802775756       25    
53978.417801582844    27.08239186328966     0.6512767602551638     25    
53978.917801582844    27.193767354229195    0.550879953245118      25    
53979.417801582844    27.261965671740082    0.47620554683533733    25    
53979.917801582844    27.289042752732225    0.47059850811495035    25    
53980.417801582844    27.267601723870964    0.4896056607321345     25    
53980.917801582844    27.183008032755346    0.4924170740793691     25    
53981.417801582844    27.038842737097646    0.4900814034888396     25    
53981.917801582844    26.840071958342858    0.48691251717704614    25    
53982.417801582844    26.583585313984514    0.48268135715711663    25    
53982.917801582844    26.27576303654504     0.478304379130921      25    
53983.417801582844    25.931172359572653    0.47703366580215745    25    
53983.917801582844    25.544897725208855    0.4795379583178504     25    
53984.417801582844    25.129283235088256    0.4814102355820972     25    
53984.917801582844    24.692013352816964    0.47705283725218706    25    
53985.417801582844    24.230475875247123    0.47049747382819684    25    
53985.917801582844    23.7552458026985      0.47513977679035013    25    
53986.417801582844    23.26513420765624     0.4966227817139444     25    
53986.917801582844    22.763533159853754    0.5189731632785403     25    
53987.417801582844    22.25514347694204     0.528805023585339      25    
53987.917801582844    21.738119181940576    0.5310943881385221     25    
53988.417801582844    21.218990978402786    0.530756090432926      25    
53988.917801582844    20.69906957119466     0.5286001363694702     25    
53989.417801582844    20.178051373934597    0.524379915415161      25    
53989.917801582844    19.658347907453273    0.5190319826460218     25    
53990.417801582844    19.139672092352814    0.511621587362557      25    
53990.917801582844    18.621153522444946    0.5059215057085739     25    
53991.417801582844    18.102560400051956    0.5055167891080479     25    
53991.917801582844    17.583924778002658    0.5077025028543316     25    
53992.417801582844    17.064555073839333    0.5081694847078526     25    
53992.917801582844    16.54375767812484     0.5094017198642417     25    
53993.417801582844    16.02369858435629     0.5045047711716385     25    
53993.917801582844    15.505359964207974    0.48146661234952975    25    
53994.417801582844    14.988421805337406    0.442876325213769      25    
53994.917801582844    14.478123801432806    0.4157096491046397     25    
53995.417801582844    13.973997047004483    0.4142606891088311     25    
53995.917801582844    13.478161906102676    0.4219671434130764     25    
53996.417801582844    12.994898303692576    0.42349242163866385    25    
53996.917801582844    12.52280147219663     0.4224167595819589     25    
53997.417801582844    12.064671696063293    0.4198434459131624     25    
53997.917801582844    11.621630365729064    0.4142910609915718     25    
53998.417801582844    11.193298749459732    0.40772949070454617    25    
53998.917801582844    10.781033688475178    0.40554822198043966    25    
53999.417801582844    10.384451305297684    0.40858619915407834    25    
53999.917801582844    10.00446082184862     0.4121545811544157     25    
54000.417801582844    9.642184105873863     0.4133493285602825     25    
54000.917801582844    9.297031257380585     0.4134220294990108     25    
54001.417801582844    8.967798208388144     0.4115544382242891     25    
54001.917801582844    8.655490331773386     0.40956665246416846    25    
54002.417801582844    8.357628769731246     0.4030023158261107     25    
54002.917801582844    8.071488775528271     0.38289174587311897    25    
54003.417801582844    7.798169951144224     0.3478926987372059     25    
54003.917801582844    7.533967811678801     0.3195541630436138     25    
54004.417801582844    7.277850970134417     0.31452746472693194    25    
54004.917801582844    7.03017655002826      0.3194153328897214     25    
54005.417801582844    6.789475642550198     0.31800700219444344    25    
54005.917801582844    6.555613194675314     0.3111271193909103     25    
54006.417801582844    6.33017941110154      0.3056451343038166     25    
54006.917801582844    6.113740088736199     0.3061430499716191     25    
54007.417801582844    5.906225121683739     0.30983100716757656    25    
54007.917801582844    5.709384291548491     0.3126682025856808     25    
54008.417801582844    5.523435997309503     0.3152250771563232     25    
54008.917801582844    5.347766230245483     0.3160958468913247     25    
54009.417801582844    5.182575547268853     0.31356158065255657    25    
54009.917801582844    5.027875715787306     0.3082218664281028     25    
54010.417801582844    4.880399015391318     0.2972134606705964     25    
54010.917801582844    4.7402928561231565    0.27406100685487433    25    
54011.417801582844    4.606375646628543     0.24674066593837135    25    
54011.917801582844    4.47565229876995      0.2335537316970191     25    
54012.417801582844    4.34890501883668      0.2354747400109943     25    
54012.917801582844    4.225133659047167     0.23822903768232684    25    
54013.417801582844    4.103194256964282     0.23361204862355886    25    
54013.917801582844    3.984060707614948     0.22705610540931342    25    
54014.417801582844    3.869318980965968     0.2232452308595513     25    
54014.917801582844    3.758458605240906     0.2226214879614792     25    
54015.417801582844    3.652796645761732     0.22335410195217972    25    
54015.917801582844    3.5535957117347796    0.22497459933033967    25    
54016.417801582844    3.4603570684574128    0.22755510369997342    25    
54016.917801582844    3.3736706023742764    0.22812765985750377    25    
54017.417801582844    3.2941362047939164    0.22824262893399105    25    
54017.917801582844    3.2205967279274383    0.2240439505360914     25    
54018.417801582844    3.1518922124637507    0.20618144652269144    25    
54018.917801582844    3.088511737344557     0.1702557440197883     25    
54019.417801582844    3.028821945021731     0.1365982638863694     25    
54019.917801582844    2.9724256842499437    0.13021968416185134    25    
54020.417801582844    2.9192653746433677    0.13782986155016194    25    
54020.917801582844    2.868088711877804     0.139337233712063      25    
54021.417801582844    2.819093037771573     0.13590495663604785    25    
54021.917801582844    2.772069134691771     0.1323451963390766     25    
54022.417801582844    2.726808836064225     0.13062575605091592    25    
54022.917801582844    2.683381145588652     0.1298937797620543     25    
54023.417801582844    2.641463481076336     0.13018239637973533    25    
54023.917801582844    2.6010885728012743    0.13222704449850137    25    
54024.417801582844    2.5621513223191226    0.1341856359681941     25    
54024.917801582844    2.52446598811703      0.13380892958404017    25    
54025.417801582844    2.4880919499124876    0.13169162650984537    25    
54025.917801582844    2.4530117640149145    0.12960053084070566    25    
54026.417801582844    2.419216642024988     0.12874290941683367    25    
54026.917801582844    2.386712458755805     0.12763020309395015    25    
54027.417801582844    2.355500165714889     0.1238534040596916     25    
54027.917801582844    2.3255875661313934    0.11658170179236343    25    
54028.417801582844    2.296936003917663     0.11038175825460668    25    
54028.917801582844    2.2695539031029184    0.10966919275380917    25    
54029.417801582844    2.2434164858504144    0.11179596808397724    25    
54029.917801582844    2.218389936125334     0.112402297863137      25    
54030.417801582844    2.194511453983834     0.11119133875567941    25    
54030.917801582844    2.1716845802493845    0.10932726544796842    25    
54031.417801582844    2.1498190126626353    0.1071708894528758     25    
54031.917801582844    2.128949215623914     0.10454950511507814    25    
54032.417801582844    2.1089267967658842    0.10217089738196038    25    
54032.917801582844    2.0897609146775307    0.10018098048593367    25    
54033.417801582844    2.0713954760920887    0.09854563390200842    25    
54033.917801582844    2.0537095978543314    0.09750595608945688    25    
54034.417801582844    2.036750314454701     0.09708317382656848    25    
54034.917801582844    2.0203849076730416    0.096943695910689      25    
54035.417801582844    2.0045788956392387    0.0967641987915801     25    
54035.917801582844    1.9893218842788345    0.09686214091744388    25    
54036.417801582844    1.9744711400897907    0.09768788630530718    25    
54036.917801582844    1.960069362405291     0.09860034696030902    25    
54037.417801582844    1.9460102964346193    0.10154407050313538    25    
54037.917801582844    1.9322172624964986    0.10661214733628505    25    