#mB  c  mBmB x1x1 cc mBx1 mBc x1c
16.577285375201733  -0.3  0.0006176131278975001  0.021038246598273184  0.0004501372065464191  0.0021006968124726126  0.0003280976609401952  0.00037742692563100683
16.57760184961175  0.3  0.0004460648942940883  0.009738848996561035  0.00028712009103909215  0.0009021525178664855  0.00025937722268480254  7.035317212760275e-05
17.08253403409979  0.0  0.0009495378576808088  0.02916340281459464  0.0005658208839535311  0.002851473724680359  0.00048747179047085046  0.0005093615818313876
17.58253403409979  0.0  0.0019610960684751035  0.06346171622855747  0.00109863119959864  0.006142677010511232  0.0009570270555186859  0.0012080360774942814
18.08253403409979  0.0  0.004447927956839191  0.1477077967391257  0.0024133488462035704  0.014135434845184557  0.002107495278170755  0.0028734456693085392
17.581163741447273  -0.15  0.002168285100491248  0.07611813539627718  0.001345141483306545  0.007404595606409931  0.001046722939340047  0.0015251511073529585
17.58135853983826  0.15  0.0017456358131059252  0.05100927249892193  0.000908968262323817  0.00488095838774414  0.0008662759927225047  0.0009045421384351168
18.577285375201733  -0.3  0.012701199006222332  0.4844979063061774  0.009045565472189156  0.04575704469625729  0.005855888504314232  0.009704272357191119
18.57760184961175  0.3  0.008207382403165596  0.22354113310569151  0.0036857127825084455  0.020759633558954178  0.003955091080224809  0.004020027887121428
