57781.169422024206    227.67182267613515    39.60168903736864     25    
57781.669422024206    273.20593888707106    39.15786964297318     25    
57782.169422024206    322.52717433765787    39.94963286006397     25    
57782.669422024206    375.5294524178081     45.03917396330241     25    
57783.169422024206    432.15106802795304    50.19536936526358     25    
57783.669422024206    492.2656017442801     51.36276846452102     25    
57784.169422024206    555.8302169277198     50.99841717114006     25    
57784.669422024206    622.7011000471882     51.162858323531474    25    
57785.169422024206    692.8513342176576     51.341948360918835    25    
57785.669422024206    766.1226605072302     51.49165601737877     25    
57786.169422024206    842.501133078465      51.61899833641596     25    
57786.669422024206    921.816996305105      51.72892437567167     25    
57787.169422024206    1004.0663266908432    51.83026417574364     25    
57787.669422024206    1089.13055188266      52.056918818644306    25    
57788.169422024206    1176.9587926117922    52.32525085109746     25    
57788.669422024206    1267.2390785198065    51.70800872635804     25    
57789.169422024206    1359.8688262764342    50.293426953939885    25    
57789.669422024206    1451.032404475034     49.987900165372956    25    
57790.169422024206    1540.9350677359412    50.81448977106011     25    
57790.669422024206    1624.4352722061524    51.501632296527795    25    
57791.169422024206    1701.6429719816038    52.003916306903875    25    
57791.669422024206    1768.1687545397692    52.32742656034843     25    
57792.169422024206    1823.2065576024777    52.410239647087444    25    
57792.669422024206    1868.9025674170848    52.63559765756101     25    
57793.169422024206    1904.7813071161333    53.08849144173648     25    
57793.669422024206    1935.1134533691995    53.62451426842001     25    
57794.169422024206    1960.372574497547     54.30960902486529     25    
57794.669422024206    1983.7205167303762    54.71656335916896     25    
57795.169422024206    2006.8093517845346    54.64051429703739     25    
57795.669422024206    2028.5735284216082    54.30226534534638     25    
57796.169422024206    2049.5105853778778    53.58464311321692     25    
57796.669422024206    2067.4751472373327    53.07759667638158     25    
57797.169422024206    2081.5188543043373    53.42937613756795     25    
57797.669422024206    2090.4330505925086    53.87621899064493     25    
57798.169422024206    2092.51017558562      53.831184497970085    25    
57798.669422024206    2088.4389967666084    53.62454648444761     25    
57799.169422024206    2077.961358893754     53.35942716066542     25    
57799.669422024206    2061.95945183627      53.1418622300646      25    
57800.169422024206    2041.5679128530874    53.3378772161956      25    
57800.669422024206    2017.0942445840244    53.63283738893351     25    
57801.169422024206    1989.9462744062193    53.947994430175335    25    
57801.669422024206    1959.9390981418867    53.5850730744824      25    
57802.169422024206    1927.608012482344     49.15189131033315     25    
57802.669422024206    1892.7933694545795    41.79661056756638     25    
57803.169422024206    1855.2923080424146    38.97388300721797     25    
57803.669422024206    1815.1165195731278    39.76819713868734     25    
57804.169422024206    1772.0006016940558    39.73833726114353     25    
57804.669422024206    1726.077635690422     39.35536418737113     25    
57805.169422024206    1678.4610483010642    38.820755627048       25    
57805.669422024206    1629.128323172138     38.138589803666896    25    
57806.169422024206    1580.2592697597083    37.81945569547882     25    
57806.669422024206    1531.7624076619659    37.890097789957714    25    
57807.169422024206    1485.7590709443814    37.84052939502805     25    
57807.669422024206    1442.3173414342336    37.68594070171929     25    
57808.169422024206    1402.0886105238824    36.86393066146289     25    
57808.669422024206    1365.2395197708402    35.016806340667124    25    
57809.169422024206    1331.328215992592     33.8474794343246      25    
57809.669422024206    1300.3488561370566    33.99806257697018     25    
57810.169422024206    1271.9912563232388    34.1722816838966      25    
57810.669422024206    1246.2219912005207    34.046626866884274    25    
57811.169422024206    1222.7542500801903    33.77019163493504     25    
57811.669422024206    1201.5275951989       33.21376434743208     25    
57812.169422024206    1182.2805858186753    32.80179386705906     25    
57812.669422024206    1164.9188605403033    32.87908080916073     25    
57813.169422024206    1149.2147770316449    33.0310724240705      25    
57813.669422024206    1135.052703789554     33.04353999374728     25    
57814.169422024206    1122.1919109574928    32.9540088496868      25    
57814.669422024206    1110.4377465320206    32.93370072316798     25    
57815.169422024206    1099.5694210720355    32.405953918415555    25    
57815.669422024206    1089.27685645763      29.988976420717957    25    
57816.169422024206    1079.4145228621176    26.99394818081589     25    
57816.669422024206    1069.598588937636     26.313185093585304    25    
57817.169422024206    1059.778079263852     26.717482663621475    25    
57817.669422024206    1049.6080958675639    26.453657391158934    25    
57818.169422024206    1039.085930149685     26.0750544018517      25    
57818.669422024206    1027.9678134854205    26.222052565234435    25    
57819.169422024206    1016.2428186347952    26.65805461364918     25    
57819.669422024206    1003.6293513286076    26.815382653376105    25    
57820.169422024206    990.1666994799824     26.77127537085936     25    
57820.669422024206    975.7992570504595     26.2377817584988      25    
57821.169422024206    960.5554064842881     25.366196023931025    25    
57821.669422024206    944.7384828878953     26.74541614351757     25    
57822.169422024206    928.3362566044397     29.943010926640177    25    
57822.669422024206    911.6696790285833     31.469235983730815    25    
57823.169422024206    894.7346077232008     31.491852452562004    25    
57823.669422024206    877.6721082130762     31.179767689446702    25    
57824.169422024206    860.5062803829136     30.52254622561279     25    
57824.669422024206    843.1119816153606     30.128626087352508    25    
57825.169422024206    825.4917543866449     30.151514519533727    25    
57825.669422024206    807.529644975076      30.27878494329648     25    
57826.169422024206    789.1891193246988     30.54156236836857     25    
57826.669422024206    770.5161480752882     30.568516340087537    25    
57827.169422024206    751.455597680166      30.677195486493957    25    
57827.669422024206    732.275604526943      28.89679330685523     25    
57828.169422024206    713.0239475896011     22.06264621514983     25    
57828.669422024206    693.9200000441043     13.951188509689846    25    
57829.169422024206    675.0678986411936     12.7444055926119      25    
57829.669422024206    656.5952502248242     13.870369010305845    25    
57830.169422024206    638.6276890715087     13.436824767412238    25    
57830.669422024206    621.1875167736347     13.051765865062382    25    
57831.169422024206    604.3342554708205     12.948829505981886    25    
57831.669422024206    588.0991418872546     13.005354044382646    25    
57832.169422024206    572.5527975230927     13.22020932709651     25    
57832.669422024206    557.693471581282      13.421212542303428    25    
57833.169422024206    543.5744392815446     13.221929288332515    25    
57833.669422024206    530.1573830572394     12.810165113390399    25    
57834.169422024206    517.3913466800082     12.335586861130105    25    
57834.669422024206    505.26542306899296    11.92453659078804     25    
57835.169422024206    493.70971926492984    12.37236797890853     25    
57835.669422024206    482.7226487062065     13.2777440582386      25    
57836.169422024206    472.2356891850011     13.555370633976374    25    
57836.669422024206    462.2514427644604     13.431388014487398    25    
57837.169422024206    452.71614442721415    13.299533224744753    25    
57837.669422024206    443.63174503355265    13.131261138669908    25    
57838.169422024206    434.94521648227425    12.980252886187134    25    
57838.669422024206    426.6589452842424     12.843886965641516    25    
57839.169422024206    418.71950253483953    12.7708307667826      25    
57839.669422024206    411.129099466412      12.765104293895188    25    
57840.169422024206    403.8349043209311     12.784202034547507    25    
57840.669422024206    396.8381093160821     12.809778915841822    25    
57841.169422024206    390.0873235765676     12.990410175289343    25    
57841.669422024206    383.58187656927225    13.372539225694128    25    
57842.169422024206    377.2726620377697     13.716138092917749    25    
57842.669422024206    371.1563029620019     13.834343179970737    25    
57843.169422024206    365.1868214405563     14.430962153115933    25    