#Date  :
#Flux  :
#Fluxerr  :
#ZP  :
#end  :
@INSTRUMENT  SDSS
@BAND  SDSS_z
@MAGSYS  AB
53616.426268  -2.022  4.387  23.909419999999997
53622.439952  8.515  3.381  23.909419999999997
53627.397257  -2.412  3.3  23.909419999999997
53628.388338  7.052  5.113  23.909419999999997
53634.390243  -1.212  4.738  23.909419999999997
53635.397163  1.202  3.507  23.909419999999997
53638.43186  1.277  3.443  23.909419999999997
53639.436085  -2.439  3.489  23.909419999999997
53640.395946  -5.249  3.545  23.909419999999997
53641.435366  -2.553  3.862  23.909419999999997
53644.383242  2.557  3.004  23.909419999999997
53646.45753  4.328  10.18  23.909419999999997
53655.368559  1.087  3.475  23.909419999999997
53657.276778  14.53  8.864  23.909419999999997
53657.394859  8.654  5.665  23.909419999999997
53663.379511  3.383  4.683  23.909419999999997
53663.4584  2.709  4.463  23.909419999999997
53664.393963  2.23  4.146  23.909419999999997
53665.458324  -3.053  4.949  23.909419999999997
53666.449684  -2.231  4.089  23.909419999999997
53668.369061  3.694  5.285  23.909419999999997
53668.447032  0.1797  6.299  23.909419999999997
53669.456719  -1.143  4.649  23.909419999999997
53670.374128  2.126  4.198  23.909419999999997
53670.453053  3.511  4.384  23.909419999999997
53671.437824  1.824  3.901  23.909419999999997
53673.34225  2.824  3.226  23.909419999999997
53674.337586  1.217  4.794  23.909419999999997
53675.339026  10.03  4.083  23.909419999999997
53676.427008  4.584  4.991  23.909419999999997
53677.360188  0.6678  2.986  23.909419999999997
53679.398818  1.943  5.364  23.909419999999997
53680.34667  2.611  3.392  23.909419999999997
53681.390269  8.349  3.371  23.909419999999997
53683.405316  12.11  5.955  23.909419999999997
53686.346066  2.396  4.607  23.909419999999997
53687.293089  0.8202  6.261  23.909419999999997
53687.403154  -4.623  9.927  23.909419999999997
53693.348221  -1.222  5.719  23.909419999999997
53697.346912  7.609  3.896  23.909419999999997
53699.368897  11.29  3.676  23.909419999999997
53700.345688  -7.208  5.123  23.909419999999997
53704.331053  1.743  4.083  23.909419999999997
53705.33233  -0.346  4.65  23.909419999999997
