52510.77168972345    0.0                      1e-05                    25    
52511.27168972345    0.0                      1e-05                    25    
52511.77168972345    0.0                      1e-05                    25    
52512.27168972345    0.0                      1e-05                    25    
52512.77168972345    0.0                      1e-05                    25    
52513.27168972345    0.0                      1e-05                    25    
52513.77168972345    0.0                      1e-05                    25    
52514.27168972345    0.0                      1e-05                    25    
52514.77168972345    0.0                      1e-05                    25    
52515.27168972345    0.0                      1e-05                    25    
52515.77168972345    0.0                      1e-05                    25    
52516.27168972345    0.0                      1e-05                    25    
52516.77168972345    0.0                      1e-05                    25    
52517.27168972345    0.0                      1e-05                    25    
52517.77168972345    0.0                      1e-05                    25    
52518.27168972345    0.0                      1e-05                    25    
52518.77168972345    0.0                      1e-05                    25    
52519.27168972345    0.0                      1e-05                    25    
52519.77168972345    0.0                      1e-05                    25    
52520.27168972345    0.0                      1e-05                    25    
52520.77168972345    0.0                      1e-05                    25    
52521.27168972345    0.0                      1e-05                    25    
52521.77168972345    0.0                      1e-05                    25    
52522.27168972345    0.0                      1e-05                    25    
52522.77168972345    0.0012676136257284388    0.0012676530693105264    25    
52523.27168972345    0.0025336122795197426    0.0025336320141119994    25    
52523.77168972345    0.0037996109333110466    0.003799624092530318     25    
52524.27168972345    0.005065609587102351     0.005065619457573106     25    
52524.77168972345    0.007012128431688086     0.007012135562187058     25    
52525.27168972345    0.010791291255589542     0.010791295888954363     25    
52525.77168972345    0.015374246791714013     0.015374250043905512     25    
52526.27168972345    0.020813932891585805     0.02081393529382268      25    
52526.77168972345    0.02716328740672917      0.02716328924744887      25    
52527.27168972345    0.03443189792907957      0.0344318993812214       25    
52527.77168972345    0.042559287163006776     0.042559288337838466     25    
52528.27168972345    0.05159246270309372      0.04767907867122813      25    
52528.77168972345    0.061584362400864796     0.04780470849803401      25    
52529.27168972345    0.0725867526990656       0.04794254549887321      25    
52529.77168972345    0.08455404295529326      0.04809160327005479      25    
52530.27168972345    0.09747617526009299      0.04825135930129223      25    
52530.77168972345    0.11140608746498923      0.048423006650964294     25    
52531.27168972345    0.12639671742150635      0.04860777742794173      25    
52531.77168972345    0.14247984441010622      0.048806969880286835     25    
52532.27168972345    0.1595864008041161       0.04902092067448303      25    
52532.77168972345    0.17774979284063516      0.0492479190879019       25    
52533.27168972345    0.19702295837118733      0.04948614658265419      25    
52533.77168972345    0.21745883524729756      0.049733846455383965     25    
52534.27168972345    0.23904446957669653      0.04950272013730268      25    
52534.77168972345    0.2617368087693363       0.04866017722152962      25    
52535.27168972345    0.2855879771984213       0.04818206832050432      25    
52535.77168972345    0.3106509127154763       0.049076779527189224     25    
52536.27168972345    0.33697171181936786      0.05225859881488389      25    
52536.77168972345    0.3644884654926251       0.05823909083439278      25    
52537.27168972345    0.3932131041447402       0.06519949425477668      25    
52537.77168972345    0.4231985656272381       0.07150347388435702      25    
52538.27168972345    0.4544977877916425       0.0760354972232338       25    
52538.77168972345    0.4871260932520343       0.07817829661815186      25    
52539.27168972345    0.5210196694516774       0.07875845186967464      25    
52539.77168972345    0.5562231242241151       0.07846817758312861      25    
52540.27168972345    0.5927893954208729       0.07791924079394053      25    
52540.77168972345    0.6307710222890976       0.0777267457534483       25    
52541.27168972345    0.6701290033607659       0.07785175420622804      25    
52541.77168972345    0.7108459187476426       0.07796468004247416      25    
52542.27168972345    0.7529747063012501       0.07806120532706598      25    
52542.77168972345    0.7965683038731132       0.07813704926063063      25    
52543.27168972345    0.8416624361135399       0.07818871520352667      25    
52543.77168972345    0.8881882794393513       0.07821907286668495      25    
52544.27168972345    0.9361750506743065       0.07822962625374198      25    
52544.77168972345    0.985675687669931        0.07822108418183805      25    
52545.27168972345    1.0367431282777475       0.0781941663772197       25    
52545.77168972345    1.0893715365407755       0.07814492778341076      25    
52546.27168972345    1.1435117587815762       0.07807123859162443      25    
52546.77168972345    1.199214902525458        0.07798289859751599      25    
52547.27168972345    1.2565339056239455       0.07788994453521686      25    
52547.77168972345    1.3155225492061067       0.07779879141401154      25    
52548.27168972345    1.3762199783745745       0.07764930020350311      25    
52548.77168972345    1.438568482902782        0.07747534187741528      25    
52549.27168972345    1.5024892092459177       0.07735477873876785      25    
52549.77168972345    1.5679033038591672       0.0773658443791836       25    
52550.27168972345    1.6350160048207332       0.0775847832357416       25    
52550.77168972345    1.7044009938385418       0.07800546552841245      25    
52551.27168972345    1.7752014707454518       0.07853333910620412      25    
52551.77168972345    1.8464421929863093       0.07907184490741655      25    
52552.27168972345    1.9171486316780089       0.0795265782881026       25    
52552.77168972345    1.9881349379156217       0.07988856052078053      25    
52553.27168972345    2.059825867397886        0.0802149361933883       25    
52553.77168972345    2.1308728999115947       0.08051875592821785      25    
52554.27168972345    2.1999275152435223       0.08081236162807273      25    
52554.77168972345    2.2659687810054114       0.08110911978591051      25    
52555.27168972345    2.3305981982415354       0.08142165787967189      25    
52555.77168972345    2.393311749666456        0.08172670865490118      25    
52556.27168972345    2.452937284370072        0.08199529108739537      25    
52556.77168972345    2.5083026514422797       0.08219845584765015      25    
52557.27168972345    2.558824216958111        0.082298500807606        25    
52557.77168972345    2.605293393720799        0.08229738624704928      25    
52558.27168972345    2.6479539781601003       0.08225535768453264      25    
52558.77168972345    2.6870222405353186       0.08223387143294578      25    
52559.27168972345    2.72268508103164         0.08229287135201363      25    
52559.77168972345    2.754248957865165        0.08241830944814052      25    
52560.27168972345    2.7819781868569025       0.0825814661326663       25    
52560.77168972345    2.8067423054546894       0.08277624624821703      25    
52561.27168972345    2.829410851106361        0.08299671250608642      25    
52561.77168972345    2.8504223574951286       0.08325712806370598      25    
52562.27168972345    2.868706877282316        0.08360823772076173      25    
52562.77168972345    2.884828511903312        0.08398038605636914      25    
52563.27168972345    2.8995749647928903       0.08429250001772387      25    
52563.77168972345    2.9137339393858293       0.08446466139901705      25    
52564.27168972345    2.92739550436083         0.08485020197491817      25    
52564.77168972345    2.9400627349704256       0.0854934057966429       25    
52565.27168972345    2.951749734592836        0.08576412193109638      25    
52565.77168972345    2.9624711579582463       0.0850355645149553       25    
52566.27168972345    2.972276386089888        0.08256714683305709      25    
52566.77168972345    2.9814450825664296       0.07741264427961171      25    
52567.27168972345    2.9897195745483685       0.07030592037871254      25    
52567.77168972345    2.9967044425624136       0.06254633329051593      25    
52568.27168972345    3.002004267135273        0.056073391505840696     25    
52568.77168972345    3.0055497307111163       0.05299513827202335      25    
52569.27168972345    3.007764680527347        0.05266529756735603      25    
52569.77168972345    3.008332833219727        0.05388849907794617      25    
52570.27168972345    3.006902123483586        0.05539140079551543      25    
52570.77168972345    3.0031238776274183       0.05600900619484502      25    
52571.27168972345    2.9969677218820534       0.055980054202907054     25    
52571.77168972345    2.988642602823968        0.055860898638594655     25    
52572.27168972345    2.9782903686103372       0.05568553904825547      25    
52572.77168972345    2.966052867398353        0.05548816647440938      25    
52573.27168972345    2.951954404844619        0.05528210398744364      25    
52573.77168972345    2.935624931146589        0.05500110678887099      25    
52574.27168972345    2.917397822798154        0.05469455005966547      25    
52574.77168972345    2.897709746035011        0.05443103694564772      25    
52575.27168972345    2.8769973670928546       0.05428039777218526      25    
52575.77168972345    2.855139221463703        0.05431119766556436      25    
52576.27168972345    2.831803910028564        0.05448631080243892      25    
52576.77168972345    2.8074050480983774       0.05470509172304208      25    
52577.27168972345    2.7823604511468707       0.0548677758878814       25    
52577.77168972345    2.757045480390569        0.05486292811311761      25    
52578.27168972345    2.7311672627808243       0.054516393771808815     25    
52578.77168972345    2.704676012014439        0.05402801490937057      25    
52579.27168972345    2.6777100950382993       0.05369801428575923      25    
52579.77168972345    2.650407878799298        0.05383274831006754      25    
52580.27168972345    2.6228633816152476       0.05473868142183478      25    
52580.77168972345    2.5949961899174596       0.05635502314822122      25    
52581.27168972345    2.5667519448505947       0.05822354075759547      25    
52581.77168972345    2.538081622360856        0.059920494075131114     25    
52582.27168972345    2.508936765624095        0.0610690077143317       25    
52582.77168972345    2.4793512440947336       0.061671742657341794     25    
52583.27168972345    2.4493400946321326       0.06196815800927251      25    
52583.77168972345    2.4188613355876742       0.06206631834443716      25    
52584.27168972345    2.3878729853127285       0.06207086886217739      25    
52584.77168972345    2.356323845741913        0.06206001811254206      25    
52585.27168972345    2.3241673946864094       0.061945523414748356     25    
52585.77168972345    2.291495827028738        0.06173342464225229      25    
52586.27168972345    2.2584189968717365       0.061456418869075276     25    
52586.77168972345    2.225046758318251        0.06114748912521886      25    
52587.27168972345    2.191307296472975        0.06077133048815027      25    
52587.77168972345    2.1570827358939537       0.06028506235288766      25    
52588.27168972345    2.122592790113914        0.059782131906153835     25    
52588.77168972345    2.0880615507247424       0.059360672122664056     25    
52589.27168972345    2.053689995588069        0.05912082450881856      25    
52589.77168972345    2.019227838056186        0.05910012073731222      25    
52590.27168972345    1.9847088827474568       0.059213152134265534     25    
52590.77168972345    1.9503538626428387       0.05935999291719411      25    
52591.27168972345    1.9163835107232825       0.05944128013614545      25    
52591.77168972345    1.8829048018518149       0.05944937324230645      25    
52592.27168972345    1.8496986244500486       0.05955572700289002      25    
52592.77168972345    1.816848917728651        0.05959298269152342      25    
52593.27168972345    1.784470440379502        0.0593652877705035       25    
52593.77168972345    1.7526777778610045       0.058670800052754005     25    
52594.27168972345    1.7214529911690946       0.0571631151794074       25    
52594.77168972345    1.6907354084297765       0.05497219576955633      25    
52595.27168972345    1.6605504120575934       0.052580764913427606     25    
52595.77168972345    1.6309233844670883       0.05055236308670941      25    
52596.27168972345    1.6018730751442283       0.049490900164566184     25    
52596.77168972345    1.5733698766300455       0.04935825056878089      25    
52597.27168972345    1.5454232649465431       0.04976982541145555      25    
52597.77168972345    1.5180541278889068       0.05035269187748343      25    
52598.27168972345    1.4912833532523249       0.05074389546066653      25    
52598.77168972345    1.46512523911068         0.050807092957922295     25    
52599.27168972345    1.4395684924423522       0.05080280694877114      25    
52599.77168972345    1.4145985750053112       0.050741039910855705     25    
52600.27168972345    1.3902010754719651       0.050623076932634396     25    
52600.77168972345    1.3663636377544124       0.05044635650096408      25    
52601.27168972345    1.3431257792099285       0.05012727565987487      25    
52601.77168972345    1.3204722906246285       0.049712057064280696     25    
52602.27168972345    1.2983554079419455       0.04931268999184452      25    
52602.77168972345    1.2767273671053145       0.04904468649450428      25    
52603.27168972345    1.255566984312126        0.04901510854810505      25    
52603.77168972345    1.2349354911526988       0.0492025133816331       25    
52604.27168972345    1.2147963011627496       0.049500278281213735     25    
52604.77168972345    1.1951009970111346       0.04980154887475433      25    
52605.27168972345    1.175801161366707        0.050001750566304064     25    
52605.77168972345    1.1569114373282017       0.05010387590586581      25    
52606.27168972345    1.1384600279969261       0.050171433271167666     25    
52606.77168972345    1.1204151970379408       0.05018632078263105      25    
52607.27168972345    1.1027452019601418       0.05013031009657178      25    
52607.77168972345    1.0854235471655072       0.05000305743137576      25    
52608.27168972345    1.068477548886878        0.04992752511801232      25    
52608.77168972345    1.051905949426935        0.04980355593082043      25    
52609.27168972345    1.0356946542425494       0.049471756235270586     25    
52609.77168972345    1.019829568790596        0.04876649856938062      25    
52610.27168972345    1.0043093285860625       0.04741140706500976      25    
52610.77168972345    0.9891490680923666       0.04530265890614138      25    
52611.27168972345    0.9743361193922195       0.04284730989577784      25    
52611.77168972345    0.9598566813480197       0.04054795422838508      25    
52612.27168972345    0.945697832017595        0.03901699811849453      25    
52612.77168972345    0.9318853733499943       0.03848222410721604      25    
52613.27168972345    0.9184141086489094       0.038588305174249056     25    
52613.77168972345    0.9052525255542295       0.038955361010174064     25    
52614.27168972345    0.8923691117058453       0.0392036272340009       25    
52614.77168972345    0.8797513016008189       0.03903031345982304      25    
52615.27168972345    0.8674528121706265       0.03860638308894189      25    
52615.77168972345    0.8554345228883045       0.03809390455922229      25    
52616.27168972345    0.8436439210313456       0.03763120750856742      25    
52616.77168972345    0.8320284938772409       0.03736319359049805      25    
52617.27168972345    0.8206072326640119       0.03737369519362188      25    
52617.77168972345    0.8094174415466966       0.037574646940402905     25    
52618.27168972345    0.7984065251285205       0.037865461675297044     25    
52618.77168972345    0.7875215964637554       0.0381473282188067       25    
52619.27168972345    0.7767159335725118       0.03833802935889847      25    
52619.77168972345    0.7660284854210566       0.03853489453806624      25    
52620.27168972345    0.755463759391072        0.038725244944897826     25    
52620.77168972345    0.7450034363172857       0.03884212383274889      25    
52621.27168972345    0.734629197034425        0.038819088820346875     25    
52621.77168972345    0.7243218736886866       0.038641051075004026     25    
52622.27168972345    0.7140835037697972       0.038383051090443966     25    
52622.77168972345    0.7039409842707873       0.03798621806573002      25    
52623.27168972345    0.6939219408818427       0.037379782600230206     25    
52623.77168972345    0.6840534609724039       0.03648257028681256      25    
52624.27168972345    0.6743105278673042       0.035013706936178036     25    
52624.77168972345    0.6646878856835574       0.03304717160225913      25    
52625.27168972345    0.6552158772318928       0.030931907719272175     25    
52625.77168972345    0.6459248453230383       0.029108451584070088     25    
52626.27168972345    0.636837747828647        0.0280794187564417       25    
52626.77168972345    0.627931263711753        0.027835636423719227     25    
52627.27168972345    0.6192044456323987       0.028048970085787824     25    
52627.77168972345    0.6106626918326786       0.028375745647029618     25    
52628.27168972345    0.6023114005546869       0.028479795863166034     25    
52628.77168972345    0.5941676677463236       0.028220221621518264     25    
52629.27168972345    0.5862324048694919       0.027808837833121318     25    
52629.77168972345    0.5784740650623938       0.027348871856601963     25    
52630.27168972345    0.5708608477532415       0.02694741456424295      25    
52630.77168972345    0.5633649382298088       0.02671284100773489      25    
52631.27168972345    0.5560251280586059       0.026632714794925898     25    
52631.77168972345    0.5488334742002396       0.026649968802356764     25    
52632.27168972345    0.5417554419025552       0.026724993527383136     25    
52632.77168972345    0.5347564964133991       0.026818022789782982     25    
52633.27168972345    0.5278193094402386       0.026926728446451574     25    
52633.77168972345    0.5209750584272302       0.027114524184741685     25    
52634.27168972345    0.5142154192848074       0.02731726326463792      25    
52634.77168972345    0.5075283011125662       0.027463041496779635     25    
52635.27168972345    0.5009015772474745       0.027481814636503243     25    
52635.77168972345    0.49431914349234896      0.02746932304027946      25    
52636.27168972345    0.4877921944468435       0.027438806189134118     25    
52636.77168972345    0.4813462397558499       0.027250084768646893     25    
52637.27168972345    0.4750067890642609       0.026757131112310376     25    
52637.77168972345    0.46879093338725947      0.02575519309982948      25    
52638.27168972345    0.46266322968489226      0.02393917963676134      25    
52638.77168972345    0.4566398625672541       0.02154924191800431      25    
52639.27168972345    0.4507497652259711       0.01899923340212349      25    
52639.77168972345    0.4450218708526681       0.016931419638945414     25    
52640.27168972345    0.439461638239944        0.016016869057371045     25    
52640.77168972345    0.43404573844490985      0.016029698501333702     25    
52641.27168972345    0.4287845168328698       0.016523966456727997     25    
52641.77168972345    0.4236890944495149       0.0170322638240068       25    
52642.27168972345    0.41877098501346427      0.01714470786620442      25    
52642.77168972345    0.4140428948940895       0.01696525548843571      25    
52643.27168972345    0.4094900858515352       0.01668753788319186      25    
52643.77168972345    0.40509010048099875      0.01638209875082053      25    
52644.27168972345    0.40082048137767773      0.01612412619509445      25    
52644.77168972345    0.3966729759062756       0.015967561282785758     25    
52645.27168972345    0.3926778848239198       0.01585971348248867      25    
52645.77168972345    0.388814500675976        0.01579313549336455      25    
52646.27168972345    0.38505669154776584      0.01576780122448903      25    
52646.77168972345    0.3813783289427699       0.01578336910749687      25    
52647.27168972345    0.3777894642243455       0.015878677462536826     25    
52647.77168972345    0.37430398667097764      0.01604723440248156      25    
52648.27168972345    0.370903557143471        0.016224583466047035     25    
52648.77168972345    0.36756983650263         0.016348738558743907     25    
52649.27168972345    0.36428713518994266      0.01636267241291325      25    
52649.77168972345    0.3610670330625118       0.016270796806976386     25    
52650.27168972345    0.3579127211677283       0.016116486478948013     25    
52650.77168972345    0.35482242273878783      0.015942159188890286     25    
52651.27168972345    0.35179436100888783      0.015791806505519326     25    
52651.77168972345    0.3488276235779583       0.01570016210180238      25    
52652.27168972345    0.3459234066082796       0.015646664744159964     25    
52652.77168972345    0.3430820919433253       0.015595216273935671     25    
52653.27168972345    0.34030401587992         0.015509318419150575     25    
52653.77168972345    0.33758953792274254      0.015350526031961216     25    
52654.27168972345    0.3349395345423918       0.015067102223936311     25    
52654.77168972345    0.3323533407599514       0.014701254164532974     25    
52655.27168972345    0.32982962280272354      0.014333297401733114     25    
52655.77168972345    0.32736704689800894      0.014051481525910719     25    
52656.27168972345    0.3249658225386346       0.013943678691554216     25    
52656.77168972345    0.32263004677609747      0.01400203475455119      25    
52657.27168972345    0.3203553771925667       0.01414316411962438      25    
52657.77168972345    0.3181364695102036       0.014282456135386451     25    
52658.27168972345    0.315967979451169        0.014338111121433583     25    
52658.77168972345    0.31385246183895193      0.01428970793999131      25    
52659.27168972345    0.3117934241984829       0.014189098681977043     25    
52659.77168972345    0.3097849464792463       0.014052507964234543     25    
52660.27168972345    0.3078210947597703       0.013896334372139689     25    
52660.77168972345    0.30589705212985135      0.01373416390648684      25    
52661.27168972345    0.3040201520263405       0.013542950192989733     25    
52661.77168972345    0.3021883130768313       0.01332845757603768      25    
52662.27168972345    0.3003956013598526       0.013109074344261493     25    
52662.77168972345    0.29863608295393257      0.012904392773944312     25    
52663.27168972345    0.2969088172059279       0.012723463777046796     25    
52663.77168972345    0.2952204974368446       0.012550073404543791     25    
52664.27168972345    0.293565806133061        0.01238888564956536      25    
52664.77168972345    0.2919388093731064       0.012246119812238377     25    
52665.27168972345    0.2903337273374712       0.01212840949627286      25    
52665.77168972345    0.2887558071595116       0.012050418367247337     25    
52666.27168972345    0.2872060166796222       0.012003552539818928     25    
52666.77168972345    0.28567842197633087      0.011966727490224632     25    
52667.27168972345    0.2841670891281662       0.011918501782924893     25    
52667.77168972345    0.28266854984505857      0.011834708519470133     25    
52668.27168972345    0.28119054059976095      0.011703492372339846     25    
52668.77168972345    0.2797292283638317       0.011559730479607833     25    
52669.27168972345    0.27827867921579846      0.011444344566694365     25    
52669.77168972345    0.2768329592341896       0.011399755342951618     25    
52670.27168972345    0.2753936854937034       0.011409578499062933     25    
52670.77168972345    0.273965536135834        0.011439863876780202     25    
52671.27168972345    0.2725426510986306       0.011542423606339034     25    
52671.77168972345    0.2711190964606213       0.011766908921869058     25    
52672.27168972345    0.2696897589616746       0.01214057412860518      25    