53677.5806164222    4.853749317443548     0.7048310651801004     25    
53678.0806164222    5.364076029982671     0.6307293460253783     25    
53678.5806164222    5.8830065900189705    0.5363797588710646     25    
53679.0806164222    6.400767764471714     0.721729656246567      25    
53679.5806164222    6.915828741663661     1.212842891668275      25    
53680.0806164222    7.430252867829419     1.69593985743728       25    
53680.5806164222    7.9343598622480425    2.0068544834488042     25    
53681.0806164222    8.42496126282611      2.1043071384726946     25    
53681.5806164222    8.90549920913506      2.092019187888649      25    
53682.0806164222    9.366572277533292     2.056832705181795      25    
53682.5806164222    9.803520260230773     2.056570615886007      25    
53683.0806164222    10.220792280696628    2.0587346203120633     25    
53683.5806164222    10.609451677088185    2.059516816846554      25    
53684.0806164222    10.963552400638386    2.058516166976352      25    
53684.5806164222    11.288178749274863    2.0558895291176977     25    
53685.0806164222    11.575044727673468    2.051737175065761      25    
53685.5806164222    11.817104350809677    2.0459578961344054     25    
53686.0806164222    12.019705281630504    2.0381586653264008     25    
53686.5806164222    12.175398096049888    2.0294922172349907     25    
53687.0806164222    12.275947708533124    2.0189319676359965     25    
53687.5806164222    12.325477078970515    1.9969401287611488     25    
53688.0806164222    12.320297410558961    1.9858448645116757     25    
53688.5806164222    12.253615035766764    2.0149082995559713     25    
53689.0806164222    12.1198514290089      2.096709263946557      25    
53689.5806164222    11.932364051251684    2.1889620988228398     25    
53690.0806164222    11.706988084459477    2.2480812142567794     25    
53690.5806164222    11.433076597875674    2.2705282284404653     25    
53691.0806164222    11.123328816795453    2.277273159475792      25    
53691.5806164222    10.804018426039965    2.2843519735547444     25    
53692.0806164222    10.468750125154866    2.294439831735217      25    
53692.5806164222    10.12244411650984     2.3021067826489383     25    
53693.0806164222    9.789423793292258     2.305410647938494      25    
53693.5806164222    9.474022277590443     2.299479287029915      25    
53694.0806164222    9.170219780201169     2.289390153372348      25    
53694.5806164222    8.883237913789154     2.287082223540591      25    
53695.0806164222    8.616372546583976     2.2988792228471224     25    
53695.5806164222    8.366787628038713     2.31903886290535       25    
53696.0806164222    8.130703520577773     2.342639535268336      25    
53696.5806164222    7.907023696307204     2.3719932629410234     25    
53697.0806164222    7.6969184984674675    2.406972565066483      25    
53697.5806164222    7.4971488765630205    2.430122524207391      25    
53698.0806164222    7.30532076380184      2.4451050198043585     25    
53698.5806164222    7.122706403395742     2.4605168096055112     25    
53699.0806164222    6.950609122975038     2.4136899338574107     25    
53699.5806164222    6.789298816442881     2.2166375898083652     25    
53700.0806164222    6.637830740775036     1.8222869549348872     25    
53700.5806164222    6.499562482814457     1.3562405384156384     25    
53701.0806164222    6.377029969237204     1.0984879243982402     25    
53701.5806164222    6.268332611905529     1.1256286028722329     25    
53702.0806164222    6.176073466039683     1.239911844775732      25    
53702.5806164222    6.103213626898258     1.268337724966148      25    
53703.0806164222    6.049223307064939     1.2605070566132652     25    
53703.5806164222    6.012928422157793     1.246095869882705      25    
53704.0806164222    5.993682119585474     1.2318632734530244     25    
53704.5806164222    5.992855540801898     1.2105700357767955     25    
53705.0806164222    6.0080039508132375    1.1931224101166507     25    
53705.5806164222    6.035940350065044     1.196983992072983      25    
53706.0806164222    6.0782361662533555    1.2326746086496185     25    
53706.5806164222    6.13324274048053      1.2752680902807967     25    
53707.0806164222    6.197510619957943     1.2967766293408463     25    
53707.5806164222    6.272674223003673     1.3044142204645934     25    
53708.0806164222    6.357034494296567     1.2945569365241423     25    
53708.5806164222    6.445916626161263     1.2459110858831606     25    
53709.0806164222    6.540475525163076     1.1143604447058237     25    
53709.5806164222    6.6397877997489445    0.9219868654247979     25    
53710.0806164222    6.738389095757416     0.7635558093529792     25    
53710.5806164222    6.836218007334038     0.7466411593126774     25    
53711.0806164222    6.933676174340818     0.8120006130691275     25    
53711.5806164222    7.025468649888859     0.8667353437633595     25    
53712.0806164222    7.109845729743274     0.8748382559109857     25    
53712.5806164222    7.188466338715971     0.869780791006229      25    
53713.0806164222    7.258715773895522     0.8565942615346895     25    
53713.5806164222    7.319177212588568     0.83095864325774       25    
53714.0806164222    7.370891182525689     0.7902969801671546     25    
53714.5806164222    7.413243230401317     0.7629383456377344     25    
53715.0806164222    7.445844907958626     0.7794233068038406     25    
53715.5806164222    7.4689969183090446    0.8296473187233181     25    
53716.0806164222    7.482299626379443     0.8754684426053304     25    
53716.5806164222    7.484990583894945     0.8843389952121764     25    
53717.0806164222    7.476705539280887     0.8589979335924445     25    
53717.5806164222    7.459959597566679     0.8490625641835043     25    
53718.0806164222    7.436477557987162     0.9066479704726327     25    
53718.5806164222    7.404030012394907     1.0243005371887268     25    
53719.0806164222    7.366954246304601     1.1345578299470116     25    
53719.5806164222    7.329752135938946     1.192171926446557      25    
53720.0806164222    7.2895694685604635    1.2083582042747585     25    
53720.5806164222    7.249810713032003     1.207759365257693      25    
53721.0806164222    7.215441547188898     1.2089306432195634     25    
53721.5806164222    7.185186507901385     1.211194295573781      25    
53722.0806164222    7.159421664746357     1.2085972595019432     25    
53722.5806164222    7.140107939055555     1.1975103058437897     25    
53723.0806164222    7.127747712254651     1.1704236507487873     25    
53723.5806164222    7.121150728253377     1.1384729229582107     25    
53724.0806164222    7.119140966857125     1.1204901194982562     25    
53724.5806164222    7.1220869301702106    1.125223307231368      25    
53725.0806164222    7.12966188808378      1.1404444375371976     25    
53725.5806164222    7.140493834092939     1.152404869939058      25    
53726.0806164222    7.155187396985802     1.1584123655910352     25    
53726.5806164222    7.173235561722307     1.1621272963006906     25    
53727.0806164222    7.191896713764246     1.1609728647269233     25    
53727.5806164222    7.211316482957742     1.1532215408488173     25    
53728.0806164222    7.231656688808183     1.1401431195439886     25    
53728.5806164222    7.248746103780575     1.1235266643936341     25    
53729.0806164222    7.261367439788484     1.1012609433765328     25    
53729.5806164222    7.270869562716132     1.073063509090241      25    
53730.0806164222    7.273262158926026     1.0505566730994131     25    
53730.5806164222    7.265723181595124     1.0457501239749898     25    
53731.0806164222    7.249824994678783     1.0548916216266835     25    
53731.5806164222    7.226303629434589     1.061899254731152      25    
53732.0806164222    7.194578422705118     1.0515433239982872     25    
53732.5806164222    7.153491429931576     1.0262603541195001     25    
53733.0806164222    7.108780913155758     1.0048185869141137     25    
53733.5806164222    7.06475713430502      1.006404811211793      25    
53734.0806164222    7.017977863159621     1.0288854180172258     25    
53734.5806164222    6.9735175088503585    1.0552153532908637     25    
53735.0806164222    6.936948469343559     1.0719284023347497     25    
53735.5806164222    6.906417259466425     1.0856244154795334     25    
53736.0806164222    6.882033163161141     1.0918529809992348     25    
53736.5806164222    6.865201378778848     1.0835531759044024     25    
53737.0806164222    6.857878203398452     1.063996610516028      25    
53737.5806164222    6.855536298649174     1.0287484732213883     25    
53738.0806164222    6.85271898808364      0.9671510910982618     25    
53738.5806164222    6.852086343589662     0.8502369298314004     25    
53739.0806164222    6.850848592011354     0.7008473519725459     25    
53739.5806164222    6.842839171843487     0.586612032661675      25    
53740.0806164222    6.828702581701259     0.5668666917596314     25    
53740.5806164222    6.808492158146267     0.5953014351427498     25    
53741.0806164222    6.779202114976733     0.6057821384653662     25    
53741.5806164222    6.739453854479517     0.5752831351154255     25    
53742.0806164222    6.690972607054213     0.5315085198867826     25    
53742.5806164222    6.635646231476165     0.5011234263631434     25    
53743.0806164222    6.573408449569837     0.5020017425972046     25    
53743.5806164222    6.5041821599545555    0.5205170965144672     25    
53744.0806164222    6.430239865786532     0.5430562313051787     25    
53744.5806164222    6.352336051806674     0.5682384420333217     25    
53745.0806164222    6.269751152151429     0.5979228151069201     25    
53745.5806164222    6.183790248970757     0.6161600833764072     25    
53746.0806164222    6.095325271946487     0.6088073397834703     25    
53746.5806164222    6.003827184520775     0.5815767084756541     25    
53747.0806164222    5.909031968551054     0.5577826667677569     25    
53747.5806164222    5.810841229351055     0.5597396676319029     25    
53748.0806164222    5.7093849538045705    0.5795577465141148     25    
53748.5806164222    5.60431660627722      0.600552259365702      25    
53749.0806164222    5.495254257789504     0.6117450219401689     25    
53749.5806164222    5.382206842150954     0.619315599710857      25    
53750.0806164222    5.2657162112897       0.6206888851387935     25    
53750.5806164222    5.146027035849116     0.6105468390662879     25    
53751.0806164222    5.022320314212955     0.5847396123697028     25    
53751.5806164222    4.896520969276769     0.5566174023844876     25    
53752.0806164222    4.770602640452497     0.5428273488491357     25    
53752.5806164222    4.643261613935357     0.5425825617932145     25    
53753.0806164222    4.516108205861458     0.5501302328027268     25    
53753.5806164222    4.391498590280499     0.5621194809522821     25    
53754.0806164222    4.268547865660115     0.5845078396489634     25    
53754.5806164222    4.147971716173681     0.6067294992298995     25    
53755.0806164222    4.031507598182295     0.614391092291077      25    
53755.5806164222    3.919166420800997     0.6037265667356801     25    
53756.0806164222    3.8105877528347643    0.5833756014127974     25    
53756.5806164222    3.70590008262666      0.5625573761248421     25    
53757.0806164222    3.605156599290579     0.5416008157448968     25    
53757.5806164222    3.5082809562421904    0.5189302305763398     25    
53758.0806164222    3.41519065477005      0.4981592181390145     25    
53758.5806164222    3.325911362251718     0.479837418859707      25    
53759.0806164222    3.240424155891645     0.46371342228975276    25    
53759.5806164222    3.1585852105265615    0.45276153944811787    25    
53760.0806164222    3.080418735806858     0.45142000072824534    25    
53760.5806164222    3.005925642511819     0.4570117584913898     25    
53761.0806164222    2.934816608616417     0.4602466695641071     25    
53761.5806164222    2.867006052609884     0.45528749736100493    25    
53762.0806164222    2.8025922904904528    0.44579160494134107    25    
53762.5806164222    2.741273166804868     0.4344469142455285     25    
53763.0806164222    2.6829032603761647    0.4224580719490122     25    
53763.5806164222    2.6276227045568494    0.408400120331542      25    
53764.0806164222    2.5751440754654293    0.3950603802545133     25    
53764.5806164222    2.5252803115682365    0.38503878688282894    25    
53765.0806164222    2.4781928621146605    0.37738739925707354    25    
53765.5806164222    2.43361462768303      0.3721176354254092     25    
53766.0806164222    2.391322855005354     0.369716671314903      25    
53766.5806164222    2.3514884119831407    0.3708540840828781     25    
53767.0806164222    2.3138704722769203    0.37328349682151224    25    
53767.5806164222    2.278216539506774     0.37448251684325445    25    
53768.0806164222    2.2446950029815453    0.37405972165377044    25    
53768.5806164222    2.2130972580663557    0.3747656400844619     25    
53769.0806164222    2.1831470138917477    0.378551621220853      25    
53769.5806164222    2.1549982839291255    0.37926969421711637    25    
53770.0806164222    2.128480633870592     0.38760613141799477    25    
53770.5806164222    2.103299926979527     0.41588251493279305    25    