#mB  c  mBmB x1x1 cc mBx1 mBc x1c
22.15307285514132  -0.3  0.0015735109602319454  0.08512176011056811  0.0014134125376268295  0.008995760912256836  0.0003433980847997292  -0.0008997218885736149
22.154396242607206  0.3  0.001559923291647008  0.08395505219937764  0.001390191256153136  0.00833620592181298  0.0005025021109889455  -0.0012721961790929243
22.658886866168242  0.0  0.002429781892731573  0.12092177548251326  0.00196800099100932  0.01300879966402962  0.000710957074702796  -0.0008453818792375575
23.15888686616824  0.0  0.004505798710897058  0.20804711466015044  0.003407183274074423  0.023382616301675978  0.0013834321315810763  -0.0003700082767562254
23.658886866168242  0.0  0.009629790432970759  0.42324905985139677  0.006945530035281162  0.049051885774700675  0.0030200484039043522  0.0008160503739149833
23.157249150518915  -0.15  0.004553734965119633  0.21280366539682727  0.0036746192883812456  0.024209955782967002  0.0012610554989735457  -0.00027269975292291504
23.157947815038845  0.15  0.004434901533184764  0.20157788873020108  0.003207763211340563  0.022355073963700445  0.0014864136016945573  -0.0004916354869549189
24.15307285514132  -0.3  0.022892197729834123  1.0073150414705683  0.020134694961664798  0.12111588009082246  0.005769736275244357  0.0045812522091304335
24.154396242607206  0.3  0.02105700813580734  0.8558279736581921  0.013059748311736395  0.09830319488974194  0.007805383840743384  0.0022467169099230793
