@INSTRUMENT MEGACAMPSF
@BAND r
@MAGSYS AB
@WEIGHTMAT weightmat_SNLS_r.dat
@X_FOCAL_PLANE 6.823575
@Y_FOCAL_PLANE -1.201365
#Date : MJD
#Flux : 
#Fluxerr : errors (but look at the weight matrix)
#ZP : 
#end
52797.6  6.476739  0.751315076511  26.486441
52814.56  19.753967  0.820510197791  26.486441
52818.57  18.283048  0.618965503663  26.486441
52842.55  4.7609281  0.738581853831  26.486441
52851.55  2.5458739  0.921185874336  26.486441
52852.5  2.7814144  0.696371321322  26.486441
52876.44  1.2439843  0.518023512724  26.486441
52885.5  1.8530503  0.676089609303  26.486441
52900.42  0.83226633  0.815899952082  26.486441
52904.37  1.0753982  0.592920861523  26.486441
52908.33  0.52284713  0.628313448573  26.486441
52916.26  -0.13349408  0.682311486476  26.486441
52930.31  0.85927912  0.865042199496  26.486441
52934.35  1.2885739  0.594585348181  26.486441
52938.34  1.4515701  0.730166252398  26.486441
52939.25  -0.28047773  0.615902116598  26.486441
52942.28  0.52202295  0.706816989297  26.486441
52962.22  0.24410746  0.608932693216  26.486441
