57452.13677484297    72.5888143012279      30.888040244412064    25    
57452.63677484297    87.05017378350094     30.760402874655824    25    
57453.13677484297    102.73113465730118    32.043859162021306    25    
57453.63677484297    119.60284505123836    38.057064060056334    25    
57454.13677484297    137.65177144915677    44.05162172343675     25    
57454.63677484297    156.8422761527958     45.689116182871906    25    
57455.13677484297    177.16691279227362    45.508154388269865    25    
57455.63677484297    198.58465520365237    45.780475750486154    25    
57456.13677484297    221.09274680213042    46.026193189872934    25    
57456.63677484297    244.64617031928674    46.15576811447517     25    
57457.13677484297    269.2454615942057     46.181670629438145    25    
57457.63677484297    294.8430096151775     46.12701326786065     25    
57458.13677484297    321.4412452839783     45.997271659141916    25    
57458.63677484297    349.0072171602425     45.88993645493458     25    
57459.13677484297    377.551476376913      45.783503416401125    25    
57459.63677484297    406.9090084026315     46.29140634749977     25    
57460.13677484297    437.23844724169123    47.49957631191945     25    
57460.63677484297    467.03129613016944    48.750537635193595    25    
57461.13677484297    496.3742000603697     49.985201803486426    25    
57461.63677484297    523.4403980330015     51.05416955323898     25    
57462.13677484297    548.0131201861852     51.90053762087794     25    
57462.63677484297    568.7568719256873     52.54708331282491     25    
57463.13677484297    584.8364803058194     52.75325565486655     25    
57463.63677484297    596.900560354391      53.34095623790557     25    
57464.13677484297    604.8020527439066     54.993776366407815    25    
57464.63677484297    609.4596192111546     56.88987838310098     25    
57465.13677484297    611.4960823514227     58.92043094909741     25    
57465.63677484297    611.3589740573268     60.250528015221676    25    
57466.13677484297    609.9496213058079     59.625516732169096    25    
57466.63677484297    607.2507644122769     57.365168585750745    25    
57467.13677484297    603.7830166865119     52.228196917230214    25    
57467.63677484297    599.5009655978834     45.3637631043974      25    
57468.13677484297    594.6495769574648     43.254921244704946    25    
57468.63677484297    589.2296888746206     44.49842206150616     25    
57469.13677484297    583.5189519830119     44.763273897041536    25    
57469.63677484297    577.4668501349432     44.646943589279914    25    
57470.13677484297    570.9786037425536     44.407954318705286    25    
57470.63677484297    564.0549182219792     44.051573650918       25    
57471.13677484297    556.3696401386019     44.51000789708102     25    
57471.63677484297    547.9379441402884     45.869045978114386    25    
57472.13677484297    538.4690481004181     46.30878075355625     25    
57472.63677484297    527.9016740532018     45.74144122662125     25    
57473.13677484297    516.4910051253153     43.764036307134106    25    
57473.63677484297    504.17627910924716    39.32441644677495     25    
57474.13677484297    491.4825027549035     36.09135426307767     25    
57474.63677484297    478.46844376162835    36.510504779814426    25    
57475.13677484297    465.5521589058694     37.340020374892525    25    
57475.63677484297    452.88379517479154    37.28145749415518     25    
57476.13677484297    440.7078143543708     37.04607661507336     25    
57476.63677484297    429.198143999607      36.468802535916815    25    
57477.13677484297    418.49445494511355    36.25103921620324     25    
57477.63677484297    408.7723902895196     37.53349127545852     25    
57478.13677484297    400.1269148476004     39.04597819377339     25    
57478.63677484297    392.8418141711911     39.18614892357695     25    
57479.13677484297    386.80031399770803    39.00787077017254     25    
57479.63677484297    381.9941816206077     40.04678399527387     25    
57480.13677484297    378.30866969007866    41.60491499697906     25    
57480.63677484297    375.3776432234921     42.719698025643204    25    
57481.13677484297    373.1956391772848     43.512598383117115    25    
57481.63677484297    371.34820039243135    43.59027724757585     25    
57482.13677484297    369.8727781479131     43.009246602882705    25    
57482.63677484297    368.59464480314693    41.5897976937737      25    
57483.13677484297    367.52280441048043    39.234839605003906    25    
57483.63677484297    366.729339453331      37.91028797328372     25    
57484.13677484297    366.211139525954      37.86460451710993     25    
57484.63677484297    366.03103978022637    38.044861936092445    25    
57485.13677484297    366.21076111182623    38.415078859135406    25    
57485.63677484297    366.65776093613636    38.540771624177694    25    
57486.13677484297    367.4003358173132     38.29282144541926     25    
57486.63677484297    368.21646669612545    37.74636173017008     25    
57487.13677484297    369.07505864653496    36.66492158519936     25    
57487.63677484297    369.8006981387293     35.88948790817139     25    
57488.13677484297    370.29512150062754    36.23894091263902     25    
57488.63677484297    370.53492744069786    36.52576736764094     25    
57489.13677484297    370.43938305602927    35.71766270455294     25    
57489.63677484297    370.08628491049325    34.79096205995944     25    
57490.13677484297    369.51785550008924    34.72858125752787     25    
57490.63677484297    368.76212509502204    34.92515947601037     25    
57491.13677484297    367.8888389434901     34.84229234586818     25    
57491.63677484297    366.8960046327045     34.59150103299215     25    
57492.13677484297    365.83191506773426    34.07577903920478     25    
57492.63677484297    364.6845267424285     33.29789325165791     25    
57493.13677484297    363.44984944296937    32.02598804792438     25    
57493.63677484297    362.1270269728321     30.428988129658666    25    
57494.13677484297    360.71640314883933    30.076558874970015    25    
57494.63677484297    359.21345204698827    30.80731192167046     25    
57495.13677484297    357.5408209714978     31.292853679969365    25    
57495.63677484297    355.70690015558154    31.534342407798917    25    
57496.13677484297    353.50894002208014    33.14530675091042     25    
57496.63677484297    350.95663379923843    36.23092329273537     25    
57497.13677484297    347.8492142748222     38.4058746081029      25    
57497.63677484297    344.1656793671252     39.697445911368675    25    
57498.13677484297    339.84459796914604    39.297147326545264    25    
57498.63677484297    334.8344810108215     36.43984650106366     25    
57499.13677484297    329.2687934892876     32.61359315776604     25    
57499.63677484297    323.16269887000357    27.68014924445885     25    
57500.13677484297    316.6179792768015     23.33970612378443     25    
57500.63677484297    309.6764167539682     22.645312567572827    25    
57501.13677484297    302.41400127947736    23.297676693838063    25    
57501.63677484297    294.8934789569468     23.38420641397437     25    
57502.13677484297    287.16625197001224    23.861806685426192    25    
57502.63677484297    279.3122114780905     25.247348623488232    25    
57503.13677484297    271.36436055434126    26.921722411911922    25    
57503.63677484297    263.422506526171      28.40937605303936     25    
57504.13677484297    255.4983169755143     29.478388336122357    25    
57504.63677484297    247.69449600799365    28.8725128299035      25    
57505.13677484297    240.00761710025552    27.020587982739464    25    
57505.63677484297    232.51316873403795    24.908134253693543    25    
57506.13677484297    225.20902139222983    22.33261658661249     25    
57506.63677484297    218.17384465102393    19.660214601462272    25    
57507.13677484297    211.4024841468201     16.81624855889156     25    
57507.63677484297    204.94753197472542    15.146741270238024    25    
57508.13677484297    198.80992270722814    15.12383487362782     25    
57508.63677484297    192.96434272891622    15.088917120818124    25    
57509.13677484297    187.41283401280336    14.905351097307369    25    
57509.63677484297    182.12622627705272    14.712935060836118    25    
57510.13677484297    177.10408019310609    14.490946463437616    25    
57510.63677484297    172.32043554831102    14.31052348346686     25    
57511.13677484297    167.77251943526844    14.195480781772023    25    
57511.63677484297    163.43712275854062    14.127096635463435    25    
57512.13677484297    159.30830395514036    14.039700194864528    25    
57512.63677484297    155.36644012359204    14.146718099406083    25    
57513.13677484297    151.60158596857235    14.346121490131225    25    
57513.63677484297    147.99849975771903    15.245234182749563    25    
57514.13677484297    144.54251769141408    16.678158397642175    25    
57514.63677484297    141.22314231375302    19.754846418347025    25    
57515.13677484297    138.02125133951637    24.58366447033757     25    