#mB  c  mBmB x1x1 cc mBx1 mBc x1c
16.060838343441397  -0.3  0.0007239400647756932  0.031172118723505015  0.0003487416724600775  -0.001109963520167765  0.0003608047048116142  -0.0004840980255510547
16.061954848592297  0.3  0.0007393436960365543  0.027709253071209135  0.00036656873755486116  -0.001063944972942708  0.00038619418327023484  -0.0004463833536771413
16.566536214887762  0.0  0.0007793773895489453  0.03208790583520483  0.0003719184648068899  -0.0011645021434333635  0.0003944027382697075  -0.0004779056082742671
17.066536214887762  0.0  0.0008967393605669101  0.03902730914849729  0.0004099630505414965  -0.001303055154881626  0.00044680655924498897  -0.0004860410993570541
17.566536214887762  0.0  0.0011745576355419876  0.054255991020031195  0.0005010383189403149  -0.001539014687244382  0.0005726663588112949  -0.0004937441589994624
17.064953441599094  -0.15  0.0009236748052579892  0.04402370939803461  0.00041868789767765806  -0.0013952048540544694  0.00045274894262881707  -0.0005025700231950646
17.0655485772897  0.15  0.0008780718431850539  0.035584974529058705  0.00040580684510596555  -0.0012451494248386225  0.00044415704623304906  -0.00047494899446247157
18.060838343441397  -0.3  0.002381664066497984  0.16308639704553196  0.0009447677223368286  -0.003727200672769498  0.0010749269414502248  -0.000879303907164562
18.0619548485923  0.3  0.001536473579003312  0.056759829395980926  0.0006184601813324392  -0.001473901021934527  0.0007673914305503486  -0.00043456684472435584
