52876.78211517555    99.48379967307122     20.2596896587201      25    
52877.28211517555    117.26284988614289    19.72106172738234     25    
52877.78211517555    136.10367917817914    20.497787018295234    25    
52878.28211517555    155.868578978208      26.041104042262425    25    
52878.78211517555    176.52882479903286    31.89178342404701     25    
52879.28211517555    197.90372843100891    33.691966021072915    25    
52879.78211517555    219.99833510303932    33.3904461798579      25    
52880.28211517555    242.60739681195273    33.413836026987035    25    
52880.78211517555    265.75130865760576    33.56547310605706     25    
52881.28211517555    289.21868268844594    33.67673692013018     25    
52881.78211517555    313.0268440301396     33.74502322149611     25    
52882.28211517555    336.97668462789693    33.79204879261177     25    
52882.78211517555    361.06403978804764    33.805111422726554    25    
52883.28211517555    385.12115079172656    33.85981164494812     25    
52883.78211517555    409.1422534838998     34.24609543282531     25    
52884.28211517555    432.8957063995312     34.20469417080363     25    
52884.78211517555    456.4469004518687     32.508067032028976    25    
52885.28211517555    479.1571064213043     30.51933007076591     25    
52885.78211517555    500.14836614139097    30.777825216942745    25    
52886.28211517555    519.194306409667      32.15745629197212     25    
52886.78211517555    534.6973775603105     32.909180730466566    25    
52887.28211517555    546.7971081332282     33.32985370347707     25    
52887.78211517555    553.9067092737889     33.29177791885749     25    
52888.28211517555    556.0314458995407     32.75783580894207     25    
52888.78211517555    554.6102311116824     32.62600154496798     25    
52889.28211517555    549.3471379316078     33.026807975099175    25    
52889.78211517555    542.6900510031203     33.67393054413891     25    
52890.28211517555    534.8818899072395     34.756249587793185    25    
52890.78211517555    527.5380172226794     35.368612006807865    25    
52891.28211517555    521.9078385323525     35.02126882107885     25    
52891.78211517555    517.5045150927085     33.82765386032691     25    
52892.28211517555    514.6452088711216     30.966147163824534    25    
52892.78211517555    512.7934301330204     27.422861340029808    25    
52893.28211517555    511.0854744421033     26.523941389642186    25    
52893.78211517555    509.51742750606576    27.334035314829638    25    
52894.28211517555    507.0512435382166     27.550774512611536    25    
52894.78211517555    503.8169601982668     27.486923991197376    25    
52895.28211517555    499.63992807168484    27.644752428208413    25    
52895.78211517555    494.49063404907514    28.002837878886865    25    
52896.28211517555    488.70809615195844    28.775481077304192    25    
52896.78211517555    482.29050967978986    30.23362452498517     25    
52897.28211517555    475.4680343442795     31.00827282874933     25    
52897.78211517555    468.3794315840576     30.534444168534822    25    
52898.28211517555    460.87047111849574    29.418366026340983    25    
52898.78211517555    452.96435073918684    27.41895712590835     25    
52899.28211517555    444.45351333134147    25.46682125714172     25    
52899.78211517555    435.0887282177257     25.72881961422969     25    
52900.28211517555    424.8368255304461     26.957731572789115    25    
52900.78211517555    413.31060576952046    27.26314651786428     25    
52901.28211517555    400.64445820265416    27.05778701739633     25    
52901.78211517555    387.1477984985275     26.290871768747255    25    
52902.28211517555    372.78809221808126    24.91287045994036     25    
52902.78211517555    358.46426555165544    24.336868075664313    25    
52903.28211517555    344.1076840366605     24.825389443725967    25    
52903.78211517555    330.52543351967427    25.17509357669827     25    
52904.28211517555    317.8349252299956     25.055789364015286    25    
52904.78211517555    306.2971252825867     25.04653504723116     25    
52905.28211517555    296.09749327739877    25.425777937143803    25    
52905.78211517555    287.18865689573363    25.861698575392584    25    
52906.28211517555    279.6056799454463     26.19194435020236     25    
52906.78211517555    273.3525682245833     26.402182172990972    25    
52907.28211517555    268.50948330193177    26.362755689769205    25    
52907.78211517555    264.98862952740814    26.082594034228627    25    
52908.28211517555    262.6063975762836     25.336756000937097    25    
52908.78211517555    261.3449394326401     24.203626662008926    25    
52909.28211517555    260.6963183452929     23.68247560172818     25    
52909.78211517555    260.7109018055647     23.79566517115101     25    
52910.28211517555    260.88032944572194    23.89394073089677     25    
52910.78211517555    261.1652712286378     23.936317799692443    25    
52911.28211517555    261.50782143789917    23.871956600579367    25    
52911.78211517555    261.79718584236616    23.62725110328433     25    
52912.28211517555    262.31875514814953    23.347746243579       25    
52912.78211517555    263.15311254859654    23.059142468131064    25    
52913.28211517555    264.4418780797658     22.866523299718125    25    
52913.78211517555    266.43234116225966    23.00786664314565     25    
52914.28211517555    269.0138215470966     23.25702260973766     25    
52914.78211517555    272.20837090294594    23.143539272446166    25    
52915.28211517555    275.90624973732304    22.92959110560097     25    
52915.78211517555    279.63840766153993    23.520358161604715    25    
52916.28211517555    283.4439182459925     24.708817078216377    25    
52916.78211517555    286.78932910214       25.348074815885614    25    
52917.28211517555    289.6861695228726     25.489583224167855    25    
52917.78211517555    292.03166383938634    25.057193620222503    25    
52918.28211517555    293.7237974089727     23.733940539218107    25    
52918.78211517555    295.1577361332721     22.75575814515916     25    
52919.28211517555    296.37627350779894    22.861670318784864    25    
52919.78211517555    297.6439590870955     23.267520667282195    25    
52920.28211517555    299.20758065170133    23.706849788987594    25    
52920.78211517555    300.98423477419965    24.027511389469286    25    
52921.28211517555    303.10959166258647    23.633563738616445    25    
52921.78211517555    305.36773118294354    23.011507038246695    25    
52922.28211517555    307.31953670313004    23.239386870993698    25    
52922.78211517555    308.9697048949879     23.996941547380096    25    
52923.28211517555    309.7451777016033     24.681109737379213    25    
52923.78211517555    309.7002425593548     25.348180978499315    25    
52924.28211517555    308.5671074891031     25.289836188168515    25    
52924.78211517555    306.2967082884715     24.4671946958452      25    
52925.28211517555    303.17268815926076    22.77220898311019     25    
52925.78211517555    299.1886641216191     19.395996773237087    25    
52926.28211517555    294.5786968129665     16.291254268424122    25    
52926.78211517555    289.4197913718489     15.738499007450041    25    
52927.28211517555    283.81980937562906    15.980309011908268    25    
52927.78211517555    277.9126451459293     15.573353101648165    25    
52928.28211517555    271.6915502845412     15.305934568672521    25    
52928.78211517555    265.22630431962136    15.781874966102217    25    
52929.28211517555    258.5191635595299     16.671572358720717    25    
52929.78211517555    251.6367959981777     17.591002997492975    25    
52930.28211517555    244.57818173545684    18.51362371222606     25    
52930.78211517555    237.4456294206857     18.584754326895844    25    
52931.28211517555    230.22511376138308    17.827372182875305    25    
52931.78211517555    223.08954658552622    16.838603632106068    25    
52932.28211517555    216.02777774060684    15.605030335370055    25    
52932.78211517555    209.20171526369907    14.236446275691593    25    
52933.28211517555    202.6394705777278     12.628270149927253    25    
52933.78211517555    196.41515399606044    11.262930915523121    25    
52934.28211517555    190.60143263566485    10.855508707651786    25    
52934.78211517555    185.1511770306169     10.820174665970876    25    
52935.28211517555    180.05462642258658    10.567506138390561    25    
52935.78211517555    175.29631804798512    10.30857886228899     25    
52936.28211517555    170.83894312847687    10.064508877926375    25    
52936.78211517555    166.68158142791208    9.843961453299977     25    
52937.28211517555    162.78023777058735    9.71642621239511      25    
52937.78211517555    159.1387403388862     9.674857616050717     25    
52938.28211517555    155.71038057508594    9.674493383879176     25    
52938.78211517555    152.49966500707524    9.713414387039514     25    
52939.28211517555    149.46124176814084    9.807907104359634     25    
52939.78211517555    146.5962256586476     9.927497808319853     25    
52940.28211517555    143.86469157592032    10.209342487952425    25    
52940.78211517555    141.2602925197715     10.415617698600881    25    
52941.28211517555    138.7526002245928     11.396222949496362    25    