@INSTRUMENT MEGACAMPSF
@BAND i
@MAGSYS AB
@WEIGHTMAT weightmat_SNLS_i.dat
@X_FOCAL_PLANE -10.67931
@Y_FOCAL_PLANE -11.73312
#Date : MJD
#Flux : 
#Fluxerr : errors (but look at the weight matrix)
#ZP : 
#end
53094.54  -0.48058536  0.490289428452  26.38671
53109.49  0.49914368  0.736112720757  26.38671
53112.53  0.014647475  0.784350433419  26.38671
53116.5  2.0625491  0.667201745332  26.38671
53117.44  3.4616198  0.901155979782  26.38671
53121.49  9.5192434  0.613617642633  26.38671
53123.42  10.873685  0.579110812859  26.38671
53134.29  22.048482  0.533693924931  26.38671
53138.41  23.526663  0.772859553719  26.38671
53146.43  20.706222  0.774161060961  26.38671
53149.26  18.937017  1.16920113435  26.38671
53151.38  18.479539  0.980835809315  26.38671
53165.34  9.0418462  0.554654127082  26.38671
53169.35  6.1371281  0.611488746528  26.38671
53175.33  7.6646192  0.598301479052  26.38671
53178.31  4.0633626  0.663959344788  26.38671
53182.29  4.2134992  0.57852782107  26.38671
53193.34  2.9420595  0.513807450937  26.38671
53197.29  2.0434199  0.534687955776  26.38671
53198.26  11.105495  5.93565713265  26.38671
53202.29  3.0894877  0.531329170695  26.38671
53226.27  1.2026901  0.656898765051  26.38671
53227.26  1.0821642  0.527033236005  26.38671
53386.61  -0.73951531  0.414597118711  26.38671
53390.6  -0.42971999  0.78775410016  26.38671
53409.63  0.46342376  0.438470882501  26.38671
53415.55  0.41111309  0.634812268039  26.38671
53419.6  0.32939208  0.53512726443  26.38671
53440.53  1.0546061  0.734020190357  26.38671
