54421.91377927164    17.13735945766856       10.82350098485627      25    
54422.41377927164    20.65506297963018       11.42669335113875      25    
54422.91377927164    24.52224422491072       12.13939697727421      25    
54423.41377927164    28.747361729843224      13.223038401515286     25    
54423.91377927164    33.331257721656215      14.388935351311716     25    
54424.41377927164    38.28517355760904       15.105646236729996     25    
54424.91377927164    43.607988910904695      15.526318335610732     25    
54425.41377927164    49.31208742592737       15.866312011768379     25    
54425.91377927164    55.39602675565588       16.13460825229728      25    
54426.41377927164    61.871692297797914      16.285016122765445     25    
54426.91377927164    68.73896021890953       16.3098823834327       25    
54427.41377927164    76.00757713622033       16.23385302177204      25    
54427.91377927164    83.68037826366513       16.037023731196733     25    
54428.41377927164    91.76348222673957       15.790431559995955     25    
54428.91377927164    100.28803355101228      15.626476851874202     25    
54429.41377927164    109.2087040507493       15.427848419689902     25    
54429.91377927164    118.56312080070151      14.820595902796363     25    
54430.41377927164    128.2280789762331       13.986940130422047     25    
54430.91377927164    137.39860974483858      14.197898270279492     25    
54431.41377927164    146.18894954316337      15.378370609494073     25    
54431.91377927164    153.44469510006957      16.349563839904533     25    
54432.41377927164    159.20217138395782      17.08282914627036      25    
54432.91377927164    162.66843304942515      17.466377438804827     25    
54433.41377927164    163.3038969086191       17.254397382649223     25    
54433.91377927164    161.84707293403778      17.013283216136287     25    
54434.41377927164    158.39474377185493      17.213855512239032     25    
54434.91377927164    153.54401983923913      17.599613902326826     25    
54435.41377927164    148.35270110405887      18.18291965111976      25    
54435.91377927164    142.81481571952983      18.76148079264327      25    
54436.41377927164    138.25892328011744      18.389321548997604     25    
54436.91377927164    134.50658045270401      17.156642535194546     25    
54437.41377927164    131.49333285028203      15.856795806625506     25    
54437.91377927164    129.32137896598672      14.386159766126545     25    
54438.41377927164    127.2512319009619       13.573901989172121     25    
54438.91377927164    125.24746637745841      14.089214495870358     25    
54439.41377927164    122.84839012743794      14.653483706508696     25    
54439.91377927164    119.68596870903016      14.586279142106495     25    
54440.41377927164    115.92888529744639      14.305992593419155     25    
54440.91377927164    111.5009231396184       13.84707910712741      25    
54441.41377927164    106.55211609702245      13.366725438151564     25    
54441.91377927164    101.4410934893933       13.639068937536528     25    
54442.41377927164    96.13676851450211       14.401641435670063     25    
54442.91377927164    91.04311826265915       14.521288541066479     25    
54443.41377927164    86.13757777130905       14.021859409014901     25    
54443.91377927164    81.49325968634474       13.299298239427086     25    
54444.41377927164    77.1490006631525        12.224029061415074     25    
54444.91377927164    72.99544332201799       11.415829972202186     25    
54445.41377927164    69.01539868394649       11.466586289328973     25    
54445.91377927164    65.15827745186837       11.715073681570262     25    
54446.41377927164    61.35881494977386       11.660252594016043     25    
54446.91377927164    57.63542880729667       11.534443701072115     25    
54447.41377927164    53.9668618518489        11.357994400643312     25    
54447.91377927164    50.366232071403935      11.219794013893534     25    
54448.41377927164    46.878264741550495      11.800965511174429     25    
54448.91377927164    43.497704227282455      12.956327928995046     25    
54449.41377927164    40.27040324792499       13.640978018463437     25    
54449.91377927164    37.19704340714274       13.86127934692531      25    
54450.41377927164    34.29136959434939       13.727947062055195     25    
54450.91377927164    31.560584181632027      12.98666009160006      25    
54451.41377927164    28.998385757359273      12.402567796056013     25    
54451.91377927164    26.603915818394892      12.870679103521871     25    
54452.41377927164    24.37573142210869       13.495854575710364     25    
54452.91377927164    22.311671300875588      13.437051986437684     25    
54453.41377927164    20.410979650395156      12.940243052212614     25    
54453.91377927164    18.669022671620375      11.794161395710248     25    
54454.41377927164    17.08617844114725       9.876436834995673      25    
54454.91377927164    15.65557057620148       8.481225154794599      25    
54455.41377927164    14.378118957757552      7.954484359695793      25    
54455.91377927164    13.246805013468371      7.7679156477253875     25    
54456.41377927164    12.268037922680264      7.964193450003441      25    
54456.91377927164    11.410435124799367      8.076520037015591      25    
54457.41377927164    10.673400280410208      7.708560410002487      25    
54457.91377927164    10.02017131942781       7.259178760142833      25    
54458.41377927164    9.414888150182476       7.098109786238185      25    
54458.91377927164    8.847780884675197       7.070780691910066      25    
54459.41377927164    8.259754227265041       7.118954054042821      25    
54459.91377927164    7.6606455032831535      7.1959472627282715     25    
54460.41377927164    7.026209364199979       6.752070943305408      25    
54460.91377927164    6.356580490375197       5.666714398992029      25    
54461.41377927164    5.682597970492143       4.828628025017967      25    
54461.91377927164    5.002047134759024       4.572085628087978      25    
54462.41377927164    4.3408349355624         4.340834935573918      25    
54462.91377927164    3.705597049098951       3.7055970491124444     25    
54463.41377927164    3.10564527148205        3.1056452714981497     25    
54463.91377927164    2.5528984829888697      2.5528984830084553     25    
54464.41377927164    2.045014919323497       2.0450149193479468     25    
54464.91377927164    1.5860964613890245      1.5860964614205484     25    
54465.41377927164    1.1759247583005132      1.175924758343033      25    
54465.91377927164    0.8194342546881817      0.8194342547491994     25    
54466.41377927164    0.5159290243883139      0.5159290244852265     25    
54466.91377927164    0.2603049743241076      0.26030497451618995    25    
54467.41377927164    0.05524448826190165     0.05524448916696931    25    
54467.91377927164    -0.1189551216954869     0.11895512211581348    25    
54468.41377927164    -0.2627597133467688     0.2627597135370567     25    
54468.91377927164    -0.39107378382729846    0.3910737839551516     25    
54469.41377927164    -0.5125532059630524     0.5125532060606033     25    
54469.91377927164    -0.6297167880819333     0.6297167881613341     25    
54470.41377927164    -0.7530727957457237     0.7530727958121184     25    
54470.91377927164    -0.8783513375626847     0.8783513376196095     25    
54471.41377927164    -1.0028651947589937     1.002865194808851      25    
54471.91377927164    -1.1266907839961724     1.1266907840405502     25    
54472.41377927164    -1.2451867391245894     1.245186739164744      25    
54472.91377927164    -1.3587469852260463     1.3587469852628449     25    
54473.41377927164    -1.4646540616783439     1.4646540617124817     25    
54473.91377927164    -1.5623176543425084     1.562317654374512      25    
54474.41377927164    -1.6523815053416102     1.6523815053718696     25    
54474.91377927164    -1.7347847542069244     1.7347847542357464     25    
54475.41377927164    -1.8098825738536772     1.8098825738813034     25    
54475.91377927164    -1.8777983211059128     1.8777983211325397     25    
54476.41377927164    -1.9389325361782899     1.9389325362040772     25    
54476.91377927164    -1.993970656350489      1.9939706563755646     25    
54477.41377927164    -2.0431595302566565     2.0431595302811285     25    
54477.91377927164    -2.0888650639433677     2.088865063967304      25    
54478.41377927164    -2.130795968277936      2.1307959683014013     25    
54478.91377927164    -2.171584139199951      2.1715841392229756     25    
54479.41377927164    -2.2111533500669305     2.211153350089543      25    
54479.91377927164    -2.251051806771923      2.251051806794135      25    
54480.41377927164    -2.291925015764199      2.2919250157860147     25    
54480.91377927164    -2.3333881315547633     2.3333881315761915     25    
54481.41377927164    -2.3755055386218302     2.3755055386428783     25    
54481.91377927164    -2.4181117195796897     2.418111719600367      25    
54482.41377927164    -2.4610076822438316     2.4610076822641487     25    
54482.91377927164    -2.5041788200097232     2.50417882002969       25    
54483.41377927164    -2.5473654555425935     2.547365455562222      25    
54483.91377927164    -2.590594978417139      2.5905949784364397     25    
54484.41377927164    -2.6335844285264045     2.6335844285453898     25    
54484.91377927164    -2.6763657648102277     2.6763657648289096     25    
54485.41377927164    -2.7186701712035592     2.7186701712219508     25    
54485.91377927164    -2.7604967491972814     2.760496749215394      25    
54486.41377927164    -2.801628253582349      2.8016282536001955     25    
54486.91377927164    -2.841993501586595      2.841993501604188      25    
54487.41377927164    -2.881459898465474      2.8814598984828264     25    
54487.91377927164    -2.9198615919864577     2.9198615920035818     25    