#mB  c  mBmB x1x1 cc mBx1 mBc x1c
17.939383324388917  -0.3  0.003338927605314677  0.9247873639903612  0.0006647585637937523  0.02832300042484383  0.00018366049836087065  0.0013999021385378016
17.94129123757906  0.3  0.0034934332592198324  0.9903862176554677  0.0009961921889937277  0.031771533960090005  0.0006926537649280021  0.01037095590718114
18.445525423971617  0.0  0.0037383507557968323  1.07182223930353  0.0009073487670428646  0.03324575101100175  0.0004922295863984635  0.006716785351796127
18.945525423971617  0.0  0.004850246810874809  1.4042200751127183  0.0012073000471281283  0.045430221979619906  0.0007510029268579382  0.01061319965617946
19.44552542397162  0.0  0.007420290717980816  2.094826223457839  0.0018411027351202514  0.07102714260140557  0.001336367653269104  0.019283353718717054
18.943732482146917  -0.15  0.004844444549138472  1.4077839596053539  0.0010323034104373005  0.0440835337405659  0.00038008227749913956  0.004095251986948862
18.944723667040897  0.15  0.005044215895176601  1.4216691801456234  0.0014510841424020887  0.048951106983280285  0.0011654594896148545  0.017321768220535563
19.939383324388917  -0.3  0.014146166207578425  3.497605535283234  0.002415500933442814  0.11692429080513532  -0.0001579856485056513  -0.010752218527937821
19.94129123757906  0.3  0.013327232455596093  2.9771023321010364  0.003876019563156522  0.12483241553671659  0.004515290166673064  0.05741202315907512
