54408.252433878784    9.97829232464523      1.7105383449358518     25    
54408.752433878784    11.70577734009108     1.7131600720567792     25    
54409.252433878784    13.548271390023299    1.7201126788311607     25    
54409.752433878784    15.496062422435482    1.7474612504436724     25    
54410.252433878784    17.55016967975        1.787113607311043      25    
54410.752433878784    19.697863535061902    1.8094607245930656     25    
54411.252433878784    21.94130234783954     1.814411132505162      25    
54411.752433878784    24.268495831984534    1.8173886548100946     25    
54412.252433878784    26.67898454830607     1.822190601490455      25    
54412.752433878784    29.16512896892284     1.8261849751444188     25    
54413.252433878784    31.720531435163743    1.8290781361260815     25    
54413.752433878784    34.343690526747515    1.83121249262822       25    
54414.252433878784    37.02325816242672     1.8329316446234303     25    
54414.752433878784    39.76115027305831     1.8342239635256605     25    
54415.252433878784    42.54494815948632     1.8345398779961355     25    
54415.752433878784    45.37840782807599     1.8206336968233252     25    
54416.252433878784    48.24097055434139     1.8540724338607566     25    
54416.752433878784    51.14759955921901     1.9915640160876376     25    
54417.252433878784    54.04311331464212     2.1348244344126046     25    
54417.752433878784    56.87087232286503     2.191227301952547      25    
54418.252433878784    59.62591930083094     2.20395090011262       25    
54418.752433878784    62.188648099068736    2.219182273714332      25    
54419.252433878784    64.57864820435486     2.2333390896790704     25    
54419.752433878784    66.6942464556501      2.2408614404282194     25    
54420.252433878784    68.50093555521089     2.236727024416386      25    
54420.752433878784    70.05302892619692     2.2365952903719872     25    
54421.252433878784    71.34947538269164     2.2535867600880457     25    
54421.752433878784    72.43179488190515     2.278990547274031      25    
54422.252433878784    73.38999528916916     2.30961015396803       25    
54422.752433878784    74.21030835736943     2.3441669260617246     25    
54423.252433878784    74.99490773976895     2.3583753064746182     25    
54423.752433878784    75.74821954225332     2.3610579255043196     25    
54424.252433878784    76.44451555364655     2.3008004178442656     25    
54424.752433878784    77.09884209524259     2.100195506478877      25    
54425.252433878784    77.66131528083612     1.8811483677320466     25    
54425.752433878784    78.08877480332835     1.835560432037287      25    
54426.252433878784    78.38029171736203     1.8830965605682657     25    
54426.752433878784    78.46697803990406     1.894531492551851      25    
54427.252433878784    78.35750865168164     1.8871536998505447     25    
54427.752433878784    78.07602594687089     1.879421281850803      25    
54428.252433878784    77.60877375208446     1.8694825049342776     25    
54428.752433878784    77.01781037501705     1.868666575965614      25    
54429.252433878784    76.3240547125163      1.8930178942849165     25    
54429.752433878784    75.54766643156884     1.9202746464772542     25    
54430.252433878784    74.7470963988702      1.9269770915946012     25    
54430.752433878784    73.90824410366864     1.9162771856001597     25    
54431.252433878784    73.04548316659105     1.8510830616317864     25    
54431.752433878784    72.16108409209859     1.7128363790607473     25    
54432.252433878784    71.23038646060512     1.611814631209875      25    
54432.752433878784    70.25259631605027     1.609141582993992      25    
54433.252433878784    69.21494987838254     1.6301471895706199     25    
54433.752433878784    68.10197198179556     1.6271713627066742     25    
54434.252433878784    66.9201459723618      1.6193704475532564     25    
54434.752433878784    65.66826734622825     1.6053080573343659     25    
54435.252433878784    64.34688090083392     1.5854716832285194     25    
54435.752433878784    62.97485215737029     1.5819353662692992     25    
54436.252433878784    61.54967189300396     1.6015477869268846     25    
54436.752433878784    60.08738793604654     1.6165100462351532     25    
54437.252433878784    58.588367603154225    1.626308070104637      25    
54437.752433878784    57.067996210776194    1.6112881691116385     25    
54438.252433878784    55.54413209149874     1.5160920806115823     25    
54438.752433878784    54.018741106344876    1.3666585851590212     25    
54439.252433878784    52.52957659515472     1.2915431406929223     25    
54439.752433878784    51.06994716866371     1.2960770208230425     25    
54440.252433878784    49.67746265724476     1.302002564250679      25    
54440.752433878784    48.35750568478142     1.2969281211850372     25    
54441.252433878784    47.11312000667649     1.2871470508927283     25    
54441.752433878784    45.95499015239037     1.2639189052257795     25    
54442.252433878784    44.87301634203245     1.2378182230463006     25    
54442.752433878784    43.85617152704985     1.2291822286957208     25    
54443.252433878784    42.90588646629615     1.2327053685920837     25    
54443.752433878784    42.00728824514863     1.233702361182709      25    
54444.252433878784    41.16215579668368     1.2323187298833342     25    
54444.752433878784    40.360395242055695    1.2283345388336273     25    
54445.252433878784    39.60004366150983     1.223296766642332      25    
54445.752433878784    38.8773748702767      1.2115697312006795     25    
54446.252433878784    38.1875989195053      1.1804200730809065     25    
54446.752433878784    37.53026206548708     1.1407492731845104     25    
54447.252433878784    36.89786220962056     1.1264895938241006     25    
54447.752433878784    36.291771911171054    1.1345076741279396     25    
54448.252433878784    35.7026483137524      1.1348385923127426     25    
54448.752433878784    35.13166441552115     1.1191375972796862     25    
54449.252433878784    34.5703449148353      1.1105409886750064     25    
54449.752433878784    34.0157991031063      1.1262123443165373     25    
54450.252433878784    33.4645639741897      1.1475303227534057     25    
54450.752433878784    32.90735131143917     1.1562284815017418     25    
54451.252433878784    32.346588855852715    1.1569042695831606     25    
54451.752433878784    31.780457393867184    1.1442662536764512     25    
54452.252433878784    31.207649610254208    1.117728494810666      25    
54452.752433878784    30.64019203232904     1.0799113766581716     25    
54453.252433878784    30.07806399324836     1.0199623360127341     25    
54453.752433878784    29.528865904742677    0.9672336512142424     25    
54454.252433878784    29.00090291145851     0.9630216350420646     25    
54454.752433878784    28.491019713664222    0.9786156110297888     25    
54455.252433878784    28.002004313817007    0.9667865971518473     25    
54455.752433878784    27.532889280963186    0.9365824717886913     25    
54456.252433878784    27.0662852744644      0.9207194465934104     25    
54456.752433878784    26.604633014251032    0.9237555235321009     25    
54457.252433878784    26.132684448262815    0.9326260858430727     25    
54457.752433878784    25.64410286455881     0.9477791540275305     25    
54458.252433878784    25.13924927874769     0.959998632920804      25    
54458.752433878784    24.610483896418145    0.9583989346337836     25    
54459.252433878784    24.06321485484071     0.9437277925739099     25    
54459.752433878784    23.51131925368794     0.8942418467601493     25    
54460.252433878784    22.952195891535137    0.8007382882934576     25    
54460.752433878784    22.402037348183445    0.7346936658367599     25    
54461.252433878784    21.86177849784179     0.733081080572324      25    
54461.752433878784    21.33689955558799     0.740531930153384      25    
54462.252433878784    20.834087661705876    0.7207070489679039     25    
54462.752433878784    20.349021364075593    0.697474350387785      25    
54463.252433878784    19.879261928979062    0.6929156577772091     25    
54463.752433878784    19.42498446590585     0.7016113578335044     25    
54464.252433878784    18.98125418944686     0.7160989142827853     25    
54464.752433878784    18.548435089567402    0.7394481790959969     25    
54465.252433878784    18.124680653262292    0.7501410903453674     25    
54465.752433878784    17.708360050336513    0.7376001124122175     25    
54466.252433878784    17.30213004407998     0.7153423860031747     25    
54466.752433878784    16.907401953440328    0.6958274055434328     25    
54467.252433878784    16.524604857130424    0.6702338502142215     25    
54467.752433878784    16.15707304036831     0.6148353263757499     25    
54468.252433878784    15.804254177376427    0.5229072036558561     25    
54468.752433878784    15.468257338330242    0.45935421621493294    25    
54469.252433878784    15.149643017921987    0.4573916321435745     25    
54469.752433878784    14.846892582518098    0.46575037321252644    25    
54470.252433878784    14.55982547045719     0.4594304832957085     25    
54470.752433878784    14.287704756835662    0.4516908420825313     25    
54471.252433878784    14.029282804497809    0.4442125743733082     25    
54471.752433878784    13.78465578843982     0.43692049278068806    25    
54472.252433878784    13.552120646613636    0.43293264320925884    25    
54472.752433878784    13.331976308083204    0.43223951864837173    25    
54473.252433878784    13.122570801207589    0.4334673324351374     25    
54473.752433878784    12.923898120168696    0.4296108422766929     25    
54474.252433878784    12.73485384471487     0.44158443141957643    25    
54474.752433878784    12.554653029099166    0.494246546213136      25    
54475.252433878784    12.38302161480515     0.554567613985705      25    
54475.752433878784    12.218472839277535    0.5795178300404017     25    
54476.252433878784    12.061243266107336    0.5834866382966862     25    
54476.752433878784    11.909589355106682    0.6089834405575117     25    