58578.18695409226    417.51218322756637    42.09069947940722     25    
58578.68695409226    499.85609159494635    42.97008692930585     25    
58579.18695409226    588.6131479911709     43.263834711654795    25    
58579.68695409226    683.5029501966311     41.20914111729728     25    
58580.18695409226    784.3406144205309     38.74402255325093     25    
58580.68695409226    890.8010526229996     38.817735004926206    25    
58581.18695409226    1002.7416081181851    39.87026852318497     25    
58581.68695409226    1119.7974244765878    40.44929124259896     25    
58582.18695409226    1241.8631546866716    40.950353271979374    25    
58582.68695409226    1368.5390913599374    41.364046063456975    25    
58583.18695409226    1499.7522797285292    41.722112399066006    25    
58583.68695409226    1635.073078875586     42.0505384375026      25    
58584.18695409226    1774.456008846295     42.39612241161203     25    
58584.68695409226    1917.5652657611229    42.33446584707803     25    
58585.18695409226    2064.2011557323813    42.742555837492944    25    
58585.68695409226    2213.890047932376     48.44403655981681     25    
58586.18695409226    2365.764125416875     56.56397899040042     25    
58586.68695409226    2513.7536067018787    60.45942808959234     25    
58587.18695409226    2657.7317739068344    61.71558968688079     25    
58587.68695409226    2789.145782937518     62.91587186903214     25    
58588.18695409226    2908.2999428553712    63.92086047115535     25    
58588.68695409226    3007.2102101862747    64.3752175499317      25    
58589.18695409226    3086.010481350691     64.26706492645265     25    
58589.68695409226    3147.3881778342034    64.88149967607721     25    
58590.18695409226    3190.987608711668     66.25368352987334     25    
58590.68695409226    3223.8477788468213    67.8526438473641      25    
58591.18695409226    3245.9153794323106    69.7833211606297      25    
58591.68695409226    3263.233207804266     70.48066818234727     25    
58592.18695409226    3276.6814359720984    69.80492560941009     25    
58592.68695409226    3286.0058769048715    67.38817812562436     25    
58593.18695409226    3291.7768580109855    62.11421384589865     25    
58593.68695409226    3291.2459556941435    58.73847336959801     25    
58594.18695409226    3284.1471764621247    59.78300018227395     25    
58594.68695409226    3268.555507114401     60.75324774507165     25    
58595.18695409226    3243.3932309280963    60.2203905500059      25    
58595.68695409226    3210.0866064557513    59.46976304854961     25    
58596.18695409226    3168.3432544874995    58.564046408889425    25    
58596.68695409226    3120.751447439427     58.225032620936304    25    
58597.18695409226    3068.1454980225803    59.41198654412694     25    
58597.68695409226    3012.3673147478194    60.30872610970275     25    
58598.18695409226    2954.927595742828     59.77462837006106     25    
58598.68695409226    2895.867764334271     58.41887887926169     25    
58599.18695409226    2835.914535855333     55.82775671522695     25    
58599.68695409226    2774.5356196626417    53.39212162045015     25    
58600.18695409226    2711.499533578257     53.38875378266496     25    
58600.68695409226    2646.64919786387      54.062130944481176    25    
58601.18695409226    2579.6146051124715    53.75878279355625     25    
58601.68695409226    2510.536406245251     53.048589559713406    25    
58602.18695409226    2439.379530230059     51.78702338303781     25    
58602.68695409226    2366.3260943524215    50.51590944150474     25    
58603.18695409226    2291.691753746147     50.82103729581246     25    
58603.68695409226    2215.553818163446     51.775752226074566    25    
58604.18695409226    2138.205365275353     51.988884156229055    25    
58604.68695409226    2059.8358495370417    51.455723222913036    25    
58605.18695409226    1981.191019950133     48.36212289395887     25    
58605.68695409226    1902.4128431279864    43.457240186907136    25    
58606.18695409226    1824.704508115464     41.58763291913446     25    
58606.68695409226    1748.0824342172486    42.02721064745798     25    
58607.18695409226    1673.840615674109     41.90252669035146     25    
58607.68695409226    1601.8873208227294    41.47494094355865     25    
58608.18695409226    1532.8240495096932    40.3348429175144      25    
58608.68695409226    1466.6003021647123    38.5176747198141      25    
58609.18695409226    1403.1122429540371    37.66402123318522     25    
58609.68695409226    1342.3620899091384    37.79834174587674     25    
58610.18695409226    1284.2675727550416    37.79582900635763     25    
58610.68695409226    1228.8378347018113    37.646986305584896    25    
58611.18695409226    1175.8717988106755    37.14352687679773     25    
58611.68695409226    1125.3857686995505    36.19189068359533     25    
58612.18695409226    1077.05776598014      35.44477850811542     25    
58612.68695409226    1030.8873715884877    34.99510042124971     25    
58613.18695409226    986.5674129981971     34.836737998723144    25    
58613.68695409226    944.045673114196      35.11503493730315     25    
58614.18695409226    903.2748343003782     34.966935039222435    25    
58614.68695409226    864.1906459567167     33.90970189469948     25    
58615.18695409226    827.0071880948782     33.356453484079964    25    
58615.68695409226    791.7464156032661     34.020733177218695    25    
58616.18695409226    758.5770361955753     34.60367434650918     25    
58616.68695409226    727.6143083631092     34.737919750043694    25    
58617.18695409226    698.7167167065701     34.35984101012214     25    
58617.68695409226    671.9642469987939     33.09658254547155     25    
58618.18695409226    646.9176300853491     31.64180388840736     25    
58618.68695409226    623.4087959565278     30.313353308834756    25    
58619.18695409226    601.1135169208374     29.451902576766077    25    
58619.68695409226    579.7336485394125     29.96731176658443     25    
58620.18695409226    559.1947270804516     30.46243016134346     25    
58620.68695409226    539.2542189533322     29.32586822837761     25    
58621.18695409226    520.0553657655386     27.875867584628406    25    
58621.68695409226    501.65642210625623    27.51029462173921     25    
58622.18695409226    484.10767791744917    27.67064991862447     25    
58622.68695409226    467.5266613804439     28.243441876791135    25    
58623.18695409226    451.89330345896457    28.840808785593282    25    
58623.68695409226    437.2657961882345     28.62528500097921     25    
58624.18695409226    423.5763867913766     27.71734423282841     25    
58624.68695409226    410.70501509499917    25.396839500914634    25    
58625.18695409226    398.6305059672342     22.159200018363777    25    
58625.68695409226    387.20251197364104    21.016535678177977    25    
58626.18695409226    376.42301550815716    21.298254833657012    25    
58626.68695409226    366.1723481075764     20.80481913923733     25    
58627.18695409226    356.4640818149726     19.986496130238027    25    
58627.68695409226    347.2680074332557     20.00512902503127     25    
58628.18695409226    338.58552544453335    20.688623512014452    25    
58628.68695409226    330.39403029996316    21.571398134689574    25    
58629.18695409226    322.6933821179392     22.60593960173986     25    
58629.68695409226    315.44819519413386    22.693523580113318    25    
58630.18695409226    308.6596152589901     21.88869837878928     25    
58630.68695409226    302.26233825761886    21.00919485072659     25    
58631.18695409226    296.2586927228656     20.070342501934213    25    
58631.68695409226    290.58130109345507    18.460675870840532    25    
58632.18695409226    285.2306860172177     15.773944729530838    25    
58632.68695409226    280.1523938105868     14.05832595764814     25    
58633.18695409226    275.3429055021491     14.177823337850807    25    
58633.68695409226    270.7784801946451     14.22007948380719     25    
58634.18695409226    266.4576853138869     13.847371679124576    25    
58634.68695409226    262.35854877098444    13.45637561144523     25    
58635.18695409226    258.4794684796036     13.063333209639373    25    
58635.68695409226    254.79896025772825    12.796590600504784    25    
58636.18695409226    251.31421533297578    12.73038343662459     25    
58636.68695409226    248.00507535640443    12.764956139701686    25    
58637.18695409226    244.86728657553112    12.687121803504864    25    
58637.68695409226    241.8822547685412     13.230032475325592    25    
58638.18695409226    239.04404290879714    14.957638185585985    25    
58638.68695409226    236.33585919566585    16.473388588279388    25    
58639.18695409226    233.7498450343016     16.755249021453487    25    
58639.68695409226    231.27124933930634    17.703900126064738    25    