#Date  :
#Flux  :
#Fluxerr  :
#ZP  :
#end  :
@INSTRUMENT  PS
@BAND  PS_z
@MAGSYS  AB
55268.6015625  -2.072000026702881  27.55699920654297  27.5198
55274.6015625  -29.948999404907227  40.36399841308594  27.5198
55280.3984375  -26.674999237060547  18.320999145507812  27.5198
55298.6015625  10.52299976348877  16.610000610351562  27.5198
55304.3984375  14.633999824523926  19.770000457763672  27.5198
55322.5  24.093000411987305  23.042999267578125  27.5198
55325.3984375  -28.445999145507812  24.393999099731445  27.5198
55331.5  12.460000038146973  21.208999633789062  27.5198
55334.3984375  -1.6299999952316284  14.647000312805176  27.5198
55337.5  30.038000106811523  19.655000686645508  27.5198
55340.3984375  46.0  44.83300018310547  27.5198
55352.3984375  -26.820999145507812  18.459999084472656  27.5198
55355.3984375  26.9689998626709  16.999000549316406  27.5198
55361.30078125  -2.424999952316284  15.279999732971191  27.5198
55364.30078125  7.541999816894531  12.1899995803833  27.5198
55367.30078125  6.61899995803833  19.899999618530273  27.5198
55376.3984375  -24.388999938964844  15.20199966430664  27.5198
55388.30078125  3.3489999771118164  16.400999069213867  27.5198
55406.30078125  -6.443999767303467  15.375  27.5198
55595.6015625  -6.989999771118164  13.024999618530273  27.5198
55613.5  -0.05400000140070915  21.187000274658203  27.5198
55631.6015625  14.618000030517578  14.609000205993652  27.5198
55634.6015625  -10.949999809265137  15.96399974822998  27.5198
55646.6015625  -29.277000427246094  38.316001892089844  27.5198
55649.6015625  6.525000095367432  16.881999969482422  27.5198
55664.5  -4.4019999504089355  12.331000328063965  27.5198
55673.3984375  -4.446000099182129  19.031999588012695  27.5198
55676.5  -65.63999938964844  28.606000900268555  27.5198
55703.30078125  25.165000915527344  23.040000915527344  27.5198
55718.30078125  -11.076000213623047  13.944999694824219  27.5198
55736.3984375  -15.213000297546387  16.09600067138672  27.5198
55739.30078125  39.007999420166016  19.375999450683594  27.5198
55742.30078125  8.491999626159668  10.6850004196167  27.5198
55745.30078125  12.890000343322754  17.447999954223633  27.5198
55748.30078125  -16.83300018310547  12.751999855041504  27.5198
55751.30078125  48.65800094604492  25.23699951171875  27.5198
55754.30078125  -0.18799999356269836  16.691999435424805  27.5198
55967.6015625  23.170000076293945  17.138999938964844  27.5198
55969.69921875  -5.209000110626221  14.088000297546387  27.5198
55972.6015625  -44.887001037597656  23.3700008392334  27.5198
55983.6015625  -35.361000061035156  24.450000762939453  27.5198
55988.6015625  24.854999542236328  17.461999893188477  27.5198
55997.6015625  4.14900016784668  13.656000137329102  27.5198
55999.5  -14.28600025177002  14.819999694824219  27.5198
56002.6015625  -8.454999923706055  15.019000053405762  27.5198
56013.6015625  23.660999298095703  20.643999099731445  27.5198
56016.5  -2.38100004196167  19.0939998626709  27.5198
56018.5  -8.00100040435791  17.469999313354492  27.5198
56026.5  -22.594999313354492  21.16900062561035  27.5198
56028.5  8.612000465393066  18.138999938964844  27.5198
56031.5  -10.913999557495117  11.609000205993652  27.5198
56037.5  4.8460001945495605  14.130999565124512  27.5198
56042.5  22.422000885009766  17.429000854492188  27.5198
56045.5  -42.16899871826172  33.1510009765625  27.5198
56049.5  17.086999893188477  26.36400032043457  27.5198
56056.5  -7.873000144958496  15.376999855041504  27.5198
56058.30078125  -6.0320000648498535  27.197999954223633  27.5198
56061.5  -2.0869998931884766  14.880000114440918  27.5198
56064.3984375  25.482999801635742  23.77199935913086  27.5198
56067.3984375  -4.941999912261963  15.295000076293945  27.5198
56072.30078125  7.210000038146973  25.527999877929688  27.5198
56085.3984375  -3.5989999771118164  21.325000762939453  27.5198
56090.30078125  27.19099998474121  15.92199993133545  27.5198
56093.30078125  9.251999855041504  14.491999626159668  27.5198
56108.30078125  -17.948999404907227  13.767999649047852  27.5198
56383.6015625  -0.8379999995231628  16.003000259399414  27.5198
56386.6015625  5.060999870300293  15.597000122070312  27.5198
56389.5  -12.699000358581543  15.687000274658203  27.5198
56392.5  33.72800064086914  22.21500015258789  27.5198
56397.3984375  0.1809999942779541  22.018999099731445  27.5198
56400.6015625  56.1870002746582  32.861000061035156  27.5198
56402.6015625  -4.017000198364258  16.215999603271484  27.5198
56404.5  9.958999633789062  16.923999786376953  27.5198
56410.3984375  16.18899917602539  20.593000411987305  27.5198
56412.5  17.035999298095703  16.110000610351562  27.5198
56415.5  64.3239974975586  16.459999084472656  27.5198
56421.5  83.9219970703125  18.636999130249023  27.5198
56429.30078125  102.66799926757812  22.062000274658203  27.5198
56437.3984375  98.35900115966797  110.51000213623047  27.5198
56442.5  109.9280014038086  19.479000091552734  27.5198
56451.3984375  102.06500244140625  19.170000076293945  27.5198
56453.30078125  125.5260009765625  46.893001556396484  27.5198
56456.30078125  79.84100341796875  24.386999130249023  27.5198
56459.30078125  49.029998779296875  18.371000289916992  27.5198
56461.30078125  67.53299713134766  17.636999130249023  27.5198
56463.30078125  54.45600128173828  15.680999755859375  27.5198
56466.30078125  51.7869987487793  23.009000778198242  27.5198
56469.30078125  39.07600021362305  17.201000213623047  27.5198
56471.30078125  38.382999420166016  14.020999908447266  27.5198
56474.30078125  26.850000381469727  15.954999923706055  27.5198
56477.30078125  41.7599983215332  12.289999961853027  27.5198
56480.30078125  50.154998779296875  20.520000457763672  27.5198
56482.30078125  46.345001220703125  14.173999786376953  27.5198
56485.30078125  39.48899841308594  19.8799991607666  27.5198
56488.30078125  34.57899856567383  14.909000396728516  27.5198
56490.30078125  26.35300064086914  13.642000198364258  27.5198
56492.30078125  37.11199951171875  14.472000122070312  27.5198
56511.30078125  36.52199935913086  14.263999938964844  27.5198
