53374.72180814644    0.0                      1e-05                   25    
53375.22180814644    0.0                      1e-05                   25    
53375.72180814644    0.0                      1e-05                   25    
53376.22180814644    0.0                      1e-05                   25    
53376.72180814644    0.0                      1e-05                   25    
53377.22180814644    0.0                      1e-05                   25    
53377.72180814644    0.0                      1e-05                   25    
53378.22180814644    0.0                      1e-05                   25    
53378.72180814644    0.0                      1e-05                   25    
53379.22180814644    0.0                      1e-05                   25    
53379.72180814644    0.0                      1e-05                   25    
53380.22180814644    0.0                      1e-05                   25    
53380.72180814644    0.0                      1e-05                   25    
53381.22180814644    0.0                      1e-05                   25    
53381.72180814644    0.0                      1e-05                   25    
53382.22180814644    0.0                      1e-05                   25    
53382.72180814644    0.0                      1e-05                   25    
53383.22180814644    0.0                      1e-05                   25    
53383.72180814644    0.0                      1e-05                   25    
53384.22180814644    0.0                      1e-05                   25    
53384.72180814644    0.0                      1e-05                   25    
53385.22180814644    0.0                      1e-05                   25    
53385.72180814644    0.0                      1e-05                   25    
53386.22180814644    0.0020919732672815693    0.002091997168024069    25    
53386.72180814644    0.004963475153650978     0.004963485227228001    25    
53387.22180814644    0.007834977040020433     0.007834983421657466    25    
53387.72180814644    0.010706478926389842     0.010706483596458259    25    
53388.22180814644    0.014480931259084036     0.014480934711900236    25    
53388.72180814644    0.02216001679811408      0.022160019054429946    25    
53389.22180814644    0.03145621829361994      0.03145621988313074     25    
53389.72180814644    0.04227799913069101      0.042278000313339205    25    
53390.22180814644    0.05453382269441633      0.054533823611278516    25    
53390.72180814644    0.06821494613963255      0.06520168182840524     25    
53391.22180814644    0.08341262146340261      0.06533908314123858     25    
53391.72180814644    0.10004189853742945      0.06548634014204986     25    
53392.22180814644    0.11801124074680253      0.0656454568831921      25    
53392.72180814644    0.1372430465226692       0.06581816242449604     25    
53393.22180814644    0.1578410876300361       0.06600344229078543     25    
53393.72180814644    0.17977675289635123      0.06620252121403669     25    
53394.22180814644    0.20295850570670415      0.06641756114952493     25    
53394.72180814644    0.22729480944618394      0.06665064682802306     25    
53395.22180814644    0.2527947755473894       0.06690362369285154     25    
53395.72180814644    0.2795357209613259       0.06717643797202755     25    
53396.22180814644    0.30742877632799115      0.06746797920817066     25    
53396.72180814644    0.3363824050324749       0.06777707803999523     25    
53397.22180814644    0.3663268439693335       0.06795326233694318     25    
53397.72180814644    0.39737196148622295      0.06706077614510579     25    
53398.22180814644    0.42947521136453354      0.06605475251075482     25    
53398.72180814644    0.462545056989354        0.06636160851335211     25    
53399.22180814644    0.4964899617457739       0.06933264311192261     25    
53399.72180814644    0.5313386332249126       0.07620755826192184     25    
53400.22180814644    0.5671509695702002       0.08542426202672662     25    
53400.72180814644    0.6038359240706901       0.09432970884096589     25    
53401.22180814644    0.6413019601114703       0.10115006707218968     25    
53401.72180814644    0.6794888949312631       0.10469763272763152     25    
53402.22180814644    0.7185092096988621       0.10582100795960316     25    
53402.72180814644    0.7583081650303529       0.10560981125781883     25    
53403.22180814644    0.7987942243108272       0.10495255121522157     25    
53403.72180814644    0.8398759053591467       0.10473893510873603     25    
53404.22180814644    0.8816030905043875       0.10501954046019804     25    
53404.72180814644    0.9240149386222128       0.10529617917851093     25    
53405.22180814644    0.9670199130977125       0.10556559092600494     25    
53405.72180814644    1.0105264773159763       0.10582446363664279     25    
53406.22180814644    1.0544857707406474       0.10606966193836388     25    
53406.72180814644    1.0990094036001392       0.10630201645688944     25    
53407.22180814644    1.1440321852259985       0.10652565777686474     25    
53407.72180814644    1.1894625790033106       0.10674469691451488     25    
53408.22180814644    1.2352104091615108       0.10696296747464655     25    
53408.72180814644    1.2813447187180023       0.10716919881891358     25    
53409.22180814644    1.3278841994495516       0.10736672881092957     25    
53409.72180814644    1.3747373147412467       0.10757283655668044     25    
53410.22180814644    1.4218125279781795       0.1078045733290893      25    
53410.72180814644    1.4690979465837928       0.10812467135162686     25    
53411.22180814644    1.5167449873013699       0.1086162691262662      25    
53411.72180814644    1.564597629936121        0.10909967661471315     25    
53412.22180814644    1.6124726744927378       0.10937895802276901     25    
53412.72180814644    1.660210154652578        0.109253708228822       25    
53413.22180814644    1.708410960618819        0.1084544802316024      25    
53413.72180814644    1.7568204761377386       0.10723628732837782     25    
53414.22180814644    1.8046320458965608       0.10605037214521405     25    
53414.72180814644    1.8510390145825102       0.10536577106981461     25    
53415.22180814644    1.8959402995348593       0.10555705998907204     25    
53415.72180814644    1.9403110717744145       0.10641901960801431     25    
53416.22180814644    1.983195153761578        0.10760377097240378     25    
53416.72180814644    2.0235262685928106       0.10877627429555935     25    
53417.22180814644    2.0603360825832993       0.10963309110898507     25    
53417.72180814644    2.094616240256982        0.11032208013548624     25    
53418.22180814644    2.1262708504285586       0.11093122337771162     25    
53418.72180814644    2.1544283992624917       0.1114190185242305      25    
53419.22180814644    2.1782173729232417       0.11174401104948686     25    
53419.72180814644    2.1969984385433365       0.11182789087792357     25    
53420.22180814644    2.211204772936106        0.11165799921202345     25    
53420.72180814644    2.2214984697855766       0.11138267003206638     25    
53421.22180814644    2.228537306741844        0.11115492601271632     25    
53421.72180814644    2.2328088998886075       0.1111156788418159      25    
53422.22180814644    2.233053750540165        0.11120118380910601     25    
53422.72180814644    2.2299557483002825       0.11136225652823808     25    
53423.22180814644    2.2248922190161387       0.11158859221109435     25    
53423.72180814644    2.2192404885349233       0.11186981314811281     25    
53424.22180814644    2.21285196437532         0.11228524614254864     25    
53424.72180814644    2.204641171387699        0.11286398926102638     25    
53425.22180814644    2.195828032704442        0.11342837996833073     25    
53425.72180814644    2.187660535559622        0.11380189545499873     25    
53426.22180814644    2.1812025508532367       0.11388182396443723     25    
53426.72180814644    2.1757447350394026       0.11402765717928795     25    
53427.22180814644    2.171046196624657        0.11399518637949693     25    
53427.72180814644    2.1671495798269946       0.11338907175208801     25    
53428.22180814644    2.1640975288644184       0.1117994284145841      25    
53428.72180814644    2.1622179969881854       0.10845923460146817     25    
53429.22180814644    2.161477603793316        0.10348099520214198     25    
53429.72180814644    2.161280268727351        0.09797431534173114     25    
53430.22180814644    2.161029245405484        0.09327682696961936     25    
53430.72180814644    2.16034324562086         0.09082459914273626     25    
53431.22180814644    2.159932664242167        0.09042760348866877     25    
53431.72180814644    2.1594529930928035       0.09119928711072564     25    
53432.22180814644    2.1583458649499527       0.0922704168326092      25    
53432.72180814644    2.1560536940534574       0.09279649377315252     25    
53433.22180814644    2.152627651539978        0.0927334381654947      25    
53433.72180814644    2.1483520826132483       0.09254539037136437     25    
53434.22180814644    2.143132455036614        0.09230277718191629     25    
53434.72180814644    2.1368742365734295       0.0920765429016701      25    
53435.22180814644    2.129469943283249        0.09189992544840275     25    
53435.72180814644    2.1208829783376095       0.09167999614470285     25    
53436.22180814644    2.111280742301393        0.09148020115691949     25    
53436.72180814644    2.100845567105308        0.09138509253829907     25    
53437.22180814644    2.0897560025878446       0.09148078044408209     25    
53437.72180814644    2.0778738306129156       0.0919099705599545      25    
53438.22180814644    2.065167850631657        0.09255850106597985     25    
53438.72180814644    2.051808751932814        0.09319419867171774     25    
53439.22180814644    2.037967223805147        0.09359065350522495     25    
53439.72180814644    2.023755323448814        0.09366352712730357     25    
53440.22180814644    2.0090623227071913       0.09366332215808955     25    
53440.72180814644    1.9938588327736217       0.0934269188756644      25    
53441.22180814644    1.978127399797496        0.09275149045379091     25    
53441.72180814644    1.961855190906825        0.09140750704247554     25    
53442.22180814644    1.9451469651963391       0.08886001124574487     25    
53442.72180814644    1.9279464980074998       0.08545568587434083     25    
53443.22180814644    1.9101101715354494       0.08196583535857102     25    
53443.72180814644    1.8914943679753278       0.07928822794460204     25    
53444.22180814644    1.8720644641306425       0.07820511094404467     25    
53444.72180814644    1.851964251286368        0.07836107338126318     25    
53445.22180814644    1.8310866445287026       0.07912102065666278     25    
53445.72180814644    1.809311366774401        0.07985556138395193     25    
53446.22180814644    1.786511887342681        0.07999005573531018     25    
53446.72180814644    1.7625573548835456       0.07973782271960483     25    
53447.22180814644    1.7376252369254035       0.07931627683730538     25    
53447.72180814644    1.711966419837356        0.07875990217505839     25    
53448.22180814644    1.6858317899885105       0.07810314690847354     25    
53448.72180814644    1.6591075248925178       0.0772675514124467      25    
53449.22180814644    1.6314961631507912       0.07616846547865652     25    
53449.72180814644    1.6035087637056613       0.07501918063147732     25    
53450.22180814644    1.5756754671888855       0.0740514918527222      25    
53450.72180814644    1.5484253131404448       0.07350149879782374     25    
53451.22180814644    1.5211452429795354       0.07340540929492337     25    
53451.72180814644    1.4940349034294365       0.07357144064327431     25    
53452.22180814644    1.4676126672355592       0.07379505405049848     25    
53452.72180814644    1.4423969071433185       0.07387274797276801     25    
53453.22180814644    1.4184357445572464       0.07355454749812239     25    
53453.72180814644    1.3953697346361003       0.07292941149754767     25    
53454.22180814644    1.3733916016541343       0.07239799181327676     25    
53454.72180814644    1.3526993414962873       0.07237264330945826     25    
53455.22180814644    1.3334690111202736       0.07327783518851125     25    
53455.72180814644    1.3156360603715431       0.0752634522080789      25    
53456.22180814644    1.29910687159929         0.07772728317535735     25    
53456.72180814644    1.2838092422149847       0.08004337655302493     25    
53457.22180814644    1.269670969630096        0.0816535369607138      25    
53457.72180814644    1.2567294310436514       0.08241375204337471     25    
53458.22180814644    1.2450233825971013       0.08269463093891498     25    
53458.72180814644    1.2344690183082125       0.08270122265500938     25    
53459.22180814644    1.224982485778865        0.08263387770117532     25    
53459.72180814644    1.2165254271894217       0.08265064365354362     25    
53460.22180814644    1.2092406691263977       0.08263522283558004     25    
53460.72180814644    1.2030192941388884       0.08254327729112994     25    
53461.22180814644    1.197711071226413        0.08235772155939163     25    
53461.72180814644    1.1931667390016054       0.08206066793596187     25    
53462.22180814644    1.1895240395702453       0.08154484185455511     25    
53462.72180814644    1.1868172459412214       0.08084967636510992     25    
53463.22180814644    1.1848334086281556       0.08014284293107464     25    
53463.72180814644    1.1833595781446675       0.07959766445279853     25    
53464.22180814644    1.182296081574846        0.07936539361602445     25    
53464.72180814644    1.1818969405161202       0.07939172299000397     25    
53465.22180814644    1.1820024672399          0.07955814088999107     25    
53465.72180814644    1.182402708782437        0.07974971528628773     25    
53466.22180814644    1.1828918652745428       0.07985426477715248     25    
53466.72180814644    1.1835530548443807       0.07990258986169356     25    
53467.22180814644    1.1844550979905353       0.07993958312020336     25    
53467.72180814644    1.1855272604898548       0.0799485088065641      25    
53468.22180814644    1.186698808119185        0.07991261279837346     25    
53468.72180814644    1.1879047089562187       0.07985699775787077     25    
53469.22180814644    1.189161237878555        0.07984595757599812     25    
53469.72180814644    1.190543752046237        0.07976937375854957     25    
53470.22180814644    1.1921288604841396       0.07950543069551678     25    
53470.72180814644    1.1939875660042247       0.07892233838983949     25    
53471.22180814644    1.1960415742184647       0.07780030871964097     25    
53471.72180814644    1.1982994880020867       0.07633316282795413     25    
53472.22180814644    1.2008406599105976       0.07487144068704048     25    
53472.72180814644    1.2037444424995085       0.07379191690983135     25    
53473.22180814644    1.2070713752260473       0.07339114621156301     25    
53473.72180814644    1.210784861875267        0.07349846631098911     25    
53474.22180814644    1.2148252224571248       0.07385412177715295     25    
53474.72180814644    1.2191333236152644       0.07420182080436737     25    
53475.22180814644    1.2236681903686741       0.07429714030456662     25    
53475.72180814644    1.2286109373666079       0.07413090288092045     25    
53476.22180814644    1.2338504994726183       0.07387347767933404     25    
53476.72180814644    1.2391635392876863       0.07368670275000858     25    
53477.22180814644    1.2443267194127954       0.07373385691630986     25    
53477.72180814644    1.2493534370077797       0.07416731626956219     25    
53478.22180814644    1.2544427928620308       0.07491387060823056     25    
53478.72180814644    1.2593742954127287       0.075754945604168       25    
53479.22180814644    1.2639188394789207       0.07647868124339398     25    
53479.72180814644    1.2678813888525715       0.07690781741479001     25    
53480.22180814644    1.2714288009838746       0.07717254793800148     25    
53480.72180814644    1.2745667265991514       0.07730483636496355     25    
53481.22180814644    1.2772199845176988       0.07727481950825833     25    
53481.72180814644    1.2793133935588066       0.07705166686098244     25    
53482.22180814644    1.280764209767966        0.07661143769466433     25    
53482.72180814644    1.2816126979051914       0.0759683721026739      25    
53483.22180814644    1.281987985414527        0.07514737009914232     25    
53483.72180814644    1.2820194751484297       0.0741730396553447      25    
53484.22180814644    1.2817941557420913       0.07301521507157802     25    
53484.72180814644    1.2811457021410353       0.07141564960289067     25    
53485.22180814644    1.2801565788531253       0.06961752395273355     25    
53485.72180814644    1.2789682882615678       0.0679841331256126      25    
53486.22180814644    1.277722332749573        0.06691295995593018     25    
53486.72180814644    1.2764138786986683       0.06669573046807876     25    
53487.22180814644    1.2749640683577907       0.06708484646203765     25    
53487.72180814644    1.2734033679112704       0.06767951820742303     25    
53488.22180814644    1.271762243543433        0.06808617914462971     25    
53488.72180814644    1.2700894996710426       0.06796857879984425     25    
53489.22180814644    1.2684442839753458       0.06743752479690614     25    
53489.72180814644    1.266710625657266        0.06673887575996225     25    
53490.22180814644    1.2647534071639686       0.06611122449288337     25    
53490.72180814644    1.2624388544926972       0.06580116160542047     25    
53491.22180814644    1.2598702701000708       0.06587248301488695     25    
53491.72180814644    1.257079566700933        0.066174952896853       25    
53492.22180814644    1.253919222717572        0.06659111552237847     25    
53492.72180814644    1.2502417165722741       0.06700522079329364     25    
53493.22180814644    1.2459635421664883       0.06738268310859083     25    
53493.72180814644    1.241218255149434        0.06788582117689992     25    
53494.22180814644    1.2359628682924566       0.06837560469079403     25    
53494.72180814644    1.2301323317484856       0.06868645416175168     25    
53495.22180814644    1.2236615364914094       0.06866166572690793     25    
53495.72180814644    1.2165134856893052       0.06846807793962305     25    
53496.22180814644    1.2087434162407547       0.06810191936938408     25    
53496.72180814644    1.2004244445135797       0.06736279159145565     25    
53497.22180814644    1.191629686875603        0.06603661002170247     25    
53497.72180814644    1.1823749468407154       0.06370816468013127     25    
53498.22180814644    1.1725736033472753       0.06005291305738021     25    
53498.72180814644    1.1623012374460149       0.0557233591772626      25    
53499.22180814644    1.1516441548790013       0.05159805329115132     25    
53499.72180814644    1.1406812341710364       0.04881888344393833     25    
53500.22180814644    1.1293230293289775       0.04772223590449026     25    
53500.72180814644    1.1175821859488602       0.04769793524467278     25    
53501.22180814644    1.1055459152812408       0.04809539046248993     25    
53501.72180814644    1.0933014285766798       0.04825408853738972     25    
53502.22180814644    1.0808564185806706       0.047817954125881926    25    
53502.72180814644    1.0681234403406645       0.047201469249630854    25    
53503.22180814644    1.055185072420999        0.0465538531332708      25    
53503.72180814644    1.042130233085645        0.046013733038299955    25    
53504.22180814644    1.0290342985100336       0.04571836968820028     25    
53504.72180814644    1.015796409329901        0.045652278849558255    25    
53505.22180814644    1.0024444065691174       0.04574061089336125     25    
53505.72180814644    0.9890672884036652       0.04592468089300585     25    
53506.22180814644    0.9757540530095229       0.04614574848635634     25    
53506.72180814644    0.9625041575831538       0.0464595505571077      25    
53507.22180814644    0.9492455753122622       0.04693109202492762     25    
53507.72180814644    0.9360462529200253       0.0473913923711459      25    
53508.22180814644    0.922976448821668        0.04767410437723401     25    
53508.72180814644    0.9100940214010084       0.04762599325112468     25    
53509.22180814644    0.8973415181252593       0.04726466629807127     25    
53509.72180814644    0.8847238585082217       0.04669523435724705     25    
53510.22180814644    0.8722714724217557       0.04601617366402935     25    
53510.72180814644    0.8600147897377236       0.045330360339901905    25    
53511.22180814644    0.8479469260916316       0.04471094014682514     25    
53511.72180814644    0.8360481005028799       0.044093569553400214    25    
53512.22180814644    0.8243434644169947       0.04337669694756503     25    
53512.72180814644    0.8128583182290317       0.04245145686759073     25    
53513.22180814644    0.8016109122321782       0.041158879844982746    25    
53513.72180814644    0.7905768121136685       0.0392788941604661      25    
53514.22180814644    0.7797629470612746       0.037072600793362026    25    
53514.72180814644    0.7691840438215644       0.03492976282815639     25    
53515.22180814644    0.7588548278995052       0.03333695363094501     25    
53515.72180814644    0.7487823974595854       0.03258884231592202     25    
53516.22180814644    0.7389571709405732       0.0324339259965543      25    
53516.72180814644    0.7293684835283644       0.03256530709739385     25    
53517.22180814644    0.720005670408851        0.03266527027523285     25    
53517.72180814644    0.7108637998765043       0.032497471780666067    25    
53518.22180814644    0.7019579837027724       0.03225813923367598     25    
53518.72180814644    0.693277483659529        0.03200139441205818     25    
53519.22180814644    0.6848079017440658       0.03174347927381201     25    
53519.72180814644    0.6765350540039818       0.031500926608511004    25    
53520.22180814644    0.6684698003727843       0.03126195141865379     25    
53520.72180814644    0.6606150809226286       0.031022694482704737    25    
53521.22180814644    0.6529564976508042       0.030799114976686394    25    
53521.72180814644    0.6454796525546042       0.030607632895094022    25    
53522.22180814644    0.63817891513189         0.030461995075366826    25    
53522.72180814644    0.6310711558487923       0.030356420554890167    25    
53523.22180814644    0.6241447507945788       0.030280702271312576    25    
53523.72180814644    0.6173853019665408       0.030224818591357484    25    
53524.22180814644    0.6107791048849647       0.030178807847148856    25    
53524.72180814644    0.6043394853428958       0.03014278336613894     25    
53525.22180814644    0.5980664380802634       0.030122210591185274    25    
53525.72180814644    0.5919455650943589       0.03012032291482658     25    
53526.22180814644    0.5859624683824738       0.03014033197210113     25    
53526.72180814644    0.5801138463098119       0.030179309469444904    25    
53527.22180814644    0.5744153364127323       0.030229373900848473    25    
53527.72180814644    0.5688542188429323       0.030303655057004202    25    
53528.22180814644    0.5634160955977051       0.030416178000362566    25    
53528.72180814644    0.5580880156544156       0.030568221482550135    25    
53529.22180814644    0.5528852226968588       0.030580767115920452    25    
53529.72180814644    0.5478050401171358       0.03057904811307594     25    
53530.22180814644    0.5428330699125363       0.030808939665373253    25    
53530.72180814644    0.5379549140803525       0.031505742552886955    25    
53531.22180814644    0.5331698738375187       0.032532148133456465    25    