54717.499185472094    131.92629363691668    45.83510313961892     25    
54717.999185472094    160.0834821917626     45.74955504450559     25    
54718.499185472094    191.1475163182213     47.091894485789624    25    
54718.999185472094    225.1786766341047     53.38529075783338     25    
54719.499185472094    262.2042895020113     59.98015412236309     25    
54719.999185472094    302.29915556993063    61.994481930291556    25    
54720.499185472094    345.4776468482281     62.06216678444613     25    
54720.999185472094    391.8259526591812     62.70096282227285     25    
54721.499185472094    441.34862201681153    63.404659134252285    25    
54721.999185472094    494.1401015617976     64.09039907125661     25    
54722.499185472094    550.1982486677033     64.77969150464263     25    
54722.999185472094    609.6226359377206     65.51446942157193     25    
54723.499185472094    672.4075604608436     66.30912815260753     25    
54723.999185472094    738.7093083548973     67.4310978928748      25    
54724.499185472094    808.5639466239128     68.97027640707388     25    
54724.999185472094    881.6112517277944     69.19290935736778     25    
54725.499185472094    958.5126632452889     67.53215372592429     25    
54725.999185472094    1033.9780871265261    67.64593317582168     25    
54726.499185472094    1108.2704494755283    70.6511981372023      25    
54726.999185472094    1175.043447855804     73.57128126731865     25    
54727.499185472094    1233.2723720494275    75.67563200459048     25    
54727.999185472094    1278.5889617256933    77.26191578775983     25    
54728.499185472094    1307.491670459692     77.99573723269265     25    
54728.999185472094    1323.176115117491     78.74790330050372     25    
54729.499185472094    1325.4926044486772    80.2749298901733      25    
54729.999185472094    1318.2378173831307    81.8848377989391      25    
54730.499185472094    1304.8443600916576    83.47409777140291     25    
54730.999185472094    1286.8586058565488    84.39089900057371     25    
54731.499185472094    1269.1770577631476    83.30449242497137     25    
54731.999185472094    1250.5314349898151    80.7046736356028      25    
54732.499185472094    1231.6424644200467    76.21279692119812     25    
54732.999185472094    1211.7240056166452    70.61005881616973     25    
54733.499185472094    1188.5124968198838    68.97946957622646     25    
54733.999185472094    1162.0728071171286    70.21743857889781     25    
54734.499185472094    1130.0145999902547    69.91594651634392     25    
54734.999185472094    1092.6398148235987    68.51428481809276     25    
54735.499185472094    1051.2295264049997    66.7520302504996      25    
54735.999185472094    1005.628859976805     64.55009436592181     25    
54736.499185472094    959.2308486831581     63.47633236312755     25    
54736.999185472094    911.9149825330255     63.92454347789386     25    
54737.499185472094    866.6809616416346     63.61695123090749     25    
54737.999185472094    824.0030029514445     62.29822830192147     25    
54738.499185472094    784.1021094330888     59.296075755753904    25    
54738.999185472094    747.4152769752043     52.968175822994866    25    
54739.499185472094    712.8430922204302     47.50307847606063     25    
54739.999185472094    680.1868158092113     46.5835165002477      25    
54740.499185472094    648.7844203482466     46.64582122476099     25    
54740.999185472094    618.1346280799055     45.784017169861016    25    
54741.499185472094    588.2149493934072     44.71980703008741     25    
54741.999185472094    558.7354421692921     43.062082862272085    25    
54742.499185472094    529.8735011443403     41.665143241780534    25    
54742.999185472094    501.722209957465      42.254694939426216    25    
54743.499185472094    474.3138241138095     43.5552797534576      25    
54743.999185472094    447.78442821721666    44.015612177143076    25    
54744.499185472094    422.1139208397424     43.69166372028938     25    
54744.999185472094    397.35482459310936    40.70485866787928     25    
54745.499185472094    373.48994091173853    35.578234348438556    25    
54745.999185472094    350.47721755823557    33.28674431564356     25    
54746.499185472094    328.31894149277383    33.56653508161076     25    
54746.999185472094    306.96296689938265    33.294523707861515    25    
54747.499185472094    286.4083650191974     32.589274148024785    25    
54747.999185472094    266.8403255548078     30.990845161704726    25    
54748.499185472094    248.2288472261816     28.133717860283408    25    
54748.999185472094    230.97005800493218    26.01823662342178     25    
54749.499185472094    215.06174174595446    25.298815804184006    25    
54749.999185472094    200.8552486336575     24.957988688603994    25    
54750.499185472094    188.49211943020248    24.879659255160835    25    
54750.999185472094    177.75411490192627    24.74575408010302     25    
54751.499185472094    168.75967672717317    24.364346715186418    25    
54751.999185472094    160.88220560964064    23.79774585092159     25    
54752.499185472094    153.91395288764446    22.793932464556402    25    
54752.999185472094    147.4383037735633     22.012879469130926    25    
54753.499185472094    141.01941686553315    22.54659428691312     25    
54753.999185472094    134.63050488136645    23.014296436925452    25    
54754.499185472094    127.95989170287974    21.600808289751882    25    
54754.999185472094    121.17013406854986    19.41501407235601     25    
54755.499185472094    114.36925448176261    18.26408914964551     25    
54755.999185472094    107.58551512742056    17.675474756126228    25    
54756.499185472094    100.96773799930178    17.25283730874059     25    
54756.999185472094    94.52503300040084     17.008829885131934    25    
54757.499185472094    88.43389642903162     16.386723138872657    25    
54757.999185472094    82.6911989866986      15.520872208851673    25    
54758.499185472094    77.50611983536243     15.56568081447791     25    
54758.999185472094    72.8661547451674      16.44007129032086     25    
54759.499185472094    68.9988768768322      17.355394508585267    25    
54759.999185472094    65.9132143642283      18.346775060110286    25    
54760.499185472094    63.54666216534796     18.63104199176023     25    
54760.999185472094    61.961827274693235    17.934241246203587    25    
54761.499185472094    60.686081580921105    17.915040232602454    25    
54761.999185472094    59.70879547512351     19.119847926085516    25    
54762.499185472094    58.612362431352686    20.223210030493444    25    
54762.999185472094    57.261155236519976    21.116897704191956    25    
54763.499185472094    55.57254091510093     21.219915256181604    25    
54763.999185472094    53.36911901588917     19.816759323043172    25    
54764.499185472094    50.946364810427504    17.77449474112705     25    
54764.999185472094    48.417483484348914    15.48284590565584     25    
54765.499185472094    45.948618901984126    13.245972061521652    25    
54765.999185472094    43.78306912038298     12.367857892590571    25    
54766.499185472094    41.92054734349272     12.404917101427149    25    
54766.999185472094    40.55174771473719     12.467786172488735    25    
54767.499185472094    39.56381555033016     13.185084835954589    25    
54767.999185472094    38.815825408165985    15.71021373380371     25    
54768.499185472094    38.288574337670184    18.826301009783844    25    
54768.999185472094    37.77752082984633     21.23293509365785     25    
54769.499185472094    37.29857236958191     23.134172096773504    25    
54769.999185472094    36.713572800301364    23.144998546312078    25    
54770.499185472094    36.036545705268246    21.45500203980083     25    
54770.999185472094    35.32844584993301     19.257252340799976    25    
54771.499185472094    34.584963195968335    16.266087522805375    25    
54771.999185472094    33.881618012795855    13.617793789964928    25    
54772.499185472094    33.219214765266955    11.777265851271682    25    
54772.999185472094    32.641060607656286    10.518415052085192    25    
54773.499185472094    32.160330497825825    10.118270519095018    25    
54773.999185472094    31.753707440325435    10.009139070905347    25    
54774.499185472094    31.42183538661667     9.965723744290527     25    
54774.999185472094    31.143831238742646    10.092259932114574    25    
54775.499185472094    30.914345497045463    10.396369930263521    25    
54775.999185472094    30.717449983526688    10.778282983720285    25    
54776.499185472094    30.544193395223637    11.233887956987468    25    
54776.999185472094    30.382552107868836    11.59672125669755     25    
54777.499185472094    30.21944253375545     11.639320123122731    25    
54777.999185472094    30.046924142360844    11.551846433214061    25    
54778.499185472094    29.84815636524524     11.213144187405643    25    
54778.999185472094    29.618603711193355    11.206392743640004    25    
54779.499185472094    29.338398342297424    12.043253484526826    25    
54779.999185472094    29.005654266970687    14.529579760848097    25    
54780.499185472094    28.59823191751629     20.18071516575125     25    