57312.03331478779    0.5035839542106889     0.07566806386526044     25    
57312.53331478779    0.5671738811653576     0.07571009921090469     25    
57313.03331478779    0.634435083838708      0.07572064073307269     25    
57313.53331478779    0.7052996723477832     0.07628787134182181     25    
57314.03331478779    0.7797382357090513     0.07803907327252668     25    
57314.53331478779    0.8577870383444709     0.08078243742839575     25    
57315.03331478779    0.9393840097108135     0.08335135738309168     25    
57315.53331478779    1.0244756301313898     0.08476177913389199     25    
57316.03331478779    1.1131048147021323     0.08517901381718856     25    
57316.53331478779    1.2052269508989941     0.08519122082521369     25    
57317.03331478779    1.300776049031586      0.08531353984425448     25    
57317.53331478779    1.399778397510906      0.08557499181274562     25    
57318.03331478779    1.5022184805115422     0.08582374834473908     25    
57318.53331478779    1.608028408150541      0.08605391496823091     25    
57319.03331478779    1.7171977713700086     0.08626133448731202     25    
57319.53331478779    1.8297485831476723     0.08645150114293952     25    
57320.03331478779    1.9456140224588956     0.08663331716115255     25    
57320.53331478779    2.0647529208786564     0.08680879379721802     25    
57321.03331478779    2.187207243406603      0.08696920269598545     25    
57321.53331478779    2.312920976363305      0.08714422013028227     25    
57322.03331478779    2.4418570672534514     0.08733828999819196     25    
57322.53331478779    2.5742462552499594     0.08732756684171353     25    
57323.03331478779    2.7097353759877616     0.08747477739910565     25    
57323.53331478779    2.8478001928935877     0.08830504368801259     25    
57324.03331478779    2.989789484420753      0.09028155128613245     25    
57324.53331478779    3.1346162356414546     0.09284839778310776     25    
57325.03331478779    3.278624041772578      0.09509774503762058     25    
57325.53331478779    3.420781600400613      0.09646284263701076     25    
57326.03331478779    3.5629627192432105     0.09733362916555958     25    
57326.53331478779    3.7004824844184085     0.09801548456112183     25    
57327.03331478779    3.829556622920767      0.09875021641524909     25    
57327.53331478779    3.9531234563328947     0.09946804570024052     25    
57328.03331478779    4.068262695049602      0.10009010309078352     25    
57328.53331478779    4.170781306475236      0.10055859446023191     25    
57329.03331478779    4.26019175770074       0.10076983958467789     25    
57329.53331478779    4.338283186992229      0.10086741009655475     25    
57330.03331478779    4.406224319233989      0.10108150859963266     25    
57330.53331478779    4.463250720861532      0.10152458595640426     25    
57331.03331478779    4.509482611906728      0.10208545000913413     25    
57331.53331478779    4.548629434333074      0.10269818042991607     25    
57332.03331478779    4.582811302618839      0.10337140839850058     25    
57332.53331478779    4.609870018244868      0.104187246904136       25    
57333.03331478779    4.632685839857431      0.1048671632402378      25    
57333.53331478779    4.654366091616985      0.10520367167208672     25    
57334.03331478779    4.6742021769146005     0.10569110795509094     25    
57334.53331478779    4.691677516107901      0.10559804568043182     25    
57335.03331478779    4.706923803324908      0.103830874191947       25    
57335.53331478779    4.720629483812987      0.09885197899992039     25    
57336.03331478779    4.732100476043521      0.09189310871154968     25    
57336.53331478779    4.739737091834484      0.08603029160632772     25    
57337.03331478779    4.743017829327644      0.08411490342338633     25    
57337.53331478779    4.742650798807891      0.0848827738801687      25    
57338.03331478779    4.737258289318056      0.08623486769871737     25    
57338.53331478779    4.725599581655127      0.08646610789470272     25    
57339.03331478779    4.70805016247445       0.08622371857606206     25    
57339.53331478779    4.685067685005187      0.08584578543926827     25    
57340.03331478779    4.656951995962056      0.085463072114665       25    
57340.53331478779    4.62306218295053       0.08497303928577148     25    
57341.03331478779    4.584184117390023      0.08447347666689768     25    
57341.53331478779    4.541744131953409      0.08418522877137137     25    
57342.03331478779    4.495745592722352      0.08432718351497842     25    
57342.53331478779    4.4459266685908405     0.08472336653033617     25    
57343.03331478779    4.393671302743575      0.08498412584085852     25    
57343.53331478779    4.33979834036851       0.08476848962422572     25    
57344.03331478779    4.283619543971784      0.08418113556887925     25    
57344.53331478779    4.2257414870674435     0.083582320046166       25    
57345.03331478779    4.166793236153967      0.0833222652916652      25    
57345.53331478779    4.106500424483905      0.08339215097019621     25    
57346.03331478779    4.044957831669594      0.08358379320442272     25    
57346.53331478779    3.982435850339981      0.0837056245651572      25    
57347.03331478779    3.9188499750643535     0.08377219006390232     25    
57347.53331478779    3.8542374068002743     0.08380678061280011     25    
57348.03331478779    3.7888621853322806     0.08372974693775795     25    
57348.53331478779    3.7227944490554004     0.08348781097286062     25    
57349.03331478779    3.6559303080143413     0.08311676137305533     25    
57349.53331478779    3.5884927816452583     0.08265690613655438     25    
57350.03331478779    3.520636600769305      0.08210297273103404     25    
57350.53331478779    3.4522233961984967     0.08136639890181994     25    
57351.03331478779    3.3834118150889263     0.08067308717796706     25    
57351.53331478779    3.3143884309651415     0.08029208578512681     25    
57352.03331478779    3.2450425125589244     0.08033299359084294     25    
57352.53331478779    3.1754650381638854     0.08053387050078123     25    
57353.03331478779    3.105864061846428      0.08058430790890705     25    
57353.53331478779    3.0361910075320235     0.0808073218446023      25    
57354.03331478779    2.9664484529970196     0.08100987730159809     25    
57354.53331478779    2.8969211830841153     0.08010889983374632     25    
57355.03331478779    2.827718257669861      0.07675787248786371     25    
57355.53331478779    2.758680718803222      0.07083970300816415     25    
57356.03331478779    2.690130643026195      0.06468108253569439     25    
57356.53331478779    2.622343673067473      0.06130444908246064     25    
57357.03331478779    2.555099365655978      0.06091992295116544     25    
57357.53331478779    2.4886263146830774     0.06176711325898457     25    
57358.03331478779    2.423263865195743      0.06212444511976576     25    
57358.53331478779    2.358907723473399      0.06193691083246124     25    
57359.03331478779    2.2956013338184014     0.06167406644235651     25    
57359.53331478779    2.2336227741236874     0.06128711718187188     25    
57360.03331478779    2.1730351907259786     0.060652709882858       25    
57360.53331478779    2.1137414929822578     0.0598170379037058      25    
57361.03331478779    2.0559497062520817     0.05909567692067181     25    
57361.53331478779    1.9997905937294371     0.058784264628488014    25    
57362.03331478779    1.9451365330616093     0.0588210652790503      25    
57362.53331478779    1.8921494850127762     0.05895824753106014     25    
57363.03331478779    1.841019966578755      0.05896680723223183     25    
57363.53331478779    1.791759646890054      0.0589077695274695      25    
57364.03331478779    1.7442596947788653     0.05878978823987871     25    
57364.53331478779    1.6984209151955325     0.0585544892390251      25    
57365.03331478779    1.6543871996813542     0.05836171086297191     25    
57365.53331478779    1.6120495896913185     0.05808003428383143     25    
57366.03331478779    1.570993829514546      0.057266171813625054    25    
57366.53331478779    1.531068519478247      0.05530933440364474     25    
57367.03331478779    1.4924778418797733     0.05221490321189562     25    
57367.53331478779    1.4548286518446287     0.049184753497329106    25    
57368.03331478779    1.4177729719560204     0.04762244321142489     25    
57368.53331478779    1.3814723747745539     0.04753680904072349     25    
57369.03331478779    1.345895212624974      0.04798566116287942     25    
57369.53331478779    1.3109370247392123     0.0480420650020487      25    
57370.03331478779    1.2764774933377658     0.047569651098095564    25    
57370.53331478779    1.2426993942746698     0.046994040946503536    25    
57371.03331478779    1.2098789710027023     0.046645567731826515    25    
57371.53331478779    1.178032017847684      0.04676036964874152     25    
57372.03331478779    1.1470906533356982     0.04715147023120392     25    
57372.53331478779    1.1173435966893386     0.04753134042492982     25    
57373.03331478779    1.0890062287268447     0.04771537376642709     25    
57373.53331478779    1.0619641619914497     0.04784012946896619     25    
57374.03331478779    1.0361864297697656     0.047819798453680555    25    
57374.53331478779    1.0116867844237192     0.047550207745952845    25    
57375.03331478779    0.9886363281590196     0.04705203588420289     25    
57375.53331478779    0.9667311620459701     0.04633314224049498     25    
57376.03331478779    0.945555979109071      0.04537311001151971     25    
57376.53331478779    0.9252267111624456     0.04387916094153055     25    
57377.03331478779    0.9057028116213041     0.04207911505018891     25    
57377.53331478779    0.8865430506303436     0.040652860582168555    25    
57378.03331478779    0.867542352902841      0.0402310908831036      25    
57378.53331478779    0.84889473485538       0.040536153840604265    25    
57379.03331478779    0.8304462996716393     0.04089635768088467     25    
57379.53331478779    0.8120286419288538     0.040722098154424714    25    
57380.03331478779    0.79362375524249       0.040128953172980784    25    
57380.53331478779    0.7754569597285474     0.03946783153693045     25    
57381.03331478779    0.757754466638448      0.039075788035187346    25    
57381.53331478779    0.7403835127364209     0.038985131751657166    25    
57382.03331478779    0.7234523233477295     0.03905227972014819     25    
57382.53331478779    0.707234223838431      0.039176012574276727    25    
57383.03331478779    0.6917919603763619     0.039397714145903685    25    
57383.53331478779    0.6770363392319085     0.03970749087040015     25    
57384.03331478779    0.6630584479704665     0.039890769325512665    25    
57384.53331478779    0.6499645496716961     0.03992279443304657     25    
57385.03331478779    0.6377488006648958     0.0399849242048428      25    
57385.53331478779    0.6262063228197767     0.03951562852933824     25    
57386.03331478779    0.6151632350809154     0.03779121860569084     25    
57386.53331478779    0.6047622384668325     0.03406437888108702     25    
57387.03331478779    0.5948523331463826     0.029422468231701727    25    
57387.53331478779    0.5851950338722103     0.025952525342634203    25    
57388.03331478779    0.575826378972498      0.025084428291919543    25    
57388.53331478779    0.566754991724619      0.025655298985795195    25    
57389.03331478779    0.5578379251802335     0.026198980094202375    25    
57389.53331478779    0.5489891774963905     0.025925483170079842    25    
57390.03331478779    0.5402730757172295     0.025460928315464912    25    
57390.53331478779    0.53173380857762       0.025056394222631943    25    
57391.03331478779    0.523396678203224      0.02492241953031992     25    
57391.53331478779    0.5152290272308708     0.024994549700537712    25    
57392.03331478779    0.5072826321752394     0.02518607999475753     25    
57392.53331478779    0.49961670604777286    0.025436850383968257    25    
57393.03331478779    0.49221198679397615    0.025859506025658792    25    
57393.53331478779    0.48507367405937246    0.026300933476630203    25    
57394.03331478779    0.47823111137689983    0.02651810210637364     25    
57394.53331478779    0.4717089910034061     0.026390601770859258    25    
57395.03331478779    0.46548388065786506    0.02605061545970213     25    
57395.53331478779    0.45951293706640467    0.02564204188763527     25    
57396.03331478779    0.45377963335290844    0.025328943862540712    25    
57396.53331478779    0.44830782606573405    0.025080280923169       25    
57397.03331478779    0.443049578238453      0.024599750481497498    25    
57397.53331478779    0.43796275603050616    0.023515786919416113    25    
57398.03331478779    0.433075875158742      0.021504516633024648    25    
57398.53331478779    0.4283644348920543     0.019162464687041386    25    
57399.03331478779    0.4237892561524883     0.017504799323371747    25    
57399.53331478779    0.4193531077419941     0.017099230090485414    25    
57400.03331478779    0.415061882855809      0.017362219946719406    25    
57400.53331478779    0.4109047989534772     0.017598437608731643    25    
57401.03331478779    0.40687887636738773    0.017483311714666907    25    
57401.53331478779    0.40298805914884034    0.017312504803748414    25    
57402.03331478779    0.3992259817925        0.01712990642704958     25    
57402.53331478779    0.3955887025026486     0.016960720976139813    25    
57403.03331478779    0.39208023934545827    0.0167808784259682      25    
57403.53331478779    0.38869522912130056    0.016620237787208624    25    
57404.03331478779    0.3854278992662229     0.01651486376830966     25    
57404.53331478779    0.3822819494519216     0.01646425730315266     25    
57405.03331478779    0.37925416564147907    0.01645457853357461     25    
57405.53331478779    0.37633805888337185    0.016475783001129153    25    
57406.03331478779    0.37353478169349175    0.016395934852481107    25    
57406.53331478779    0.37084438357829624    0.016331052592324934    25    
57407.03331478779    0.36826036421503056    0.01660473588234989     25    
57407.53331478779    0.3657803282954296     0.017529519786703876    25    
57408.03331478779    0.3634074751570133     0.01891900593639522     25    
57408.53331478779    0.36113571384135273    0.02019311487785885     25    
57409.03331478779    0.3589601814829964     0.02090300236643882     25    
57409.53331478779    0.35688503260289167    0.02106694918634091     25    
57410.03331478779    0.35490568861636845    0.021219258643288913    25    
57410.53331478779    0.35301593348145327    0.02187283800319999     25    