#Date  :
#Flux  :
#Fluxerr  :
#ZP  :
#end  :
@INSTRUMENT  CNIa02
@BAND  SDSS_i
@MAGSYS  AB
58702.17739999993  1744.2149315611769  97.99536052871508  25.0
58703.428299999796  1698.2436524617442  100.10497327098442  25.0
58705.16900000023  1681.1249744769596  61.934932890537986  25.0
58707.417299999855  1728.223872949768  52.527849358745065  25.0
58709.158900000155  1804.6791465567192  121.33847717355891  25.0
58709.41910000006  1903.7065317420788  84.16216860265823  25.0
58710.41759999981  1875.8581737992838  124.39650434473548  25.0
58714.161799999885  1910.7329810428735  80.95310513001206  25.0
58716.13899999997  1953.439656398258  82.76248300441856  25.0
58717.79989999998  1887.9913490962965  62.60055459976643  25.0
58720.128099999856  1813.0091670170227  93.51121654336937  25.0
58721.76720000012  1645.8869432193035  68.21630532322125  25.0
58733.11810000008  914.53430312046  40.43122662488546  25.0
58736.08619999979  832.5302067492414  34.50548958321956  25.0
58738.332700000145  723.7690370745296  27.99786856481466  25.0
58741.33099999977  652.2288424656408  37.24494776476916  25.0
58744.33110000007  589.9293451041436  43.467600510249774  25.0
