#Date  :
#Flux  :
#Fluxerr  :
#ZP  :
#end  :
@INSTRUMENT  PS
@BAND  PS_z
@MAGSYS  AB
54956.5  -28.10099983215332  18.055999755859375  27.5198
54957.6015625  31.8799991607666  22.405000686645508  27.5198
54986.5  -70.60399627685547  57.97600173950195  27.5198
54995.3984375  40.111000061035156  25.49799919128418  27.5198
54998.3984375  -3.812999963760376  19.292999267578125  27.5198
55004.3984375  -68.03500366210938  52.073001861572266  27.5198
55007.3984375  11.769000053405762  27.216999053955078  27.5198
55010.3984375  -12.451000213623047  21.0  27.5198
55013.3984375  14.62600040435791  16.60700035095215  27.5198
55016.30078125  10.300000190734863  23.673999786376953  27.5198
55094.19921875  -54.46799850463867  56.275001525878906  27.5198
55103.19921875  -15.583000183105469  18.913000106811523  27.5198
55295.6015625  -32.650001525878906  23.634000778198242  27.5198
55298.6015625  0.27000001072883606  13.121000289916992  27.5198
55304.6015625  -28.533000946044922  21.156999588012695  27.5198
55325.5  -2.3369998931884766  17.773000717163086  27.5198
55328.6015625  -3.2039999961853027  27.97100067138672  27.5198
55331.5  -1.7949999570846558  14.979000091552734  27.5198
55337.5  36.7760009765625  16.525999069213867  27.5198
55352.5  90.4229965209961  9.1899995803833  27.5198
55361.3984375  105.46199798583984  17.22100067138672  27.5198
55364.3984375  71.84100341796875  26.03700065612793  27.5198
55367.30078125  64.46600341796875  13.359999656677246  27.5198
55376.3984375  29.304000854492188  15.37600040435791  27.5198
55379.30078125  58.09299850463867  13.303999900817871  27.5198
55406.3984375  44.52000045776367  16.17099952697754  27.5198
55409.30078125  20.388999938964844  14.217000007629395  27.5198
55412.3984375  32.00699996948242  16.94099998474121  27.5198
55424.30078125  0.8399999737739563  10.083999633789062  27.5198
55427.30078125  -22.066999435424805  15.498000144958496  27.5198
55436.30078125  -9.092000007629395  28.4950008392334  27.5198
55439.19921875  21.077999114990234  12.847999572753906  27.5198
55442.19921875  -19.702999114990234  12.364999771118164  27.5198
55445.19921875  65.26000213623047  16.079999923706055  27.5198
55451.30078125  24.88599967956543  43.14099884033203  27.5198
55454.19921875  6.6579999923706055  12.914999961853027  27.5198
55457.19921875  -3.364000082015991  20.042999267578125  27.5198
55595.69921875  -0.6740000247955322  15.817999839782715  27.5198
55673.6015625  2.572000026702881  10.951000213623047  27.5198
55676.6015625  67.71399688720703  137.9669952392578  27.5198
55694.5  -11.288000106811523  113.23600006103516  27.5198
55724.5  6.807000160217285  16.349000930786133  27.5198
55736.5  -3.131999969482422  9.461000442504883  27.5198
55739.5  2.1050000190734863  28.520999908447266  27.5198
55742.30078125  10.805999755859375  12.392999649047852  27.5198
55745.30078125  35.40299987792969  14.916999816894531  27.5198
55748.30078125  7.333000183105469  5.488999843597412  27.5198
55751.30078125  -1.5529999732971191  16.393999099731445  27.5198
55754.30078125  -13.65999984741211  9.1899995803833  27.5198
55760.30078125  -15.024999618530273  15.53499984741211  27.5198
55763.30078125  4.210000038146973  18.023000717163086  27.5198
55766.30078125  -13.14900016784668  22.697999954223633  27.5198
55769.30078125  -1.3459999561309814  8.517000198364258  27.5198
55775.30078125  -2.0899999141693115  8.008999824523926  27.5198
55778.30078125  -3.384999990463257  13.46500015258789  27.5198
55790.30078125  -0.5550000071525574  11.144000053405762  27.5198
55793.30078125  -1.496000051498413  8.805000305175781  27.5198
55796.30078125  -1.2869999408721924  6.989999771118164  27.5198
55799.19921875  7.394000053405762  10.553999900817871  27.5198
55802.19921875  8.638999938964844  18.243000030517578  27.5198
55805.19921875  -7.172999858856201  17.410999298095703  27.5198
56046.6015625  -24.826000213623047  17.02899932861328  27.5198
56054.5  39.382999420166016  26.656999588012695  27.5198
56056.5  -9.267999649047852  9.72700023651123  27.5198
56058.5  13.21399974822998  27.9689998626709  27.5198
56061.5  -12.824999809265137  12.430000305175781  27.5198
56064.5  2.630000114440918  22.792999267578125  27.5198
56067.5  2.239000082015991  12.180999755859375  27.5198
56072.3984375  -7.946000099182129  14.192999839782715  27.5198
56075.5  -40.49700164794922  35.92399978637695  27.5198
56085.3984375  -4.0269999504089355  18.527999877929688  27.5198
56090.30078125  15.541999816894531  9.970999717712402  27.5198
56093.30078125  -10.477999687194824  10.548999786376953  27.5198
56137.30078125  4.041999816894531  11.361000061035156  27.5198
56141.30078125  -3.5290000438690186  19.086999893188477  27.5198
56400.6015625  49.08700180053711  24.71299934387207  27.5198
56410.5  44.89899826049805  25.04599952697754  27.5198
56412.5  -15.6899995803833  15.718000411987305  27.5198
56415.5  -13.25100040435791  8.58899974822998  27.5198
56421.5  5.927000045776367  9.98900032043457  27.5198
56429.3984375  -5.321000099182129  21.420000076293945  27.5198
56437.5  129.4709930419922  93.2229995727539  27.5198
56442.5  16.408000946044922  9.989999771118164  27.5198
56453.5  -6.559000015258789  13.447999954223633  27.5198
56459.30078125  2.930000066757202  9.069000244140625  27.5198
56461.5  -0.6549999713897705  12.449000358581543  27.5198
56463.30078125  -1.965999960899353  7.15500020980835  27.5198
56466.3984375  -30.266000747680664  45.902000427246094  27.5198
56471.3984375  21.20199966430664  28.19300079345703  27.5198
56474.3984375  17.118999481201172  18.483999252319336  27.5198
56477.30078125  3.328000068664551  7.366000175476074  27.5198
56480.3984375  12.710000038146973  11.87600040435791  27.5198
56482.30078125  -5.456999778747559  15.272000312805176  27.5198
56485.30078125  -2.6689999103546143  19.527000427246094  27.5198
56488.30078125  -1.2979999780654907  6.550000190734863  27.5198
56490.30078125  -1.6339999437332153  8.914999961853027  27.5198
56492.3984375  2.984999895095825  8.517999649047852  27.5198
56498.3984375  1.5429999828338623  13.713000297546387  27.5198
56506.30078125  -6.736000061035156  9.880000114440918  27.5198
56511.30078125  9.637999534606934  12.602999687194824  27.5198
56517.30078125  -8.72700023651123  7.682000160217285  27.5198
56519.30078125  -10.67199993133545  13.36299991607666  27.5198
56525.30078125  7.638999938964844  8.875  27.5198
56541.30078125  -28.469999313354492  40.507999420166016  27.5198
