#Date  :
#Flux  :
#Fluxerr  :
#ZP  :
#end  :
@INSTRUMENT  PS
@BAND  PS_z
@MAGSYS  AB
55013.6015625  -14.35099983215332  31.295000076293945  27.5198
55016.6015625  -23.976999282836914  18.716999053955078  27.5198
55034.5  -9.78600025177002  28.139999389648438  27.5198
55082.30078125  2.7760000228881836  21.472999572753906  27.5198
55091.30078125  19.1299991607666  15.755000114440918  27.5198
55094.3984375  -84.30500030517578  86.64600372314453  27.5198
55097.30078125  0.2370000034570694  17.937999725341797  27.5198
55388.6015625  -9.336999893188477  17.78700065612793  27.5198
55400.6015625  -4.885000228881836  81.22899627685547  27.5198
55409.5  14.482000350952148  15.760000228881836  27.5198
55412.5  -6.5929999351501465  13.666999816894531  27.5198
55415.6015625  -21.63800048828125  19.51799964904785  27.5198
55427.5  0.8420000076293945  13.538000106811523  27.5198
55436.3984375  -29.83799934387207  16.388999938964844  27.5198
55439.30078125  -29.530000686645508  15.675999641418457  27.5198
55442.5  17.889999389648438  17.65399932861328  27.5198
55445.3984375  -8.267000198364258  18.354000091552734  27.5198
55451.5  103.4229965209961  20.482999801635742  27.5198
55457.30078125  175.37100219726562  23.458999633789062  27.5198
55466.3984375  154.71200561523438  18.261999130249023  27.5198
55475.19921875  118.0719985961914  24.308000564575195  27.5198
55478.19921875  101.8479995727539  19.402000427246094  27.5198
55481.19921875  44.28499984741211  24.308000564575195  27.5198
55484.19921875  74.8219985961914  15.467000007629395  27.5198
55496.30078125  41.9379997253418  34.439998626708984  27.5198
55499.19921875  87.73100280761719  20.22800064086914  27.5198
55502.30078125  63.83100128173828  17.423999786376953  27.5198
55508.19921875  17.235000610351562  24.988000869750977  27.5198
55535.19921875  -0.11599999666213989  15.560999870300293  27.5198
55739.5  -65.63899993896484  28.0  27.5198
55742.6015625  -12.531000137329102  13.878999710083008  27.5198
55751.6015625  0.6949999928474426  14.164999961853027  27.5198
55754.6015625  -17.233999252319336  18.009000778198242  27.5198
55763.6015625  -8.6899995803833  23.33300018310547  27.5198
55772.5  23.993999481201172  20.576000213623047  27.5198
55793.6015625  -14.871999740600586  17.78700065612793  27.5198
55796.6015625  -8.78600025177002  13.859999656677246  27.5198
55799.30078125  10.890000343322754  15.529000282287598  27.5198
55802.5  25.999000549316406  18.1299991607666  27.5198
55805.30078125  25.91699981689453  23.430999755859375  27.5198
55808.30078125  41.15800094604492  22.26799964904785  27.5198
55823.30078125  -3.928999900817871  15.699000358581543  27.5198
55827.3984375  3.2799999713897705  12.758000373840332  27.5198
55830.30078125  -8.472000122070312  17.84600067138672  27.5198
55832.30078125  -49.97700119018555  31.636999130249023  27.5198
55854.30078125  -15.805000305175781  18.886999130249023  27.5198
55857.19921875  23.6299991607666  14.314000129699707  27.5198
55862.19921875  -264.572998046875  79.1050033569336  27.5198
56137.6015625  -2.1570000648498535  17.20800018310547  27.5198
56146.3984375  -4.616000175476074  13.387999534606934  27.5198
56149.6015625  1.2170000076293945  21.391000747680664  27.5198
56155.5  25.200000762939453  17.632999420166016  27.5198
56157.3984375  10.602999687194824  41.35200119018555  27.5198
56160.5  55.595001220703125  17.009000778198242  27.5198
56165.3984375  -6.698999881744385  14.185999870300293  27.5198
56173.6015625  47.709999084472656  53.856998443603516  27.5198
56192.30078125  -7.188000202178955  21.233999252319336  27.5198
56203.3984375  153.26300048828125  277.4150085449219  27.5198
56208.3984375  4.508999824523926  15.576000213623047  27.5198
56211.30078125  -19.84000015258789  15.067999839782715  27.5198
56214.19921875  -20.639999389648438  22.948999404907227  27.5198
56216.19921875  -3.127000093460083  19.54400062561035  27.5198
56219.30078125  -1.4769999980926514  13.005999565124512  27.5198
56229.30078125  2.3929998874664307  22.854999542236328  27.5198
56283.19921875  2.38100004196167  19.69700050354004  27.5198
56456.6015625  -21.445999145507812  42.48400115966797  27.5198
56477.5  -5.492000102996826  13.42300033569336  27.5198
56480.5  -7.322000026702881  24.214000701904297  27.5198
56482.5  -11.083000183105469  25.61199951171875  27.5198
56485.6015625  7.110000133514404  14.42199993133545  27.5198
56492.5  -15.85200023651123  13.737000465393066  27.5198
56506.6015625  0.718999981880188  14.116000175476074  27.5198
56511.6015625  8.550000190734863  16.916000366210938  27.5198
56517.3984375  22.27199935913086  21.1560001373291  27.5198
56519.6015625  -16.172000885009766  14.61299991607666  27.5198
56521.6015625  -19.27899932861328  15.894000053405762  27.5198
56530.3984375  0.6710000038146973  15.201000213623047  27.5198
56536.5  4.5370001792907715  14.343000411987305  27.5198
56539.3984375  0.9729999899864197  14.458999633789062  27.5198
56541.30078125  31.479999542236328  26.8700008392334  27.5198
56557.5  41.98099899291992  23.49799919128418  27.5198
56568.30078125  20.14900016784668  63.18600082397461  27.5198
56570.30078125  23.256999969482422  17.465999603271484  27.5198
56584.30078125  -1.8639999628067017  19.642000198364258  27.5198
56589.30078125  12.96500015258789  25.933000564575195  27.5198
56592.30078125  3.7880001068115234  15.805000305175781  27.5198
56600.30078125  -31.371000289916992  29.23200035095215  27.5198
56613.30078125  -5.638999938964844  15.055999755859375  27.5198
56628.19921875  27.724000930786133  18.41200065612793  27.5198
