#mB  c  mBmB x1x1 cc mBx1 mBc x1c
20.334147535313896  -0.3  0.0008061658793633645  0.11383332254084885  0.00047648869452207127  0.004413154497184979  0.0003556723043556948  -0.0007055847853706997
20.33622708444089  0.3  0.0007958369645904213  0.07290846597048492  0.0004973064853822602  0.0026502449176000974  0.00043058838653357504  -0.0008392946589185828
20.840385957746754  0.0  0.0009934512493623275  0.12496774994387945  0.000589779345217866  0.0046939856266805715  0.00048599649368220285  -0.0008667902522036924
21.340385957746754  0.0  0.0014417224615622703  0.21109925165176388  0.0008345935004361129  0.0078096927633022105  0.000698099323303339  -0.0009906007235700306
21.84038595774675  0.0  0.002475430973556526  0.41198554320851977  0.0014020905612997046  0.01501909533872771  0.0012169469573226914  -0.0009077112959960272
21.338547438692746  -0.15  0.0014632413055372653  0.26551767719360403  0.0008353960852874453  0.00985339017624445  0.0006312698475608687  -0.0009354069566561337
21.339624519916395  0.15  0.0014448227478315297  0.16937508708788904  0.0008389986920171856  0.00622898481548098  0.000760771389446348  -0.0010158449104436798
22.334147535313896  -0.3  0.005210312569801812  1.5729663885618625  0.0027003165417255437  0.056406760307797565  0.00165735952326037  0.00030391423641709653
22.336227084440893  0.3  0.005314264375464725  0.4895334536798807  0.0029612410444241444  0.01761223770556596  0.003251285474237918  -0.0008613576152006416
