54346.478634600084    22.91212167706728     8.529007091237622     25    
54346.978634600084    27.636736975473685    8.22195566682081      25    
54347.478634600084    32.824338804296964    8.499476803816615     25    
54347.978634600084    38.4824274269552      10.905482969154335    25    
54348.478634600084    44.612688341676176    13.422157890135924    25    
54348.978634600084    51.224936682665486    14.152260005862809    25    
54349.478634600084    58.31901708680971     13.972580168545402    25    
54349.978634600084    65.90611154020931     13.948801595586756    25    
54350.478634600084    73.9851718373021      13.983972617333981    25    
54350.978634600084    82.56779879719139     14.007220995158791    25    
54351.478634600084    91.6529993907583      14.018895200962342    25    
54351.978634600084    101.25184525121642    14.019451634444723    25    
54352.478634600084    111.36434654478262    14.007226252085296    25    
54352.978634600084    122.00087613682722    13.992932337672404    25    
54353.478634600084    133.19138782338007    14.007252676401583    25    
54353.978634600084    144.85620048248703    13.968100307302032    25    
54354.478634600084    157.13570204712406    13.745523916008894    25    
54354.978634600084    169.56206025727346    13.518688078638789    25    
54355.478634600084    181.65801467289054    13.553642211565192    25    
54355.978634600084    193.21190690554954    13.715066955862143    25    
54356.478634600084    203.2486550344961     13.82585208107301     25    
54356.978634600084    211.82892533153648    13.914472157238304    25    
54357.478634600084    217.9193545859893     13.940983782821244    25    
54357.978634600084    221.60731958873274    13.907474086278874    25    
54358.478634600084    223.43432673292733    13.903729723017387    25    
54358.978634600084    223.27162568024065    13.93432883478959     25    
54359.478634600084    222.26895557684395    13.988688920402133    25    
54359.978634600084    220.4662984553718     14.08727837972117     25    
54360.478634600084    218.68821222840748    14.141974294159008    25    
54360.978634600084    217.37271667056885    14.245432487403141    25    
54361.478634600084    216.41892145943655    14.013076655664186    25    
54361.978634600084    216.01455895674       12.728922307390324    25    
54362.478634600084    215.93833008508966    11.12162388656394     25    
54362.978634600084    215.9778844648767     10.762724121633818    25    
54363.478634600084    216.10248841892522    11.076406817002894    25    
54363.978634600084    216.03875358020323    11.118624678453452    25    
54364.478634600084    215.80484434349046    11.0686991065235      25    
54364.978634600084    215.14329518886956    10.999746593613722    25    
54365.478634600084    214.07897867592237    10.906952505447684    25    
54365.978634600084    212.3755269403806     10.881088689460555    25    
54366.478634600084    210.04570795903382    10.94583523924607     25    
54366.978634600084    206.89078257856008    10.976043447263681    25    
54367.478634600084    202.8178626603278     11.00183191380573     25    
54367.978634600084    198.0094408195991     10.797962712439078    25    
54368.478634600084    192.43337209689665    10.033952673891235    25    
54368.978634600084    186.36424641789785    9.249331014837285     25    
54369.478634600084    179.99174997448208    9.12605166565294      25    
54369.978634600084    173.4278921097856     9.249723334793918     25    
54370.478634600084    166.97897456596934    9.205110249481205     25    
54370.978634600084    160.6325126643368     9.11279952139497      25    
54371.478634600084    154.63116679303047    8.989344377782999     25    
54371.978634600084    148.9490347302271     8.84197158566694      25    
54372.478634600084    143.73974683989988    8.790049266325534     25    
54372.978634600084    138.98804688627627    8.832392572735948     25    
54373.478634600084    134.84861645957048    8.851187616744648     25    
54373.978634600084    131.33503288975672    8.864674357494973     25    
54374.478634600084    128.43841735746545    8.686563660878452     25    
54374.978634600084    126.18842295883277    8.122933741102354     25    
54375.478634600084    124.47889214839317    7.661549642445198     25    
54375.978634600084    123.28384519996382    7.706389830332319     25    
54376.478634600084    122.54141957502382    7.873271726796653     25    
54376.978634600084    122.19696452115092    7.903831569496351     25    
54377.478634600084    122.21106712332764    7.892942275044671     25    
54377.978634600084    122.48792570855181    7.820155296270362     25    
54378.478634600084    123.01440646805852    7.720712333171876     25    
54378.978634600084    123.6549098749084     7.737788582173786     25    
54379.478634600084    124.41850431290558    7.838658255363782     25    
54379.978634600084    125.15382162550176    7.898659761132895     25    
54380.478634600084    125.8711004855792     7.923842761041243     25    
54380.978634600084    126.50614492747808    7.913803600313182     25    
54381.478634600084    127.04818196967443    7.865197928438613     25    
54381.978634600084    127.52147333601609    7.789877606677144     25    
54382.478634600084    127.9263159250872     7.670825385421982     25    
54382.978634600084    128.27557838700423    7.57952608570433      25    
54383.478634600084    128.58507261356715    7.589519913645915     25    
54383.978634600084    128.83231635430653    7.604812932668445     25    
54384.478634600084    129.01521992354637    7.512857458556129     25    
54384.978634600084    129.10285414895208    7.409476459413073     25    
54385.478634600084    129.03797693019908    7.450244965988393     25    
54385.978634600084    128.8168344191        7.566604617104744     25    
54386.478634600084    128.36381069064157    7.632566074393269     25    
54386.978634600084    127.68755965120585    7.6646660621719       25    
54387.478634600084    126.74741483059287    7.600257964123249     25    
54387.978634600084    125.54367338846816    7.413713317999975     25    
54388.478634600084    124.0922999197822     7.520991989318748     25    
54388.978634600084    122.39209137003316    8.045180741457845     25    
54389.478634600084    120.45678271977204    8.412925272240479     25    
54389.978634600084    118.2849759206288     8.46085595947487      25    
54390.478634600084    115.89707302305872    8.400516585597021     25    
54390.978634600084    113.29663750834133    8.26352190049182      25    
54391.478634600084    110.50695566223295    8.121924898523739     25    
54391.978634600084    107.55133768144535    8.113469632485142     25    
54392.478634600084    104.43926344838351    8.164439788523252     25    
54392.978634600084    101.19954172397541    8.223750170758828     25    
54393.478634600084    97.84132664522467     8.280139998612766     25    
54393.978634600084    94.42790893386353     8.285104480059674     25    
54394.478634600084    90.957354718714       8.218436656567466     25    
54394.978634600084    87.55712153846574     7.362741168866981     25    
54395.478634600084    84.21489211770424     5.189255981428581     25    
54395.978634600084    81.06019569333259     3.244851030580408     25    
54396.478634600084    78.10237392759151     3.274739170954147     25    
54396.978634600084    75.38545789236412     3.550801788872054     25    
54397.478634600084    72.95004094774038     3.449984341471824     25    
54397.978634600084    70.72212063073128     3.3531861052147653    25    
54398.478634600084    68.68232978419097     3.295135557175763     25    
54398.978634600084    66.79072693106542     3.266733961371125     25    
54399.478634600084    64.99149459190603     3.28999002969451      25    
54399.978634600084    63.281152034393074    3.3292049696921917    25    
54400.478634600084    61.60366629626643     3.3036273267976215    25    
54400.978634600084    59.97167481938432     3.2402624343720663    25    
54401.478634600084    58.384041014610055    3.1903042584731214    25    
54401.978634600084    56.84129003291405     3.148723285647478     25    
54402.478634600084    55.34905460233052     3.1333924345427255    25    
54402.978634600084    53.90702102377156     3.147220211872525     25    
54403.478634600084    52.518577652133686    3.162522092379123     25    
54403.978634600084    51.1844183922703      3.1796854410262787    25    
54404.478634600084    49.903842521613115    3.178321217968174     25    
54404.978634600084    48.676974757833314    3.143698173027281     25    
54405.478634600084    47.50325096408352     3.097564772620934     25    
54405.978634600084    46.38242165559508     3.0480554332497705    25    
54406.478634600084    45.31421121419515     3.0007718072432286    25    
54406.978634600084    44.29819090656737     2.9705720040021113    25    
54407.478634600084    43.33425237022741     2.9527765273664084    25    
54407.978634600084    42.42182729549703     2.9488641236401554    25    
54408.478634600084    41.560919151162906    2.955618289446281     25    
54408.978634600084    40.75087560713092     2.9520127864756547    25    
54409.478634600084    39.99175634174871     2.9407157131933395    25    
54409.978634600084    39.2828806262161      2.9444491564164204    25    
54410.478634600084    38.62430872673155     2.953809096015171     25    
54410.978634600084    38.01538713749926     3.0514818227738933    25    