@INSTRUMENT MOSAICII
@BAND MOSAICII_I
@MAGSYS Linear_AB11_off
#Date : MJD
#Flux : 
#Fluxerr : 
#ZP : 
#end
53268.1542  -2.6948  1.1169  25.0
53283.1687  -1.0362  1.646  25.0
53289.0784  0.5362  1.265  25.0
53293.0616  1.4673  1.2727  25.0
53297.0867  0.9005  1.169  25.0
53315.0965  0.2809  0.9761  25.0
53323.1064  0.0834  0.7604  25.0
53329.0592  -0.4375  0.9011  25.0
53342.1043  -0.6584  0.95  25.0
53346.098  -0.2182  1.1084  25.0
53350.0785  0.941  1.0407  25.0
53354.0715  -1.0981  0.9043  25.0
53358.0778  1.3232  1.1119  25.0
53639.1065  0.551  1.1117  25.0
53652.0775  0.2868  1.155  25.0
53696.0999  0.2085  0.6426  25.0
53702.1302  -0.4679  0.7807  25.0
53706.0982  -0.1322  0.7734  25.0
53708.1059  -1.0599  0.7573  25.0
53712.1088  0.6838  0.9952  25.0
53994.2523  -1.2699  0.6392  25.0
54003.2607  -0.3141  1.2357  25.0
54021.2533  3.9737  2.1782  25.0
54029.2618  0.2803  0.9279  25.0
54033.2541  -2.2909  3.4724  25.0
54051.0709  0.8816  1.2877  25.0
54055.2134  1.4827  1.9353  25.0
54059.2155  4.1102  2.3477  25.0
54063.218  -0.1614  1.0328  25.0
54065.2127  1.6254  1.1109  25.0
54067.2119  0.3261  1.683  25.0
54069.2085  -0.9392  2.3277  25.0
54084.0864  -1.9285  1.7463  25.0
54088.0973  1.9817  1.0785  25.0
54094.0803  0.5913  1.002  25.0
54098.0751  2.3785  2.2331  25.0
54099.036  -0.5552  3.0545  25.0
54111.092  -1.8872  1.3181  25.0
54113.0582  0.3668  0.9968  25.0
54357.3033  0.0787  1.0796  25.0
54379.2366  11.4445  1.4164  25.0
54383.2572  14.1441  0.9842  25.0
54409.2251  7.312  1.0231  25.0
54415.0591  6.0137  1.5816  25.0
54435.141  3.629  1.4338  25.0
54439.0626  2.6446  0.8682  25.0
54441.0641  4.3373  0.8767  25.0
54443.0592  2.5423  1.1269  25.0
54445.0514  3.1283  0.8766  25.0
54447.0542  2.8594  0.7193  25.0
54449.0558  2.2089  0.8832  25.0
54451.0704  1.5104  1.4266  25.0
54464.0739  0.7084  0.9564  25.0
54467.0973  0.3434  1.1827  25.0
54474.0809  3.2762  1.5963  25.0
