53145.91707431715    3.1598878029316       0.5794821764781185     25    
53146.41707431715    3.611108691202075     0.5766730519341774     25    
53146.91707431715    4.086262392702435     0.5756603277641994     25    
53147.41707431715    4.581688405757234     0.5927441469669306     25    
53147.91707431715    5.0985311639243855    0.6342335626312493     25    
53148.41707431715    5.634384405387357     0.6734719219890757     25    
53148.91707431715    6.1867367284297385    0.6886597468171561     25    
53149.41707431715    6.756784264358107     0.6880208260369464     25    
53149.91707431715    7.340919953648239     0.6854687715464707     25    
53150.41707431715    7.938547561182099     0.6866035037598672     25    
53150.91707431715    8.549382782736236     0.6875698846050798     25    
53151.41707431715    9.169716907691644     0.6882787752134832     25    
53151.91707431715    9.800635694247319     0.6886990311906028     25    
53152.41707431715    10.439841509291755    0.6889378610051905     25    
53152.91707431715    11.084721300013777    0.6890194646127761     25    
53153.41707431715    11.736515917858371    0.6888848073387787     25    
53153.91707431715    12.39167523425768     0.6890345754976664     25    
53154.41707431715    13.049864905449457    0.6838576324109967     25    
53154.91707431715    13.710429500457044    0.6804977864651478     25    
53155.41707431715    14.36848834078856     0.7016929657175376     25    
53155.91707431715    15.028550506132454    0.7572238623448624     25    
53156.41707431715    15.679925755415642    0.8120146819000643     25    
53156.91707431715    16.312174579022212    0.8368165503462881     25    
53157.41707431715    16.9308383818058      0.8414962782590345     25    
53157.91707431715    17.517602403077497    0.8423871514839383     25    
53158.41707431715    18.066985512003427    0.846696086664058      25    
53158.91707431715    18.579987878572602    0.8498362267923744     25    
53159.41707431715    19.039405203578166    0.8513273289267824     25    
53159.91707431715    19.441848973423852    0.8497497524170489     25    
53160.41707431715    19.795989378576984    0.8484420958268132     25    
53160.91707431715    20.105981133273602    0.8515383428828215     25    
53161.41707431715    20.36802972831839     0.8581137247710525     25    
53161.91707431715    20.600004263119736    0.8659339139130224     25    
53162.41707431715    20.80763892474251     0.8756999855814029     25    
53162.91707431715    20.989670858897977    0.8860505428075384     25    
53163.41707431715    21.163561776848532    0.8906821571646949     25    
53163.91707431715    21.331324091924838    0.8955180762315975     25    
53164.41707431715    21.48847307272025     0.8874894391905384     25    
53164.91707431715    21.634952689793703    0.8406852074579514     25    
53165.41707431715    21.772554501991277    0.7451124139845315     25    
53165.91707431715    21.890402214844578    0.6560505594862712     25    
53166.41707431715    21.98461212500831     0.6339213275937301     25    
53166.91707431715    22.056290288657657    0.6506465517651537     25    
53167.41707431715    22.094805860036978    0.6611528963931623     25    
53167.91707431715    22.097973144802122    0.6602713889655547     25    
53168.41707431715    22.07004007030116     0.6580627522998956     25    
53168.91707431715    22.012554527748904    0.6559175355683545     25    
53169.41707431715    21.923264167881968    0.6528802851496056     25    
53169.91707431715    21.81241837522107     0.6522679153187639     25    
53170.41707431715    21.684043382646365    0.6581742294760817     25    
53170.91707431715    21.53687012244329     0.6674945166921765     25    
53171.41707431715    21.38162466872276     0.6722862131302193     25    
53171.91707431715    21.219339698135954    0.676338062359348      25    
53172.41707431715    21.048722068584755    0.6715277577114792     25    
53172.91707431715    20.8715622617453      0.6393019073300421     25    
53173.41707431715    20.688328604728135    0.5707343039896956     25    
53173.91707431715    20.49458916557823     0.5046493436860353     25    
53174.41707431715    20.288509243011003    0.48582373374531973    25    
53174.91707431715    20.07074636866536     0.49613453155574117    25    
53175.41707431715    19.836840514795092    0.5033558245349795     25    
53175.91707431715    19.585667093531523    0.5023840867357108     25    
53176.41707431715    19.318940348676865    0.5002103716091492     25    
53176.91707431715    19.037228054880146    0.49669430038767876    25    
53177.41707431715    18.739365629783986    0.4907673453650087     25    
53177.91707431715    18.43012411768704     0.4873081399114811     25    
53178.41707431715    18.111696864799008    0.49157125212946384    25    
53178.91707431715    17.783262983922768    0.5003842798250474     25    
53179.41707431715    17.450328220909945    0.5056897864738347     25    
53179.91707431715    17.1119745262132      0.5066327250609477     25    
53180.41707431715    16.77069559739734     0.5039773161679814     25    
53180.91707431715    16.43165784233245     0.49513093532016134    25    
53181.41707431715    16.09254590047238     0.47787349042865934    25    
53181.91707431715    15.758841322060054    0.4618338696471615     25    
53182.41707431715    15.433642298562452    0.456216087385693      25    
53182.91707431715    15.115673634610854    0.45684976453928866    25    
53183.41707431715    14.811607650034421    0.4570961866661514     25    
53183.91707431715    14.522106901749858    0.4560374432969403     25    
53184.41707431715    14.2471037453187      0.45423835455929484    25    
53184.91707431715    13.989168958435448    0.4497304039281901     25    
53185.41707431715    13.748177925913094    0.4415816452773868     25    
53185.91707431715    13.52282441519415     0.4343910562871395     25    
53186.41707431715    13.312602893097102    0.43248421971313916    25    
53186.91707431715    13.117726079099521    0.43391028149364336    25    
53187.41707431715    12.93683039196535     0.4350674491413236     25    
53187.91707431715    12.770662468611855    0.43527596864858165    25    
53188.41707431715    12.61767272839952     0.43504702124324374    25    
53188.91707431715    12.475013971339152    0.43383871798142165    25    
53189.41707431715    12.34436413455547     0.43184448693075056    25    
53189.91707431715    12.22126576734849     0.4286262906486209     25    
53190.41707431715    12.102845542567932    0.42289532266491503    25    
53190.91707431715    11.990389401941625    0.4151042243640163     25    
53191.41707431715    11.878329655929404    0.4098209728236072     25    
53191.91707431715    11.765868464072776    0.40986401924833304    25    
53192.41707431715    11.653109169108978    0.411775035860138      25    
53192.91707431715    11.537510194878816    0.4109779441986084     25    
53193.41707431715    11.419078521200356    0.40663507856892017    25    
53193.91707431715    11.299019370474205    0.40374464309498226    25    
53194.41707431715    11.177856366752092    0.4073040694691182     25    
53194.91707431715    11.055343269108445    0.4152384709895114     25    
53195.41707431715    10.932693663022697    0.4212475149366817     25    
53195.91707431715    10.810051741374183    0.4240115145902352     25    
53196.41707431715    10.687478791486221    0.42443754751753643    25    
53196.91707431715    10.5657281629028      0.4212290930883211     25    
53197.41707431715    10.444686863394455    0.4149008315408157     25    
53197.91707431715    10.324419063331387    0.403877288841638      25    
53198.41707431715    10.205052651676873    0.3833476414022994     25    
53198.91707431715    10.086530841139634    0.3528832839546285     25    
53199.41707431715    9.968992707048807     0.3296208543535915     25    
53199.91707431715    9.8527761454201       0.3270056539484825     25    
53200.41707431715    9.737406959462387     0.3332611358688674     25    
53200.91707431715    9.62210675083239      0.3326130139704352     25    
53201.41707431715    9.507601997741922     0.3239097796614054     25    
53201.91707431715    9.391944954328295     0.3152888544525024     25    
53202.41707431715    9.273619471797124     0.31332069711702815    25    
53202.91707431715    9.15335055135553      0.3158635492418645     25    
53203.41707431715    9.028587534736332     0.31957596041373343    25    
53203.91707431715    8.898464833263835     0.3246943197299589     25    
53204.41707431715    8.763531546296802     0.330008671974305      25    
53204.91707431715    8.62316204967931      0.3310888333139719     25    
53205.41707431715    8.476501641224644     0.32819133845360504    25    
53205.91707431715    8.326146443166943     0.32172470570130524    25    
53206.41707431715    8.17403242193731      0.30969103994186803    25    
53206.91707431715    8.01920726976814      0.2912873129604317     25    
53207.41707431715    7.8649963167105605    0.27662754231214104    25    
53207.91707431715    7.712218159420878     0.27381926315432786    25    
53208.41707431715    7.560702360067825     0.27631143696466925    25    
53208.91707431715    7.41259589254106      0.27472170011051716    25    
53209.41707431715    7.267996864330506     0.2673692659775594     25    
53209.91707431715    7.126240645134326     0.2601618641411523     25    
53210.41707431715    6.987098426866037     0.25842972750147347    25    
53210.91707431715    6.850710455416177     0.26070954732166335    25    
53211.41707431715    6.716416963420677     0.2646465005869201     25    
53211.91707431715    6.583966306297259     0.2709974428777725     25    
53212.41707431715    6.453495020614172     0.2780172477415168     25    
53212.91707431715    6.324774040819224     0.2797652091763935     25    
53213.41707431715    6.197549076235547     0.27520326103956455    25    
53213.91707431715    6.072503212009827     0.2678493050205952     25    
53214.41707431715    5.950201359168332     0.26111169203191104    25    
53214.91707431715    5.830358173346958     0.2542754392868199     25    
53215.41707431715    5.713888738420192     0.243244793856801      25    
53215.91707431715    5.601088739968714     0.22139853359413791    25    
53216.41707431715    5.491867087449136     0.1923560872564259     25    
53216.91707431715    5.38686977538956      0.17268093119484565    25    
53217.41707431715    5.286186701693796     0.17037899746058305    25    
53217.91707431715    5.189546950235793     0.1740481459552245     25    
53218.41707431715    5.096815800746445     0.17309624933924286    25    
53218.91707431715    5.00807506925446      0.1705360118921883     25    
53219.41707431715    4.923011645161209     0.16784333981350985    25    
53219.91707431715    4.841544219397046     0.16518824730075923    25    
53220.41707431715    4.763675413084973     0.1625788456870904     25    
53220.91707431715    4.68907258086976      0.16088147060297298    25    
53221.41707431715    4.617817664075454     0.16024925785832456    25    
53221.91707431715    4.549730850652763     0.1603757960619687     25    
53222.41707431715    4.484564370721481     0.1602634395135382     25    
53222.91707431715    4.4224335807683675    0.15926901104954103    25    
53223.41707431715    4.363038827944535     0.16360390782136586    25    
53223.91707431715    4.306286010864953     0.17908759454428952    25    
53224.41707431715    4.252189415462506     0.19862545515969085    25    
53224.91707431715    4.200414113531345     0.21092433504537986    25    
53225.41707431715    4.151034947286885     0.21295722390379548    25    
53225.91707431715    4.1038826141445774    0.21464237430135918    25    
53226.41707431715    4.058701396006498     0.2235222466830752     25    