52342.154081698805    2045.5896166439968    593.972075810402      25    
52342.654081698805    2502.424181666804     549.6898603593828     25    
52343.154081698805    3009.0583106832805    606.054913212         25    
52343.654081698805    3566.503412772756     917.1623139129881     25    
52344.154081698805    4175.703347899874     1150.5522668844985    25    
52344.654081698805    4837.702935038741     1181.5364090136495    25    
52345.154081698805    5553.412915989305     1158.9655550744094    25    
52345.654081698805    6323.910936160302     1161.325042890443     25    
52346.154081698805    7150.0752026470855    1162.9555853935642    25    
52346.654081698805    8033.0156038329405    1163.6012987851225    25    
52347.154081698805    8973.578395568755     1163.3757118786534    25    
52347.654081698805    9972.905125752193     1162.1772098142237    25    
52348.154081698805    11031.810682449814    1160.4144656605692    25    
52348.654081698805    12153.414590015662    1164.699595614419     25    
52349.154081698805    13333.12585330815     1158.067415969779     25    
52349.654081698805    14580.26403569602     1104.5387805954554    25    
52350.154081698805    15856.722656701055    1044.3580575282526    25    
52350.654081698805    17129.208578965372    1038.5265598183155    25    
52351.154081698805    18360.50708766407     1052.4504531100688    25    
52351.654081698805    19493.68676052611     1058.009913519397     25    
52352.154081698805    20505.626150629494    1062.4411732929586    25    
52352.654081698805    21328.12646654221     1063.1608488739512    25    
52353.154081698805    21988.459249283642    1062.903372242037     25    
52353.654081698805    22486.574165832946    1065.0803928999485    25    
52354.154081698805    22850.76131853804     1068.5574174998733    25    
52354.654081698805    23119.351242008248    1074.2664665482362    25    
52355.154081698805    23306.466186226855    1079.3377050381694    25    
52355.654081698805    23456.58609186606     1093.3528620711127    25    
52356.154081698805    23559.26220455998     1081.8781878627813    25    
52356.654081698805    23622.531931736416    945.006174051096      25    
52357.154081698805    23634.626171238593    750.1106501083549     25    
52357.654081698805    23580.660872065782    707.7454269744684     25    
52358.154081698805    23456.52610730787     739.6868678626736     25    
52358.654081698805    23243.831164054234    739.7666782050002     25    
52359.154081698805    22951.620935551673    736.7494424692809     25    
52359.654081698805    22583.538283112775    732.2207501937393     25    
52360.154081698805    22149.63746640253     727.8164681507595     25    
52360.654081698805    21669.046288557838    728.7483511522368     25    
52361.154081698805    21147.13500025951     731.2713378931926     25    
52361.654081698805    20604.950085670203    737.2646182181124     25    
52362.154081698805    20041.83564526113     730.9059767772472     25    
52362.654081698805    19468.17807787966     655.0433854800007     25    
52363.154081698805    18882.46972483565     543.1831160581295     25    
52363.654081698805    18286.829083190114    514.1703825070518     25    
52364.154081698805    17681.753263804832    529.9747537383282     25    
52364.654081698805    17069.288157933133    528.4105851914944     25    
52365.154081698805    16450.129878847245    523.9316430734195     25    
52365.654081698805    15826.761539006615    516.5081082637781     25    
52366.154081698805    15199.879231522713    508.29288585059163    25    
52366.654081698805    14572.318141406704    506.0396750793823     25    
52367.154081698805    13944.725333913173    506.62069929594963    25    
52367.654081698805    13319.614654395487    510.5073759551448     25    
52368.154081698805    12698.647202453432    507.26309087009446    25    
52368.654081698805    12086.89859224428     450.3564732209625     25    
52369.154081698805    11486.206524612562    357.4474271649071     25    
52369.654081698805    10904.216746188764    327.28549226988264    25    
52370.154081698805    10342.062389549645    339.06440006532586    25    
52370.654081698805    9808.316174239742     338.99511624069373    25    
52371.154081698805    9301.870749065905     337.2617957127637     25    
52371.654081698805    8825.567661551751     332.43302526035046    25    
52372.154081698805    8377.660494457876     326.38002902881436    25    
52372.654081698805    7954.657754979909     325.2834846258306     25    
52373.154081698805    7556.077361098512     326.94922670523783    25    
52373.654081698805    7178.116496726657     327.45507741651556    25    
52374.154081698805    6820.807444490711     326.97615410365734    25    
52374.654081698805    6481.650854975011     326.8030089870118     25    
52375.154081698805    6160.8543033901815    321.5316432453553     25    
52375.654081698805    5857.532443470846     278.4667061096387     25    
52376.154081698805    5571.616890725169     200.5737059087542     25    
52376.654081698805    5302.242321494784     169.2691036360311     25    
52377.154081698805    5049.341819794753     180.69810827739462    25    
52377.654081698805    4812.071923236842     179.3970021918396     25    
52378.154081698805    4590.375975053532     175.1582331566553     25    
52378.654081698805    4383.4516491799095    174.95610727634815    25    
52379.154081698805    4191.234843233767     177.2717316310176     25    
52379.654081698805    4013.0578131471257    178.41697926400892    25    
52380.154081698805    3848.6111729379336    178.62546093413582    25    
52380.654081698805    3696.191629453685     175.73867100391212    25    
52381.154081698805    3555.369557892546     170.76808535058979    25    
52381.654081698805    3422.81418361593      168.71750551064105    25    
52382.154081698805    3298.3448513823896    168.7490308507871     25    
52382.654081698805    3178.3136670445792    169.66336598974718    25    
52383.154081698805    3062.957615175765     170.9886114705588     25    
52383.654081698805    2950.4774556811067    168.29342944465046    25    
52384.154081698805    2841.3583422225174    162.7602857750815     25    
52384.654081698805    2737.0874265490456    160.04170456642828    25    
52385.154081698805    2637.7498771776227    159.44637067977726    25    
52385.654081698805    2545.1048404809935    160.0376444362946     25    
52386.154081698805    2459.0185792701354    161.50015420484445    25    
52386.654081698805    2380.1884222823883    161.82155985675996    25    
52387.154081698805    2308.347378740732     160.21564656414603    25    
52387.654081698805    2242.0799434113073    144.52488269229372    25    
52388.154081698805    2181.335504433874     113.98110508808477    25    
52388.654081698805    2124.538441309402     100.62468224000894    25    
52389.154081698805    2071.7216461428497    105.47241528656254    25    
52389.654081698805    2021.7419772635203    105.34859793475304    25    
52390.154081698805    1974.6841851592555    102.4547433212087     25    
52390.654081698805    1930.3726158999427    101.30188771680682    25    
52391.154081698805    1888.814976445401     101.61873210079705    25    
52391.654081698805    1849.9035743299958    102.84480768862592    25    
52392.154081698805    1813.627570129222     104.77891441221858    25    
52392.654081698805    1779.7706990558947    104.49578610742135    25    
52393.154081698805    1748.3132735494971    102.33541908330244    25    
52393.654081698805    1718.7749428762663    100.79412894624555    25    
52394.154081698805    1691.153006984223     99.81156864869867     25    
52394.654081698805    1664.9347482357236    100.45562572432756    25    
52395.154081698805    1640.1277408768847    102.53843729182994    25    
52395.654081698805    1616.3328946845922    103.82742347242258    25    
52396.154081698805    1593.5654797913535    104.42599533246486    25    
52396.654081698805    1571.7578683168135    103.99364641325222    25    
52397.154081698805    1550.9120578337051    102.5637664549268     25    
52397.654081698805    1530.9879033142272    101.04192800915845    25    
52398.154081698805    1511.9856162658014    99.4123842813226      25    
52398.654081698805    1493.8614700231283    98.28717520299004     25    
52399.154081698805    1476.6157116331133    97.66657699063501     25    
52399.654081698805    1460.2045853254172    97.45216342079799     25    
52400.154081698805    1444.628360817542     97.63907374562086     25    
52400.654081698805    1429.8432661029944    96.81493926638713     25    
52401.154081698805    1415.84958070099      94.95849923020887     25    
52401.654081698805    1402.6035292377653    95.05053093397883     25    
52402.154081698805    1390.1053881653581    97.0475850726999      25    
52402.654081698805    1378.3113916116286    104.69787771519995    25    