#mB  c  mBmB x1x1 cc mBx1 mBc x1c
20.240914822905648  -0.3  0.00034891537715254085  0.052545785359115325  0.00025847807506939653  0.0018456113283345993  0.00016073397904084873  0.0004987064927841134
20.241535482190443  0.3  0.00039389566182076357  0.03828305154628709  0.00027780329910646385  0.0014270709333437266  0.0002557311533392485  0.0005569361655874701
20.746334296921134  0.0  0.0005213224497719993  0.101012008459178  0.0003733892648415268  0.0035818138896918992  0.0002720057172456727  0.001194140661563402
21.246334296921134  0.0  0.000878051775436232  0.22735367495984574  0.0006299830012697375  0.007946563746100649  0.0004016006910964361  0.0025837971108534983
21.746334296921134  0.0  0.0017395671343001364  0.5400595883880679  0.0012517478975425237  0.018737701730657814  0.0007010879984450834  0.006009416048866819
21.244883212997934  -0.15  0.0008596577959898937  0.23874505060495926  0.0005957607432411793  0.00834415878508168  0.00028411107335528656  0.00244456351368899
21.24523022302374  0.15  0.0008962759821327842  0.2025938975458485  0.0006361657742239868  0.0071225611853397396  0.0004906811073444487  0.0025254332689022235
22.240914822905644  -0.3  0.003812536237800127  1.262937109993211  0.002086879858208378  0.04476455166472962  0.00018389908772543023  0.011440319942233905
22.241535482190443  0.3  0.0039244073455508436  1.0013774534175641  0.002610278336361923  0.034876307425882  0.0022091579081372345  0.013212597486860954
