53670.34346469509    280.0548374385903     83.4872697575213      25    
53670.84346469509    346.0449291549787     72.8717342913353      25    
53671.34346469509    420.257130016883      85.04729353022725     25    
53671.84346469509    503.04879997895296    148.82684820144925    25    
53672.34346469509    594.7088353318069     194.70369838849138    25    
53672.84346469509    695.6276936486064     201.40537392000127    25    
53673.34346469509    806.0620809722612     196.89301569879115    25    
53673.84346469509    926.4337377528394     197.22357946598473    25    
53674.34346469509    1056.9689945271468    197.48934081591645    25    
53674.84346469509    1198.11905988055      197.5935130628822     25    
53675.34346469509    1350.0817035853615    197.5530207787773     25    
53675.84346469509    1513.33578762064      197.35180699468503    25    
53676.34346469509    1688.0523357358072    197.04010295299173    25    
53676.84346469509    1875.046709044702     197.61526290976053    25    
53677.34346469509    2073.7612635884357    197.00764269198362    25    
53677.84346469509    2285.5596581514064    188.83153404445244    25    
53678.34346469509    2505.930183583348     177.7368401850052     25    
53678.84346469509    2726.5130591503976    175.43359542131094    25    
53679.34346469509    2944.00264070133      177.756092762524      25    
53679.84346469509    3145.0128537606606    178.7773034137406     25    
53680.34346469509    3328.352667105112     179.61132896494357    25    
53680.84346469509    3479.748077774926     179.92893441968639    25    
53681.34346469509    3602.61139521085      179.95532778130243    25    
53681.84346469509    3697.9609348612894    180.2848872073653     25    
53682.34346469509    3767.8662811155064    180.80119539917584    25    
53682.84346469509    3821.1336320778328    181.585848140674      25    
53683.34346469509    3858.046571900005     182.46677624209005    25    
53683.84346469509    3887.5456153002697    184.3786322576494     25    
53684.34346469509    3908.4237800980013    185.1179675038818     25    
53684.84346469509    3921.5345485789203    166.7380695851873     25    
53685.34346469509    3926.2475765918043    129.14901055252358    25    
53685.84346469509    3919.006371123939     112.13411860468051    25    
53686.34346469509    3899.8452629110348    117.42634909493465    25    
53686.84346469509    3865.302908540896     118.77204003521895    25    
53687.34346469509    3815.821490980737     118.29541483556801    25    
53687.84346469509    3753.1631947602987    117.60845791175018    25    
53688.34346469509    3677.469971488995     116.73078665860348    25    
53688.84346469509    3593.559582701849     116.47945009125658    25    
53689.34346469509    3501.3491666822874    116.81304828529225    25    
53689.84346469509    3405.498875561597     117.12186358634152    25    
53690.34346469509    3305.9305327541047    117.43400543625978    25    
53690.84346469509    3204.596363060779     111.19128028239594    25    
53691.34346469509    3101.5093039314625    96.6527768898406      25    
53691.84346469509    2996.9212352762042    88.55662658616545     25    
53692.34346469509    2890.826741585968     89.73435959023442     25    
53692.84346469509    2783.6043907930157    90.26225749760079     25    
53693.34346469509    2675.2304858161287    89.59441420146351     25    
53693.84346469509    2566.353726028886     88.58808368305021     25    
53694.34346469509    2456.9545137396126    87.14563443153182     25    
53694.84346469509    2347.85728181285      86.274816225352       25    
53695.34346469509    2239.068564156304     86.21231233644579     25    
53695.84346469509    2131.3894978869853    86.28708199433937     25    
53696.34346469509    2024.7974681080875    87.17815480703719     25    
53696.84346469509    1920.4001523247202    82.29857496035945     25    
53697.34346469509    1818.203640790351     66.54440332845962     25    
53697.84346469509    1719.5322224929869    54.085748604782864    25    
53698.34346469509    1624.4800066912094    54.260794625547746    25    
53698.84346469509    1534.2898124435847    55.52801208489683     25    
53699.34346469509    1449.3027856341928    55.33329828949322     25    
53699.84346469509    1369.5449994089386    54.894795529288025    25    
53700.34346469509    1295.270747048887     53.94719300467288     25    
53700.84346469509    1225.5616682001184    53.34792348597258     25    
53701.34346469509    1160.3079281538987    53.53084876620785     25    
53701.84346469509    1098.7698614624258    53.73739518064966     25    
53702.34346469509    1040.7108267784686    53.794734718576734    25    
53702.84346469509    985.7990122576101     53.55788993819449     25    
53703.34346469509    933.8354452366596     53.756691469332765    25    
53703.84346469509    884.8226573625161     50.883221143796405    25    
53704.34346469509    838.7322009911164     39.4114101893403      25    
53704.84346469509    795.5064010824943     26.522362057617904    25    
53705.34346469509    755.1370810551119     25.312807149459722    25    
53705.84346469509    717.5136005832687     27.096008578995576    25    
53706.34346469509    682.6090054064064     26.417987966378963    25    
53706.84346469509    650.2711826156034     25.897076514264942    25    
53707.34346469509    620.4264241813727     26.088296528450435    25    
53707.84346469509    592.9411777090661     26.403332253939553    25    
53708.34346469509    567.768849077207      26.563338059464858    25    
53708.84346469509    544.6586988026957     26.504709767182096    25    
53709.34346469509    523.4923626434663     25.896895988660678    25    
53709.84346469509    503.91498435773525    25.246816184652868    25    
53710.34346469509    485.6262718498836     25.092742929905103    25    
53710.84346469509    468.3496574841196     25.136201847282074    25    
53711.34346469509    451.6665962370061     25.342460868194102    25    
53711.84346469509    435.555224871965      25.407721858582462    25    
53712.34346469509    419.7349542777324     24.7029435804768      25    
53712.84346469509    404.4191584604012     23.8050098090127      25    
53713.34346469509    389.74948543709166    23.43668058781566     25    
53713.84346469509    375.8203236222369     23.334591797721597    25    
53714.34346469509    362.85265081381607    23.466603507201956    25    
53714.84346469509    350.8348803225982     23.643813365044377    25    
53715.34346469509    339.90234253277697    23.691273681424995    25    
53715.84346469509    329.9499542259349     23.20961783817002     25    
53716.34346469509    320.859202720117      20.425414860568587    25    
53716.84346469509    312.58748913633167    16.345673142188936    25    
53717.34346469509    304.98313601870984    15.408882165419547    25    
53717.84346469509    298.0254316460008     16.2437898062342      25    
53718.34346469509    291.57366415570067    16.049947201962382    25    
53718.84346469509    285.6225194667305     15.578136022786952    25    
53719.34346469509    280.07301769229014    15.394103342496631    25    
53719.84346469509    274.91442802525194    15.383392842284177    25    
53720.34346469509    270.0446511792095     15.525753172755667    25    
53720.84346469509    265.4625751436538     15.734074690702299    25    
53721.34346469509    261.0849871012552     15.58657828092503     25    
53721.84346469509    256.92165211945417    15.230493999959476    25    
53722.34346469509    252.95276386913247    15.057437883245306    25    
53722.84346469509    249.178995983201      15.058922742368226    25    
53723.34346469509    245.58660106131583    15.569423934409382    25    
53723.84346469509    242.1751890479848     16.405380809020343    25    
53724.34346469509    238.93034042973963    16.836686044830792    25    
53724.84346469509    235.85185134260743    16.977263977878543    25    
53725.34346469509    232.92476450734924    16.916268240527398    25    
53725.84346469509    230.14908427764937    16.660506199723653    25    
53726.34346469509    227.5096651374822     16.356678098676365    25    
53726.84346469509    225.0066487884741     15.998383751987364    25    
53727.34346469509    222.62478074244206    15.71300829998404     25    
53727.84346469509    220.36429399817416    15.497784347978351    25    
53728.34346469509    218.20986338291604    15.389137101984254    25    
53728.84346469509    216.16177196743598    15.384787388920335    25    
53729.34346469509    214.20466511959086    14.952636547332924    25    
53729.84346469509    212.33883475694714    14.037593362922198    25    
53730.34346469509    210.54893801315416    13.713559241364278    25    
53730.84346469509    208.83523442739443    14.026671395280705    25    
53731.34346469509    207.18243412429246    15.208876751821332    25    