57372.369823918765    1020.2737263097312    260.7686119103349     25    
57372.869823918765    1214.6391625694157    261.5269008469168     25    
57373.369823918765    1421.606656089425     264.70586039787133    25    
57373.869823918765    1640.0295884308646    276.0431694189028     25    
57374.369823918765    1869.0101636961504    287.4806168896762     25    
57374.869823918765    2107.2820891864144    290.77357269784744    25    
57375.369823918765    2354.063453655502     291.1733020133636     25    
57375.869823918765    2607.975869361671     292.35505470289337    25    
57376.369823918765    2868.3457304930853    293.1586075057236     25    
57376.869823918765    3133.690133482224     293.4365000805124     25    
57377.369823918765    3403.436198734498     293.258405603773      25    
57377.869823918765    3676.004086073683     292.5963065295918     25    
57378.369823918765    3950.9140629053336    291.6267051616937     25    
57378.869823918765    4226.702171986667     293.2826000409331     25    
57379.369823918765    4502.532628370046     292.0165161781879     25    
57379.869823918765    4777.130464126141     268.72874145477925    25    
57380.369823918765    5047.352145803019     233.9082406504454     25    
57380.869823918765    5304.9499548580725    226.5165343727825     25    
57381.369823918765    5547.7800075431405    235.44216399901924    25    
57381.869823918765    5763.907573117424     239.04423802605143    25    
57382.369823918765    5952.814056070077     241.17795875884536    25    
57382.869823918765    6101.972050582167     240.93079260523226    25    
57383.369823918765    6214.700710674962     239.4296220436599     25    
57383.869823918765    6295.08557397863      241.36676205392217    25    
57384.369823918765    6344.862576608517     245.71776271063644    25    
57384.869823918765    6376.401118575294     251.46106696250163    25    
57385.369823918765    6389.75706228681      257.7786698824418     25    
57385.869823918765    6397.241355330055     258.3382057171562     25    
57386.369823918765    6397.636913551186     253.90796078177095    25    
57386.869823918765    6392.350036617085     243.48546526790912    25    
57387.369823918765    6380.905877517975     227.37249224407543    25    
57387.869823918765    6359.001742590202     222.19012471370002    25    
57388.369823918765    6326.723152751828     227.26334208034692    25    
57388.869823918765    6280.110803583221     228.62804747669207    25    
57389.369823918765    6219.315572158654     226.77118632138618    25    
57389.869823918765    6146.063188256407     224.82138534017525    25    
57390.369823918765    6060.265890412637     222.7152348882952     25    
57390.869823918765    5966.810927749405     224.4162378595056     25    
57391.369823918765    5865.620288696119     230.25104775031934    25    
57391.869823918765    5761.250876008832     232.34598959083405    25    
57392.369823918765    5653.886970723645     230.4403470172171     25    
57392.869823918765    5544.599660722066     223.56253224961893    25    
57393.369823918765    5433.603593196237     209.92448881376615    25    
57393.869823918765    5319.910150547667     202.84566522036852    25    
57394.369823918765    5203.516224057495     205.78277346820062    25    
57394.869823918765    5083.660335409057     207.67185212451736    25    
57395.369823918765    4960.303621124146     207.0385950077845     25    
57395.869823918765    4832.834443605829     204.973622368158      25    
57396.369823918765    4701.2063690394025    200.69152793756118    25    
57396.869823918765    4564.90011301104      199.06065635782983    25    
57397.369823918765    4423.847469014799     202.21487800493466    25    
57397.869823918765    4277.618006982515     204.55059562570656    25    
57398.369823918765    4125.649719071925     206.60720129799807    25    
57398.869823918765    3970.0603574292486    198.9605478287923     25    
57399.369823918765    3810.6372583854773    170.84329720218796    25    
57399.869823918765    3651.1483909932153    146.25385242127152    25    
57400.369823918765    3492.264156678968     144.18009804239887    25    
57400.869823918765    3337.2034079045607    146.09068305206026    25    
57401.369823918765    3187.387906516893     145.7471222086924     25    
57401.869823918765    3043.4775900057607    144.39983283813984    25    
57402.369823918765    2906.4406975071633    140.20618605660798    25    
57402.869823918765    2775.1709632913917    136.70153831866813    25    
57403.369823918765    2649.445020023334     136.4606714605157     25    
57403.869823918765    2528.633782558829     136.89580743803418    25    
57404.369823918765    2412.277072395038     137.04323324482326    25    
57404.869823918765    2300.3106182914694    136.513265772763      25    
57405.369823918765    2192.4468585640234    136.01633964223447    25    
57405.869823918765    2089.0068580334837    131.43193498203962    25    
57406.369823918765    1990.119582261068     113.80646133445393    25    
57406.869823918765    1895.9527179895986    93.88120125335988     25    
57407.369823918765    1806.7623567690123    91.36402371781266     25    
57407.869823918765    1722.4211930929039    94.41947571318686     25    
57408.369823918765    1643.0031918545224    92.17532398043927     25    
57408.869823918765    1568.1839804099616    89.98342985929574     25    
57409.369823918765    1497.64997728352      91.38598755874092     25    
57409.869823918765    1431.2086751564232    93.74684308344064     25    
57410.369823918765    1368.4721223888616    94.85939269665394     25    
57410.869823918765    1309.3482634215181    94.80634224372808     25    
57411.369823918765    1253.5031800112208    92.33181547795942     25    
57411.869823918765    1200.9140873695487    87.84897103133775     25    
57412.369823918765    1151.3842303850124    80.4248150559223      25    
57412.869823918765    1104.8644489488113    72.00388346194046     25    
57413.369823918765    1061.1710186788064    70.7227437364351      25    
57413.869823918765    1020.2307842664554    72.81670032909025     25    
57414.369823918765    981.7926472822121     70.68492790903002     25    
57414.869823918765    945.7720395329195     66.98121191511649     25    
57415.369823918765    911.7883184861764     65.98250138000184     25    
57415.869823918765    879.794486119663      66.6633889905458      25    
57416.369823918765    849.3663071201706     68.13850423493632     25    
57416.869823918765    820.5121872158212     69.96739969716243     25    
57417.369823918765    792.9261822809468     69.99669990252698     25    
57417.869823918765    766.65209692432       68.33854578737085     25    
57418.369823918765    741.6572701487673     62.44340997527922     25    
57418.869823918765    717.9450434218431     52.68749107140981     25    
57419.369823918765    695.5004624998228     48.75544976262069     25    
57419.869823918765    674.3222941761817     49.98731648432375     25    
57420.369823918765    654.3877381752944     48.73544398819379     25    
57420.869823918765    635.695418984482      45.88644646188423     25    
57421.369823918765    618.20751339489       45.93384217786535     25    
57421.869823918765    601.9243428203969     48.47477090963068     25    
57422.369823918765    586.8133202303901     51.42729022848382     25    
57422.869823918765    572.872883543218      54.70083444731343     25    
57423.369823918765    560.0071269530412     54.79926707557786     25    
57423.869823918765    548.2181217716018     51.82131895066467     25    
57424.369823918765    537.2537266249531     48.854043051927384    25    
57424.869823918765    527.1195861781257     45.8949816427008      25    
57425.369823918765    517.55098894861       43.99417145591295     25    
57425.869823918765    508.5485011128486     43.37427293863302     25    
57426.369823918765    499.91387167661543    43.47088785307572     25    
57426.869823918765    491.6353639160669     44.37458702563481     25    
57427.369823918765    483.684224702002      44.34170037227209     25    
57427.869823918765    476.05779392962626    43.10703112328868     25    
57428.369823918765    468.73568858579955    41.55772519111345     25    
57428.869823918765    461.7175278123977     39.68026287627021     25    
57429.369823918765    454.98048129334995    38.10728414442682     25    
57429.869823918765    448.5237356258165     37.02559477087961     25    
57430.369823918765    442.32493519166457    36.27425252592074     25    
57430.869823918765    436.382749736894      35.63147419129981     25    
57431.369823918765    430.6753826477547     36.53991823867917     25    
57431.869823918765    425.2009025126417     39.57475604588322     25    
57432.369823918765    419.9381560286312     42.2448395678181      25    
57432.869823918765    414.88452632007017    42.81856953564228     25    
57433.369823918765    410.01958770130517    47.43555309135785     25    