@INSTRUMENT DECam
@BAND DECam_i
@MAGSYS AB
#Date : MJD
#Flux : 
#Fluxerr : 
#ZP : 
#end
56904.225  15.795  26.308  27.50049715930016
56915.296  612.48  26.648  27.50049715930016
56923.306  730.75  31.232  27.50049715930016
56931.165  685.35  29.799  27.50049715930016
56934.371  546.97  46.514  27.50049715930016
56936.365  473.21  28.564  27.50049715930016
56956.208  396.51  24.762  27.50049715930016
56973.077  167.39  21.59  27.50049715930016
56980.07  127.13  23.314  27.50049715930016
56987.075  112.11  19.876  27.50049715930016
