54334.67542626391    10.998634666163117    3.1805646900841906    25    
54335.17542626391    12.924894398428183    3.1254606593870324    25    
54335.67542626391    14.978410981365395    3.196336937890561     25    
54336.17542626391    17.147045938045856    3.831880441346254     25    
54336.67542626391    19.43210028410389     4.659614189788349     25    
54337.17542626391    21.81767378102748     5.036031437397679     25    
54337.67542626391    24.306462818275588    5.044079071967363     25    
54338.17542626391    26.883538171270022    5.019806000001768     25    
54338.67542626391    29.548258827777403    5.043911231047022     25    
54339.17542626391    32.291200131715144    5.062740453036869     25    
54339.67542626391    35.10424855650629     5.074804364007557     25    
54340.17542626391    37.98566414035728     5.0820697437532045    25    
54340.67542626391    40.92119224835913     5.086960397475577     25    
54341.17542626391    43.91327904019262     5.089215959290717     25    
54341.67542626391    46.94676172500198     5.10514304366879      25    
54342.17542626391    50.02806741808275     5.151525655303999     25    
54342.67542626391    53.12402246111011     5.156479733921777     25    
54343.17542626391    56.26627856387733     5.033522317373231     25    
54343.67542626391    59.34944831332008     4.91514753311152      25    
54344.17542626391    62.26242186167715     4.995272509839139     25    
54344.67542626391    64.99782646369489     5.184985134881386     25    
54345.17542626391    67.32065285210096     5.317386006386972     25    
54345.67542626391    69.26829430763854     5.406377365622967     25    
54346.17542626391    70.64982218371385     5.474472340128154     25    
54346.67542626391    71.38218226367734     5.495242397139683     25    
54347.17542626391    71.61279784118743     5.559810323516685     25    
54347.67542626391    71.35805717706774     5.759353632102723     25    
54348.17542626391    70.71310440398167     6.010795171227144     25    
54348.67542626391    69.91653763858785     6.250595483276176     25    
54349.17542626391    68.93066078566997     6.482342450821026     25    
54349.67542626391    68.02460431357181     6.503590599810769     25    
54350.17542626391    67.20238523786371     6.297551866118104     25    
54350.67542626391    66.46432352798922     5.930486461843042     25    
54351.17542626391    65.84837170788519     5.26677750232048      25    
54351.67542626391    65.28631463232435     4.551784012585872     25    
54352.17542626391    64.72549261326948     4.331879016766794     25    
54352.67542626391    64.16565847004519     4.426993633989465     25    
54353.17542626391    63.525214018388816    4.461378136902918     25    
54353.67542626391    62.814596068445255    4.479318223742602     25    
54354.17542626391    62.02692752962916     4.510152000316382     25    
54354.67542626391    61.15284542635831     4.541988361364763     25    
54355.17542626391    60.22097740255415     4.618477577204617     25    
54355.67542626391    59.24142304539721     4.817506462553689     25    
54356.17542626391    58.22117503197473     5.00998442647891      25    
54356.67542626391    57.18636703309487     5.015687283101279     25    
54357.17542626391    56.1301648133811      4.886352873494757     25    
54357.67542626391    55.05056204683197     4.631152937358512     25    
54358.17542626391    53.950928913763654    4.175569628322152     25    
54358.67542626391    52.808372341481984    3.8529437554223347    25    
54359.17542626391    51.620556678158074    3.9061480571727234    25    
54359.67542626391    50.37771449063676     4.048652304744424     25    
54360.17542626391    49.05702779181041     4.076957739759248     25    
54360.67542626391    47.67835856917722     4.072823794261511     25    
54361.17542626391    46.27215807533188     4.0347464675246565    25    
54361.67542626391    44.83255964728979     3.9607652723352658    25    
54362.17542626391    43.44533465663574     4.001053894378467     25    
54362.67542626391    42.10194088001294     4.2080034672276385    25    
54363.17542626391    40.86700765009053     4.376835111116635     25    
54363.67542626391    39.77436347950286     4.394622485373544     25    
54364.17542626391    38.820422076139074    4.376271913748203     25    
54364.67542626391    38.03271793855493     4.420491107255968     25    
54365.17542626391    37.4004576896983      4.494703858710731     25    
54365.67542626391    36.90532284279777     4.584072057906776     25    
54366.17542626391    36.55059909666825     4.697827888522409     25    
54366.67542626391    36.317482091186605    4.747048469675718     25    
54367.17542626391    36.20902062377063     4.714268660648269     25    
54367.67542626391    36.2033213994238      4.604687657188457     25    
54368.17542626391    36.28923447984709     4.357695316114184     25    
54368.67542626391    36.45712944215931     4.0456716246365625    25    
54369.17542626391    36.671822255674975    3.8870301421048987    25    
54369.67542626391    36.93894051523535     3.851593674791204     25    
54370.17542626391    37.21643476824973     3.8453601902779373    25    
54370.67542626391    37.50335334455802     3.875866269556775     25    
54371.17542626391    37.798348545850864    3.892580827713406     25    
54371.67542626391    38.090385295606055    3.8595337979523094    25    
54372.17542626391    38.40087940963904     3.8141182334517536    25    
54372.67542626391    38.74776840528118     3.778859693100009     25    
54373.17542626391    39.13131834731383     3.7526687418113736    25    
54373.67542626391    39.58308523827429     3.7750057936366757    25    
54374.17542626391    40.100413307819906    3.846831487148487     25    
54374.67542626391    40.671098237571655    3.87113999923283      25    
54375.17542626391    41.307642196021455    3.806552375526688     25    
54375.67542626391    41.96087948521861     3.7561276664431156    25    
54376.17542626391    42.611043673710974    3.8068987983507063    25    
54376.67542626391    43.243121259113714    3.8803960402390287    25    
54377.17542626391    43.80413553161265     3.88609172481242      25    
54377.67542626391    44.30521267242646     3.847492896095992     25    
54378.17542626391    44.72570845679167     3.7762781126329976    25    
54378.67542626391    45.060081498956144    3.6552453968030867    25    
54379.17542626391    45.34605204747996     3.5801144773941744    25    
54379.67542626391    45.58545936095218     3.6011531412616424    25    
54380.17542626391    45.79927901956612     3.6640831456289966    25    
54380.67542626391    46.01575190438123     3.739731251662444     25    
54381.17542626391    46.22542179596118     3.831434151471815     25    
54381.67542626391    46.43699613530805     3.897932039381345     25    
54382.17542626391    46.650359401105646    3.942321027732211     25    
54382.67542626391    46.81435528833966     4.150629054569626     25    
54383.17542626391    46.934561583014855    4.57684546073966      25    
54383.67542626391    46.969803428314385    4.93725969936172      25    
54384.17542626391    46.89815471317973     5.169408805181482     25    
54384.67542626391    46.72051566602393     5.261016473642188     25    
54385.17542626391    46.41259747647942     5.0540734337485205    25    
54385.67542626391    45.985539710215086    4.591591189842474     25    
54386.17542626391    45.47067670060345     4.046536981042309     25    
54386.67542626391    44.86213922683589     3.320712912142284     25    
54387.17542626391    44.19426494713994     2.7192858110307547    25    
54387.67542626391    43.470214936724254    2.574246823508532     25    
54388.17542626391    42.70411961253726     2.620208516360609     25    
54388.67542626391    41.912458647595464    2.6294572409955133    25    
54389.17542626391    41.09112333739263     2.6983344796366815    25    
54389.67542626391    40.24695541490227     2.850893606333087     25    
54390.17542626391    39.37876427073411     3.0680425379242484    25    
54390.67542626391    38.491928888856556    3.25396545672048      25    
54391.17542626391    37.58494944415212     3.432932770578903     25    
54391.67542626391    36.66622617317019     3.500932186189726     25    
54392.17542626391    35.73518531161979     3.3796313384339616    25    
54392.67542626391    34.8011432050161      3.1568399756001013    25    
54393.17542626391    33.87515238504434     2.9003356362106305    25    
54393.67542626391    32.95726758105677     2.5843803623376536    25    
54394.17542626391    32.06547955360263     2.277830835172336     25    
54394.67542626391    31.19703997957881     1.968364172840376     25    
54395.17542626391    30.364041647524072    1.7438915064070222    25    
54395.67542626391    29.569462255225748    1.6959287615648535    25    
54396.17542626391    28.810280110407987    1.7078234608916678    25    
54396.67542626391    28.08669011282176     1.697132868825079     25    
54397.17542626391    27.39753193878836     1.6954917192582581    25    
54397.67542626391    26.74056202105301     1.6913802888148408    25    
54398.17542626391    26.116094721166434    1.6874473640855667    25    
54398.67542626391    25.52136727422986     1.6849290861491453    25    
54399.17542626391    24.956807859018266    1.6848473353359172    25    
54399.67542626391    24.41994698539343     1.6807870848303537    25    
54400.17542626391    23.910512465384997    1.6672654496505956    25    
54400.67542626391    23.427077204342925    1.6535785787005837    25    
54401.17542626391    22.96804965330769     1.6342109036006887    25    
54401.67542626391    22.5332954649954      1.6280502831919208    25    
54402.17542626391    22.12026053582741     1.6766722503417686    25    
54402.67542626391    21.72940443077308     1.761340586451202     25    
54403.17542626391    21.3579862259853      2.0832221825715473    25    