52912.954979108414    0.6859601533453582    0.14452107832270458     25    
52913.454979108414    0.7820263692154261    0.1431857330446476      25    
52913.954979108414    0.8844288415895751    0.14180445655473936     25    
52914.454979108414    0.9931978555591076    0.1466184611586084      25    
52914.954979108414    1.1083356116268033    0.1628503779021025      25    
52915.454979108414    1.2298390804190775    0.18327468098610583     25    
52915.954979108414    1.3577384875353598    0.1976962393504448      25    
52916.454979108414    1.4920385591788108    0.2020879930028279      25    
52916.954979108414    1.6327339187510788    0.2014092939980469      25    
52917.454979108414    1.7798546133759816    0.20013472435394994     25    
52917.954979108414    1.9334077759733137    0.2005393871663932      25    
52918.454979108414    2.0933859206874468    0.20091680875527965     25    
52918.954979108414    2.2598187971828394    0.20120013889373023     25    
52919.454979108414    2.4327158261121733    0.20137188843515977     25    
52919.954979108414    2.6120676503300406    0.20144660187443256     25    
52920.454979108414    2.7979036030577906    0.20143384699470737     25    
52920.954979108414    2.9902352736972566    0.20132232261803004     25    
52921.454979108414    3.1890516717807262    0.2011124334388842      25    
52921.954979108414    3.3943815951027045    0.20088037434103154     25    
52922.454979108414    3.6064178429556666    0.20052153574386253     25    
52922.954979108414    3.8251754303268055    0.19998410964396834     25    
52923.454979108414    4.049855731932913     0.19999473361539594     25    
52923.954979108414    4.281130043629221     0.20128745592433403     25    
52924.454979108414    4.519848594292663     0.2036569098223899      25    
52924.954979108414    4.759723594343213     0.20603411828158444     25    
52925.454979108414    4.997330887810366     0.20759695925840574     25    
52925.954979108414    5.23617313988566      0.20869728977516686     25    
52926.454979108414    5.468147816140876     0.20962949155677        25    
52926.954979108414    5.687332022414288     0.21061279604803623     25    
52927.454979108414    5.898069598174337     0.21159784285319672     25    
52927.954979108414    6.093822326970793     0.2123841747873079      25    
52928.454979108414    6.2679572184066545    0.21274254714377594     25    
52928.954979108414    6.422463177487933     0.21262331375274143     25    
52929.454979108414    6.559640640395027     0.21248712036459802     25    
52929.954979108414    6.680323753267049     0.21276255294378404     25    
52930.454979108414    6.782411837659997     0.21332269827372607     25    
52930.954979108414    6.871256932795688     0.21406270320411133     25    
52931.454979108414    6.951888268671592     0.21499297093417796     25    
52931.954979108414    7.021140097143901     0.21631061028572993     25    
52932.454979108414    7.083095672950345     0.21746431088264762     25    
52932.954979108414    7.142943482946016     0.218286891548703       25    
52933.454979108414    7.1995408382075246    0.22052679360773408     25    
52933.954979108414    7.252035725281065     0.220092279590166       25    
52934.454979108414    7.300557255657752     0.21128123522451175     25    
52934.954979108414    7.346190960710489     0.1893884479473138      25    
52935.454979108414    7.386483902336462     0.1626552415954274      25    
52935.954979108414    7.418585984565904     0.1462618680116183      25    
52936.454979108414    7.443888912695275     0.14509876965075985     25    
52936.954979108414    7.460843370096601     0.1500562343830033      25    
52937.454979108414    7.466675321141305     0.1521238893259672      25    
52937.954979108414    7.461256008421162     0.15195773126179604     25    
52938.454979108414    7.445752447292081     0.15149856820760657     25    
52938.954979108414    7.420925597019429     0.15096319686766407     25    
52939.454979108414    7.385571718521037     0.1501546447556945      25    
52939.954979108414    7.341525097247414     0.1493464495629881      25    
52940.454979108414    7.291781939849997     0.1490542817591609      25    
52940.954979108414    7.235306302581365     0.14958854288845913     25    
52941.454979108414    7.173148337969245     0.15037770352421734     25    
52941.954979108414    7.108238416255661     0.15065664519811886     25    
52942.454979108414    7.040539178299909     0.14940449119227367     25    
52942.954979108414    6.969730075114487     0.14815703851837428     25    
52943.454979108414    6.896624777630494     0.14942692056497678     25    
52943.954979108414    6.821590879544505     0.15494553845570874     25    
52944.454979108414    6.744085414660908     0.16190629192959774     25    
52944.954979108414    6.663473240620515     0.16671649768591232     25    
52945.454979108414    6.5798318658851285    0.16841296583097196     25    
52945.954979108414    6.493102731048995     0.16861815694482157     25    
52946.454979108414    6.402708711115939     0.16846542704859216     25    
52946.954979108414    6.308239612330034     0.16819856496562827     25    
52947.454979108414    6.210144789236698     0.167524090591632       25    
52947.954979108414    6.1091265265214005    0.16663388038789498     25    
52948.454979108414    6.004869557236877     0.16537277806148049     25    
52948.954979108414    5.897643053116634     0.16386828394238187     25    
52949.454979108414    5.789111678361352     0.16278410141284913     25    
52949.954979108414    5.679439291597173     0.1626073431153519      25    
52950.454979108414    5.56841946547072      0.1629387312629349      25    
52950.954979108414    5.457697728590772     0.16312156839561642     25    
52951.454979108414    5.347755403815945     0.1635643605140646      25    
52951.954979108414    5.238150299250674     0.16406866902292244     25    
52952.454979108414    5.129872810000468     0.16218412801408794     25    
52952.954979108414    5.023326231448613     0.15490076185056778     25    
52953.454979108414    4.918179516771655     0.14324883940802727     25    
52953.954979108414    4.814875608057064     0.1330871454258638      25    
52954.454979108414    4.713574409767244     0.1299497374201978      25    
52954.954979108414    4.614125219611732     0.13141069451600237     25    
52955.454979108414    4.516936476852924     0.13344207429823457     25    
52955.954979108414    4.422256465763864     0.1336066137157242      25    
52956.454979108414    4.329923323894105     0.13341053931001723     25    
52956.954979108414    4.239999954757356     0.13295099702670943     25    
52957.454979108414    4.152588577018749     0.13206701739902604     25    
52957.954979108414    4.06767241507881      0.1307129836513418      25    
52958.454979108414    3.985006137458931     0.12963731925871408     25    
52958.954979108414    3.9044567306502223    0.12954669640304434     25    
52959.454979108414    3.826140548656941     0.13022530581919273     25    
52959.954979108414    3.7498229808995154    0.130958479706548       25    
52960.454979108414    3.6753298430858767    0.1312377783651208      25    
52960.954979108414    3.6027703292378557    0.1313292759487713      25    
52961.454979108414    3.532032528258621     0.13113876912785083     25    
52961.954979108414    3.463008933491703     0.13078762535114355     25    
52962.454979108414    3.3957450471108706    0.13062934133094398     25    
52962.954979108414    3.330244718993473     0.1291538647963298      25    
52963.454979108414    3.2665036065653466    0.12431356306650851     25    
52963.954979108414    3.204526060944975     0.1151402204351707      25    
52964.454979108414    3.1443034997216674    0.1055278178857872      25    
52964.954979108414    3.0858619610057323    0.10067723404703088     25    
52965.454979108414    3.0292879342690897    0.10066134382454958     25    
52965.954979108414    2.974305044328566     0.10207525467969268     25    
52966.454979108414    2.9206923460381518    0.10186688121235292     25    
52966.954979108414    2.868725995388538     0.10055878621089076     25    
52967.454979108414    2.817869845116937     0.0992652106419189      25    
52967.954979108414    2.7675497259143333    0.09883795966136441     25    
52968.454979108414    2.718121583104585     0.0993183683307061      25    
52968.954979108414    2.669124414460531     0.10007897084194871     25    
52969.454979108414    2.6199153235378905    0.10057013291445929     25    
52969.954979108414    2.5706280753485986    0.10102987216267496     25    
52970.454979108414    2.5213098975892385    0.1012398569115613      25    
52970.954979108414    2.471845010285701     0.10084202795695131     25    
52971.454979108414    2.421978137247397     0.10012348401260157     25    
52971.954979108414    2.372255402238748     0.09864330230469551     25    
52972.454979108414    2.323351850866786     0.09555684624388994     25    
52972.954979108414    2.2749351696457176    0.08954507743158889     25    
52973.454979108414    2.227390644250888     0.08254261883993214     25    
52973.954979108414    2.1814711443621624    0.07802365561082533     25    
52974.454979108414    2.137087786599086     0.07736659357434529     25    
52974.954979108414    2.0942116571033513    0.07834148908942795     25    
52975.454979108414    2.053075337944361     0.07853001382315819     25    
52975.954979108414    2.013923914409718     0.07756438202555693     25    
52976.454979108414    1.9763485901708486    0.07639077429924777     25    
52976.954979108414    1.9397592255402285    0.07565368071331362     25    
52977.454979108414    1.904347015685647     0.07553755072451729     25    
52977.954979108414    1.8699150507320383    0.07573520706188988     25    
52978.454979108414    1.835801449535664     0.07599109106781023     25    
52978.954979108414    1.8019959304519175    0.0764322662654852      25    
52979.454979108414    1.7685598021270226    0.07691413804105386     25    
52979.954979108414    1.7352225969055368    0.07699407433251285     25    
52980.454979108414    1.7017765422789253    0.07721048684735411     25    
52980.954979108414    1.6684704030778932    0.07697209721819147     25    
52981.454979108414    1.6356993341365345    0.0744939338271872      25    
52981.954979108414    1.60342034479564      0.0671826878554042      25    
52982.454979108414    1.5716653290447773    0.056144048941607565    25    
52982.954979108414    1.540890890312674     0.04644620392493326     25    
52983.454979108414    1.5111916531261167    0.04367741898643287     25    
52983.954979108414    1.4824691400325556    0.04523554797059937     25    
52984.454979108414    1.4549380752543286    0.04670135969580427     25    
52984.954979108414    1.4287632608247105    0.04618991993296587     25    
52985.454979108414    1.403811169671755     0.0453563943942498      25    
52985.954979108414    1.3798411978993903    0.04464262138412076     25    
52986.454979108414    1.3568193713461987    0.04427753603647787     25    
52986.954979108414    1.3347896514590218    0.04409498911476153     25    
52987.454979108414    1.3134648497463628    0.04408000550594067     25    
52987.954979108414    1.2927383853337417    0.044332053088096554    25    
52988.454979108414    1.2727024742934467    0.044810016255670784    25    
52988.954979108414    1.253172065256301     0.04511127654015192     25    
52989.454979108414    1.2340295212346615    0.044942781482488335    25    
52989.954979108414    1.215349447311215     0.04446855765648772     25    
52990.454979108414    1.1971558657909647    0.04393472207642552     25    
52990.954979108414    1.1794516558384556    0.04363782320947547     25    
52991.454979108414    1.1622284870092907    0.04349042615676529     25    
52991.954979108414    1.145532055639297     0.042880157896567093    25    
52992.454979108414    1.1293920110919624    0.041049633895404385    25    
52992.954979108414    1.1137896865396006    0.037991248508957104    25    
52993.454979108414    1.0987378146021374    0.03510155472379931     25    
52993.954979108414    1.0842585692077193    0.033963461646934694    25    
52994.454979108414    1.0703533043968592    0.034238198170962963    25    
52994.954979108414    1.0569621897399533    0.034783058232834514    25    
52995.454979108414    1.0440489366527022    0.034735538440149503    25    
52995.954979108414    1.0316462138082092    0.03445932858459351     25    
52996.454979108414    1.0196895036711067    0.03410461847137233     25    
52996.954979108414    1.0081297498957074    0.03372964571265337     25    
52997.454979108414    0.9970048628594381    0.03328532058941341     25    
52997.954979108414    0.9862536949099602    0.03284970127046952     25    
52998.454979108414    0.9758234788795758    0.03250355116898938     25    
52998.954979108414    0.9657528965710752    0.03221742550245559     25    
52999.454979108414    0.9559837397287687    0.031997237442142716    25    
52999.954979108414    0.9464598229725659    0.03184225723704597     25    
53000.454979108414    0.9372200143113792    0.03170896670869817     25    
53000.954979108414    0.9282093374957892    0.0317244736611019      25    
53001.454979108414    0.9193684815429344    0.03204792357551287     25    
53001.954979108414    0.9107359154486094    0.03272705784448807     25    
53002.454979108414    0.9022601875792793    0.033483738256552605    25    
53002.954979108414    0.8938791539589395    0.0340101836838313      25    
53003.454979108414    0.8856302993510201    0.03417787598715109     25    
53003.954979108414    0.8774659893474989    0.03449627294099001     25    
53004.454979108414    0.8693215395888407    0.03542850116217021     25    