56238.932794052664    615.8286901070912     156.62151318268155    25    
56239.432794052664    733.3544396661649     155.90123221995873    25    
56239.932794052664    859.0227412958733     157.7967144719467     25    
56240.432794052664    992.2270238567902     169.04720336045196    25    
56240.932794052664    1132.6034672356102    180.86753802453927    25    
56241.432794052664    1279.4336568881922    183.67136956946018    25    
56241.932794052664    1432.4579904192608    182.94291101028523    25    
56242.432794052664    1590.8614612533258    183.3921946799564     25    
56242.932794052664    1754.4734333397791    183.80878538996794    25    
56243.432794052664    1922.3975594451479    184.07682082128775    25    
56243.932794052664    2094.536918490117     184.215647353054      25    
56244.432794052664    2269.929073956613     184.22889191817228    25    
56244.932794052664    2448.5355683632333    184.14504793293037    25    
56245.432794052664    2629.454529776009     185.10921592998398    25    
56245.932794052664    2812.5728687601704    186.04387865264582    25    
56246.432794052664    2996.6666454102724    176.79482975475162    25    
56246.932794052664    3181.4081957715107    157.6570835515282     25    
56247.432794052664    3359.362407901418     149.36096384882666    25    
56247.932794052664    3530.837864901361     152.89394183522563    25    
56248.432794052664    3685.9363853822965    155.31665902472173    25    
56248.932794052664    3824.9512782914903    156.46981862396876    25    
56249.432794052664    3939.2341841560133    156.98425828053885    25    
56249.932794052664    4027.6510231509665    156.67729170545337    25    
56250.432794052664    4094.231802361184     157.06248201287414    25    
56250.932794052664    4138.124846099607     158.42339365008817    25    
56251.432794052664    4167.754838045175     160.13600672702233    25    
56251.932794052664    4183.694181405049     162.45351851244456    25    
56252.432794052664    4192.569752326083     163.56054544281454    25    
56252.932794052664    4196.752478240677     163.4888555565047     25    
56253.432794052664    4195.896509249782     159.70363864172745    25    
56253.932794052664    4191.070494428539     147.98777713644006    25    
56254.432794052664    4179.785230975289     137.97914064057508    25    
56254.932794052664    4161.305625435859     138.21501409025407    25    
56255.432794052664    4134.3187140795035    140.41812620372534    25    
56255.932794052664    4097.177857528001     139.95318268239794    25    
56256.432794052664    4051.212870765376     139.09665590737205    25    
56256.932794052664    3996.4607966361596    138.14519478400572    25    
56257.432794052664    3934.6336123899614    137.6104426320855     25    
56257.932794052664    3867.5402007307716    138.89668129001083    25    
56258.432794052664    3796.010794555497     140.42479797019482    25    
56258.932794052664    3722.426302731975     140.77267372823437    25    
56259.432794052664    3646.508522968939     139.16459054975792    25    
56259.932794052664    3569.2419875418004    130.75815756488083    25    
56260.432794052664    3490.284303435473     118.92800223330516    25    
56260.932794052664    3409.371291228233     115.63943949092327    25    
56261.432794052664    3326.479693836513     117.59198907071604    25    
56261.932794052664    3241.3125711784583    117.66587301520197    25    
56262.432794052664    3153.898729221943     116.9982210852876     25    
56262.932794052664    3064.111450236202     115.66492530662221    25    
56263.432794052664    2971.968335298942     113.83357198738165    25    
56263.932794052664    2877.4774459244773    113.53913072630964    25    
56264.432794052664    2780.64168310691      114.5826169799442     25    
56264.932794052664    2681.4376946894045    115.30271414195448    25    
56265.432794052664    2579.837790457106     115.85637265435751    25    
56265.932794052664    2477.0825863698174    109.24639139507647    25    
56266.432794052664    2373.049893427953     92.48025153576675     25    
56266.932794052664    2269.9776084208697    81.32526016787058     25    
56267.432794052664    2167.8384156712086    81.39884573507061     25    
56267.932794052664    2068.7194554290363    82.00714629544875     25    
56268.432794052664    1972.9001054957969    81.62241442033839     25    
56268.932794052664    1880.9743799027272    80.72914853720576     25    
56269.432794052664    1793.2669846021497    78.82903116379039     25    
56269.932794052664    1709.2227432911325    77.40057167184919     25    
56270.432794052664    1628.7967176074633    77.16533422186266     25    
56270.932794052664    1551.6356658393622    77.12392014734331     25    
56271.432794052664    1477.5706584845375    77.01493685409858     25    
56271.932794052664    1406.5622193042102    76.65046846473004     25    
56272.432794052664    1338.4843665475892    76.7702711169906      25    
56272.932794052664    1273.5088263231996    74.3894073743043      25    
56273.432794052664    1211.7026743357617    63.86410677198017     25    
56273.932794052664    1153.1512594617122    51.420126660131395    25    
56274.432794052664    1098.0191937026107    49.29212088467168     25    
56274.932794052664    1046.1767610944503    51.126887032686106    25    
56275.432794052664    997.6203534954079     50.253493941449726    25    
56275.932794052664    952.1196277242863     49.26349962195515     25    
56276.432794052664    909.3147395380716     49.594089137233055    25    
56276.932794052664    869.1069214231976     50.44946597347962     25    
56277.432794052664    831.046780754711      50.82926930251675     25    
56277.932794052664    795.1414263309614     50.82911103534081     25    
56278.432794052664    761.06755758098       50.0230460182817      25    
56278.932794052664    728.8715157110803     48.39139979892533     25    
56279.432794052664    698.4843548958837     45.02671679899059     25    
56279.932794052664    669.9081491720501     40.19776216933382     25    
56280.432794052664    643.0917958994137     38.42372167582588     25    
56280.932794052664    618.0282393364049     39.37297741229702     25    
56281.432794052664    594.572327221201      39.04308144536109     25    
56281.932794052664    572.7271595272659     37.635564542464756    25    
56282.432794052664    552.1936576706245     36.96541320296354     25    
56282.932794052664    532.9844589891862     37.08977393339661     25    
56283.432794052664    514.7949113670866     37.4940010381763      25    
56283.932794052664    497.6248784449456     38.22408508563302     25    
56284.432794052664    481.27462777702544    38.471192723544206    25    
56284.932794052664    465.72187538313585    38.3364917499886      25    
56285.432794052664    450.93598640927416    36.158317968413996    25    
56285.932794052664    436.91215301473045    30.121212137173664    25    
56286.432794052664    423.6167101121819     25.211045428277348    25    
56286.932794052664    411.0420051405536     25.215883185490892    25    
56287.432794052664    399.1726472912448     25.599605501905323    25    
56287.932794052664    387.9967314621301     24.52757416977112     25    
56288.432794052664    377.5302232033972     23.912708298219695    25    
56288.932794052664    367.775174991075      24.609539021775532    25    
56289.432794052664    358.74283184676403    25.69917692135612     25    
56289.932794052664    350.4552755479078     27.082099771879044    25    
56290.432794052664    342.8701721137284     27.939418266656794    25    
56290.932794052664    336.0002050291012     27.248461281845703    25    
56291.432794052664    329.72832057947375    25.96216035534201     25    
56291.932794052664    323.9548194026431     24.826512397724567    25    
56292.432794052664    318.6071299763237     23.715574636514233    25    
56292.932794052664    313.5388831428492     22.832642705266938    25    
56293.432794052664    308.72910269926257    22.226088074227487    25    
56293.932794052664    304.0410230347877     22.25162314150058     25    
56294.432794052664    299.5051051029742     22.5564459339421      25    
56294.932794052664    295.10751333124716    22.313504540929724    25    
56295.432794052664    290.8530409098576     21.76492955173381     25    
56295.932794052664    286.7463050377299     21.162098788070775    25    
56296.432794052664    282.78747083615934    20.500065780303267    25    
56296.932794052664    278.9808889068907     20.03650357542717     25    
56297.432794052664    275.3265388349273     19.743170973988494    25    
56297.932794052664    271.82892401660706    19.47869699243752     25    
56298.432794052664    268.48790398403867    19.303808502142996    25    
56298.932794052664    265.30806944475614    20.246782345788766    25    
56299.432794052664    262.2892253613709     22.136187865122075    25    
56299.932794052664    259.4359842692158     23.265215136893506    25    
56300.432794052664    256.7481620448016     23.55824445310107     25    
56300.932794052664    254.23032756786313    25.724058979603782    25    