51055.752306545364    63.24639841433861     38.527644813710936    25    
51056.252306545364    76.81913835018521     38.4756634252804      25    
51056.752306545364    91.86681885020583     40.77817113026845     25    
51057.252306545364    108.44263478089863    50.909312617872075    25    
51057.752306545364    126.56611251394784    60.94494004427666     25    
51058.252306545364    146.3048068681963     63.91876197780481     25    
51058.752306545364    167.66586369903428    63.72355816515796     25    
51059.252306545364    190.72723890554784    64.1317882191266      25    
51059.752306545364    215.48765669893461    64.50554579519743     25    
51060.252306545364    242.03151518642233    64.61428305798574     25    
51060.752306545364    270.3530758071182     64.47052231980344     25    
51061.252306545364    300.53922000428963    64.08782502879868     25    
51061.752306545364    332.5837053170545     63.44803819391933     25    
51062.252306545364    366.5883191316439     62.75435970552607     25    
51062.752306545364    402.6053477615272     61.910111903727554    25    
51063.252306545364    440.42527541744744    61.727225876796496    25    
51063.752306545364    480.55086538307296    62.52159536039364     25    
51064.252306545364    520.598390435581      63.75619817492034     25    
51064.752306545364    560.3602914601051     65.43631570204484     25    
51065.252306545364    597.4124973298981     66.96939648604298     25    
51065.752306545364    630.4119228006633     68.0198503808838      25    
51066.252306545364    658.123771727644      68.48697569279719     25    
51066.752306545364    678.0432231272548     67.6172348428993      25    
51067.252306545364    691.3943336597329     66.48050198406011     25    
51067.752306545364    698.4538737129659     66.91364848922743     25    
51068.252306545364    699.9614863412106     68.28473584291939     25    
51068.752306545364    698.2188939425474     70.52054885746286     25    
51069.252306545364    693.2100930276133     73.11422023250256     25    
51069.752306545364    687.4370016210457     73.5339129979667      25    
51070.252306545364    680.6612928105426     72.07062047056442     25    
51070.752306545364    673.8882886645649     67.16992982868987     25    
51071.252306545364    667.0786013981121     57.580979375024405    25    
51071.752306545364    660.4494939201311     52.19920312380236     25    
51072.252306545364    653.9999740929466     54.12153893520922     25    
51072.752306545364    647.9357552728635     55.656320679373984    25    
51073.252306545364    642.438379835634      55.32700823192792     25    
51073.752306545364    636.8716134087109     54.59622770250829     25    
51074.252306545364    631.272245482001      53.25681604376589     25    
51074.752306545364    624.7841760882177     52.57760595590702     25    
51075.252306545364    617.0449849803028     54.05574525023797     25    
51075.752306545364    607.5724339271038     55.59694070256778     25    
51076.252306545364    595.550363470884      55.48636067116823     25    
51076.752306545364    581.4273398003228     54.615918620336906    25    
51077.252306545364    565.2501940810489     53.15204807145722     25    
51077.752306545364    547.4242819316894     51.524959660835314    25    
51078.252306545364    528.9679714233515     51.602870036209595    25    
51078.752306545364    509.91304719821875    52.635564446331415    25    
51079.252306545364    491.4240223054795     52.6321789903511      25    
51079.752306545364    473.4054926011532     51.90586578997322     25    
51080.252306545364    456.64307452795094    51.047325402102516    25    
51080.752306545364    441.084703861624      49.99068604286276     25    
51081.252306545364    427.1919552183756     50.29180772216583     25    
51081.752306545364    414.9413320017555     52.28147728708782     25    
51082.252306545364    404.778005076515      53.241186849818455    25    
51082.752306545364    396.8108946824329     52.42837157766467     25    
51083.252306545364    390.89654372936644    51.98534494465195     25    
51083.752306545364    387.1383326537028     52.520963262177965    25    
51084.252306545364    385.06356457569484    53.80257450766015     25    
51084.752306545364    384.5366544278711     56.418628832148       25    
51085.252306545364    385.25714184470087    58.55469743126139     25    
51085.752306545364    386.94883969624436    58.71458255426829     25    
51086.252306545364    389.5026253046949     57.7629452946969      25    
51086.752306545364    392.6329556514606     55.44904221985285     25    
51087.252306545364    396.3224355614332     52.84188491220257     25    
51087.752306545364    400.35254356303295    53.43511173627597     25    
51088.252306545364    404.70975021789195    55.814477443494454    25    
51088.752306545364    409.1508301091033     57.44777209979158     25    
51089.252306545364    413.68364878152636    58.659506903255775    25    
51089.752306545364    418.04547779578473    58.659346567073214    25    
51090.252306545364    422.2554398446495     57.51407151730875     25    
51090.752306545364    426.04280568580276    55.56577864256529     25    
51091.252306545364    429.42512855587734    52.530641358987474    25    
51091.752306545364    432.13818555386456    50.74858843186556     25    
51092.252306545364    434.1601926145888     51.17012836529182     25    
51092.752306545364    435.39512444263386    50.87103513040921     25    
51093.252306545364    435.7926219168418     48.455040652037205    25    
51093.752306545364    435.41419467799557    46.605757292908166    25    
51094.252306545364    434.26623528270164    47.108570097472665    25    
51094.752306545364    432.3799601055608     47.927652204053466    25    
51095.252306545364    429.78632921694907    48.08711341152091     25    
51095.752306545364    426.47511856828294    47.546933572853334    25    
51096.252306545364    422.46144111755166    44.700194065094855    25    
51096.752306545364    417.7165018846429     41.619231871139846    25    
51097.252306545364    412.19664604416425    43.681472454845625    25    
51097.752306545364    405.89633407889585    47.96528475088069     25    
51098.252306545364    398.74820940180746    49.641798546694304    25    
51098.752306545364    390.7699700681682     49.860686582321165    25    
51099.252306545364    381.9853897177256     49.324177222343295    25    
51099.752306545364    372.39771907886063    48.01645461407196     25    
51100.252306545364    362.1969303099826     48.27085895767313     25    
51100.752306545364    351.36901931486136    50.18556611502523     25    
51101.252306545364    340.101780430816      51.81538473480875     25    
51101.752306545364    328.3761812266781     53.2019493356737      25    
51102.252306545364    316.4472868415603     53.242506853709074    25    
51102.752306545364    304.29967377484684    51.65519930015717     25    
51103.252306545364    292.27730602840694    48.13805477631843     25    
51103.752306545364    280.4490471239513     40.35317041764124     25    
51104.252306545364    269.08521681868814    32.6941813861082      25    
51104.752306545364    258.38103404354734    32.61357118169046     25    
51105.252306545364    248.38859041579204    34.80562904181157     25    
51105.752306545364    239.31150644515185    34.48535389384101     25    
51106.252306545364    231.01164764878453    33.95315746067257     25    
51106.752306545364    223.38523822687227    34.775125354463015    25    
51107.252306545364    216.39995981137588    36.21522878922472     25    
51107.752306545364    209.88456701581651    37.642451800807706    25    
51108.252306545364    203.84479516682018    38.87469439403936     25    
51108.752306545364    198.12316812229366    37.99308481644047     25    
51109.252306545364    192.7336946886092     35.193141871395206    25    
51109.752306545364    187.59439619173577    32.330692500713525    25    
51110.252306545364    182.71125841986975    29.313313722759826    25    
51110.752306545364    178.00764012437114    26.275146378020242    25    
51111.252306545364    173.48395098490673    23.04176312296457     25    
51111.752306545364    169.08981879575225    21.356258632488505    25    
51112.252306545364    164.8122916457121     22.49474801726017     25    
51112.752306545364    160.65869796387972    23.61854061936095     25    
51113.252306545364    156.62675767321718    23.824018412199262    25    
51113.752306545364    152.7222938615937     23.628070561621623    25    
51114.252306545364    148.9471509469926     22.977907578517566    25    
51114.752306545364    145.3044484836395     21.98681274018296     25    
51115.252306545364    141.79724054902442    20.71592293054737     25    
51115.752306545364    138.42743329829102    19.19146343420558     25    
51116.252306545364    135.19919570699068    17.287335569287883    25    
51116.752306545364    132.11343651143437    15.475844515227204    25    
51117.252306545364    129.17518564856886    15.132109819254348    25    
51117.752306545364    126.38462735074683    16.61854214455371     25    
51118.252306545364    123.74737960143665    20.683135042333152    25    
51118.752306545364    121.26317504390639    26.52991815893804     25    
51119.252306545364    118.93794679327165    37.26688234300644     25    