@INSTRUMENT DECam
@BAND DECam_i
@MAGSYS AB
#Date : MJD
#Flux : 
#Fluxerr : 
#ZP : 
#end
57325.124  -19.661  18.347  27.50049715930016
57329.216  15.501  16.235  27.50049715930016
57332.079  -2.066  15.341  27.50049715930016
57339.3  -0.03  15.568  27.50049715930016
57345.316  40.605  17.436  27.50049715930016
57355.242  98.061  16.628  27.50049715930016
57365.187  84.27  9.5311  27.50049715930016
57372.241  90.476  18.367  27.50049715930016
57375.05  85.805  14.898  27.50049715930016
57385.153  44.848  11.159  27.50049715930016
57389.154  33.079  15.236  27.50049715930016
57394.162  22.862  16.024  27.50049715930016
57401.14  24.331  10.114  27.50049715930016
57408.069  17.36  18.222  27.50049715930016
57425.151  -8.2  19.164  27.50049715930016
