57335.88907224046    0.23571648868757825    0.23571648889969748    25    
57336.38907224046    0.2833549060840512     0.2833549062605083     25    
57336.88907224046    0.33662292835528757    0.31284011310079807    25    
57337.38907224046    0.39659990713838217    0.34277648277552164    25    
57337.88907224046    0.4634063921839921     0.3972550180537265     25    
57338.38907224046    0.5368780071834465     0.45912524344932093    25    
57338.88907224046    0.6180889997243053     0.5054697082236561     25    
57339.38907224046    0.7072947265125793     0.5278141174557499     25    
57339.88907224046    0.8042113164328494     0.5378715723992963     25    
57340.38907224046    0.9098977049240686     0.5448783756792079     25    
57340.88907224046    1.0247338475485344     0.5540478637724411     25    
57341.38907224046    1.1483367945822163     0.5621060999026154     25    
57341.88907224046    1.2817399612163936     0.5683830676765114     25    
57342.38907224046    1.4254376937705802     0.5725703780159986     25    
57342.88907224046    1.578968380110269      0.5749812056045931     25    
57343.38907224046    1.743329707080001      0.575731906450258      25    
57343.88907224046    1.9191202036574337     0.574707400267066      25    
57344.38907224046    2.105820011495729      0.5718105739172707     25    
57344.88907224046    2.304380880993613      0.5681585770539203     25    
57345.38907224046    2.51577370866689       0.56464906062894       25    
57345.88907224046    2.739805780476598      0.5608826906268085     25    
57346.38907224046    2.975633406814701      0.5574076261992528     25    
57346.88907224046    3.2241726858392834     0.5541782243865503     25    
57347.38907224046    3.4891265597333643     0.5497474668226476     25    
57347.88907224046    3.7585049981376173     0.5490448526116162     25    
57348.38907224046    4.021827314581163      0.5576247796392485     25    
57348.88907224046    4.288105958248985      0.575939521494047      25    
57349.38907224046    4.543140319369368      0.5968475261144981     25    
57349.88907224046    4.770334934611107      0.6140971246840333     25    
57350.38907224046    4.978589972415983      0.6302680651158664     25    
57350.88907224046    5.158124532426508      0.6433127548139438     25    
57351.38907224046    5.293070005167614      0.6493030579603912     25    
57351.88907224046    5.382992733725629      0.6463310744316387     25    
57352.38907224046    5.4350153624588815     0.6394625240245367     25    
57352.88907224046    5.454184030570153      0.6347331896722778     25    
57353.38907224046    5.434121776944917      0.6316831702424635     25    
57353.88907224046    5.3840354683630025     0.6294922374963571     25    
57354.38907224046    5.319603530905938      0.6291500154992258     25    
57354.88907224046    5.23601377628408       0.6336521483373851     25    
57355.38907224046    5.137661563173784      0.6385395076187915     25    
57355.88907224046    5.0392767017195625     0.6365242561371975     25    
57356.38907224046    4.942382452762991      0.6267932280798881     25    
57356.88907224046    4.843696457841577      0.6106864438640502     25    
57357.38907224046    4.7451618889675755     0.5865782654683541     25    
57357.88907224046    4.649061671499174      0.5455352367313107     25    
57358.38907224046    4.55284809704665       0.4927933320120974     25    
57358.88907224046    4.451613276025778      0.4500656671223427     25    
57359.38907224046    4.345048960908431      0.4362454952578732     25    
57359.88907224046    4.233655839301716      0.4396442198945914     25    
57360.38907224046    4.113188343925419      0.44174552149755375    25    
57360.88907224046    3.9807458325267553     0.4342295403795236     25    
57361.38907224046    3.83857966825402       0.42402905745808145    25    
57361.88907224046    3.6900271786177385     0.41105216128738553    25    
57362.38907224046    3.5347987917475794     0.3930055572541443     25    
57362.88907224046    3.3723664870793613     0.3700353654230616     25    
57363.38907224046    3.2104483890597075     0.34987812022280573    25    
57363.88907224046    3.0521772100298628     0.3399328903238373     25    
57364.38907224046    2.894574877125719      0.33753182704800017    25    
57364.88907224046    2.7446206921305456     0.336800414600808      25    
57365.38907224046    2.607239696731401      0.3347043137615974     25    
57365.88907224046    2.4796206607644216     0.33383899104627957    25    
57366.38907224046    2.3620495450836514     0.3286742282555779     25    
57366.88907224046    2.255630019451311      0.3122718034030667     25    
57367.38907224046    2.160710963829274      0.28318338130686643    25    
57367.88907224046    2.073618066741302      0.25133276726088566    25    
57368.38907224046    1.9917232356428622     0.22963701676424483    25    
57368.88907224046    1.9170632720982355     0.2168352516490039     25    
57369.38907224046    1.8465308324294363     0.2078924667192712     25    
57369.88907224046    1.7770053935079049     0.19810257839831513    25    
57370.38907224046    1.709845398242499      0.18897766880277994    25    
57370.88907224046    1.6444086179938728     0.18162355971923697    25    
57371.38907224046    1.579544131648133      0.17652802397306927    25    
57371.88907224046    1.5152865071436867     0.17356546401404419    25    
57372.38907224046    1.4523930175582298     0.17344996015380099    25    
57372.88907224046    1.3914969460915882     0.17714450666479015    25    
57373.38907224046    1.3322250417947878     0.18553739707013303    25    
57373.88907224046    1.2750264928122383     0.19547306754881386    25    
57374.38907224046    1.2206076506371637     0.20321246612873398    25    
57374.88907224046    1.1688195149382106     0.20460597226445632    25    
57375.38907224046    1.1196822618291515     0.20901807216466473    25    
57375.88907224046    1.0734336179300705     0.22777999969897647    25    
57376.38907224046    1.030149150589569      0.261075005070867      25    
57376.88907224046    0.9896537426140083     0.2980078918662701     25    
57377.38907224046    0.9517590095405        0.33142259160408394    25    
57377.88907224046    0.9165337638043272     0.367579399715704      25    
57378.38907224046    0.8839087053813418     0.39984290007551715    25    
57378.88907224046    0.8536674154181608     0.4161950105357359     25    
57379.38907224046    0.8259489152106583     0.41290093642030445    25    
57379.88907224046    0.8006026398090834     0.3971580730816269     25    
57380.38907224046    0.7771600020396575     0.37610786604879537    25    
57380.88907224046    0.7557421433142288     0.34480532399383484    25    
57381.38907224046    0.7362474595015103     0.30398939047036444    25    
57381.88907224046    0.7179712178695786     0.2736041857575224     25    
57382.38907224046    0.7008702123627538     0.27299756212707593    25    
57382.88907224046    0.6850179326082574     0.2903230580269509     25    
57383.38907224046    0.6697190586358476     0.3069123249280582     25    
57383.88907224046    0.6547149332504499     0.31687950493432027    25    
57384.38907224046    0.6402318662045563     0.3259473472742242     25    
57384.88907224046    0.6260256573602889     0.3292350529615101     25    
57385.38907224046    0.6118999168838345     0.3201267780426181     25    
57385.88907224046    0.5979684362671185     0.30066479421732123    25    
57386.38907224046    0.5844542451828025     0.28581221876254087    25    
57386.88907224046    0.5714463486972416     0.290436392140391      25    
57387.38907224046    0.558855315880015      0.3080203080765931     25    
57387.88907224046    0.5469067132187398     0.3247838955718111     25    
57388.38907224046    0.535760541571141      0.33304974575162083    25    
57388.88907224046    0.5253239500189079     0.33794630146150156    25    
57389.38907224046    0.5156298564406113     0.33761649266963684    25    
57389.88907224046    0.5067422673948898     0.3275635362808613     25    
57390.38907224046    0.49867525790907785    0.305059197678568      25    
57390.88907224046    0.4912577527170025     0.2834894774424822     25    
57391.38907224046    0.4843650180872748     0.2792232056604098     25    
57391.88907224046    0.4780964741288896     0.289931963400521      25    
57392.38907224046    0.4722964483025636     0.3058686695187818     25    
57392.88907224046    0.46680874060479877    0.31972364348058124    25    
57393.38907224046    0.4617145289058445     0.333465989068608      25    
57393.88907224046    0.4569405207929809     0.3483516387744375     25    
57394.38907224046    0.4523851541118018     0.3642983090132833     25    
57394.88907224046    0.4480724860395396     0.37943709571392137    25    
57395.38907224046    0.44401428161098994    0.3976870487450723     25    
57395.88907224046    0.44020548176287716    0.4241165276741874     25    
57396.38907224046    0.43664629585373516    0.43664629596824434    25    
57396.88907224046    0.4333386519461148     0.433338652061498      25    
57397.38907224046    0.43028528089629964    0.43028528101250163    25    
57397.88907224046    0.42750084600892985    0.4275008461258887     25    
57398.38907224046    0.42495890161089955    0.424958901728558      25    
57398.88907224046    0.422623622892969      0.4226236230112776     25    
57399.38907224046    0.4205326164704706     0.4205326165893674     25    
57399.88907224046    0.41863559605141026    0.35536676483590046    25    
57400.38907224046    0.41683574855351496    0.29614174862390485    25    
57400.88907224046    0.4151618428886058     0.27236515072113443    25    
57401.38907224046    0.41358696472663165    0.27351716961371497    25    
57401.88907224046    0.41200853407322563    0.2878545772063033     25    
57402.38907224046    0.4104199599144117     0.3207957329946723     25    
57402.88907224046    0.4088354432581623     0.36086967047597146    25    
57403.38907224046    0.4072151074780761     0.38584344386379693    25    
57403.88907224046    0.4055236183778553     0.38624780301116357    25    
57404.38907224046    0.4037965674916334     0.3755066156789592     25    
57404.88907224046    0.4020998431230678     0.3711053930255714     25    
57405.38907224046    0.4004367569519        0.38446326721220886    25    
57405.88907224046    0.39880046972044886    0.39880046984582485    25    
57406.38907224046    0.39726630344510866    0.3972663035709688     25    
57406.88907224046    0.3958630514038499     0.3958630515301562     25    
57407.38907224046    0.394565872999367      0.39456587312608854    25    
57407.88907224046    0.39340639501767555    0.3934063951447706     25    
57408.38907224046    0.3924154406912794     0.39241544081869545    25    
57408.88907224046    0.391578045894846      0.3915780460225345     25    
57409.38907224046    0.3908459626070992     0.37938114250646493    25    
57409.88907224046    0.390199355592163      0.38202710775691534    25    
57410.38907224046    0.3896590017578675     0.38965900188618485    25    
57410.88907224046    0.38917115748567593    0.3891711576141541     25    
57411.38907224046    0.3887013296555422     0.3887013297841757     25    
57411.88907224046    0.3882748908908907     0.38827489101966545    25    
57412.38907224046    0.3878575909290766     0.3878575910579899     25    
57412.88907224046    0.387418752001052      0.38741875213011134    25    
57413.38907224046    0.38697177662532023    0.3869717767545286     25    
57413.88907224046    0.38651812983480066    0.3865181299641607     25    
57414.38907224046    0.3860561687600267     0.38605616888954153    25    
57414.88907224046    0.3855855075223945     0.38558550765206745    25    
57415.38907224046    0.3851092332449798     0.3851092333748131     25    
57415.88907224046    0.38463007386782955    0.38463007399782456    25    
57416.38907224046    0.3841465157204178     0.3841465158505765     25    
57416.88907224046    0.38366014593426806    0.38366014606459176    25    
57417.38907224046    0.38317315353321096    0.3831731536637003     25    
57417.88907224046    0.38268507870877994    0.38268507883943564    25    
57418.38907224046    0.3821956283315903     0.3821956284624134     25    
57418.88907224046    0.38170489767162163    0.3817048978026129     25    
57419.38907224046    0.38121296945230043    0.38121296958346074    25    
57419.88907224046    0.3807196454590865     0.38071964559041677    25    
57420.38907224046    0.38022468949528315    0.38022468962678435    25    
57420.88907224046    0.3797282071638851     0.37972820729555823    25    
57421.38907224046    0.3792300868231992     0.3792300869550453     25    
57421.88907224046    0.37873008430085736    0.37873008443287753    25    
57422.38907224046    0.3782282858606123     0.3782282859928076     25    
57422.88907224046    0.37772460717568435    0.37772460730805596    25    
57423.38907224046    0.377218798497793      0.3772187986303421     25    
57423.88907224046    0.37671092195193123    0.376710922084659      25    
57424.38907224046    0.37620092292599205    0.37620092305889974    25    
57424.88907224046    0.37568854849554084    0.3756885486286298     25    
57425.38907224046    0.3751738318472927     0.37517383198056425    25    
57425.88907224046    0.37465675048357167    0.3746567506170272     25    
57426.38907224046    0.3741370506661846     0.37413705079982545    25    
57426.88907224046    0.3736147319561469     0.37361473208997464    25    
57427.38907224046    0.37308980625787425    0.37308980639189027    25    
57427.88907224046    0.37256201987054033    0.3725620200047462     25    
57428.38907224046    0.37203133868794347    0.37203133882234074    25    