53682.442251249435    3.1017201482666064    3.071505667567157     25    
53682.942251249435    4.045243775582872     2.8735839660445666    25    
53683.442251249435    5.144841844278871     2.969726391567177     25    
53683.942251249435    6.420959026079553     4.286700390907378     25    
53684.442251249435    7.871578565539898     5.793778208465691     25    
53684.942251249435    9.523541439516677     6.415215573681157     25    
53685.442251249435    11.372302114195792    6.391432626657917     25    
53685.942251249435    13.443362818040336    6.3188056627086375    25    
53686.442251249435    15.737384292392607    6.333125768991475     25    
53686.942251249435    18.271026668367966    6.339540538052665     25    
53687.442251249435    21.057196902276395    6.3355157346884905    25    
53687.942251249435    24.09971389527796     6.321919927674545     25    
53688.442251249435    27.422111745993266    6.297081935118706     25    
53688.942251249435    31.02062302047542     6.261513519171982     25    
53689.442251249435    34.924695423773414    6.220623499387992     25    
53689.942251249435    39.1392287827711      6.166185865169309     25    
53690.442251249435    43.645780817557544    6.141427554873148     25    
53690.942251249435    48.524123790153595    6.176891282648006     25    
53691.442251249435    53.56483872548022     6.235654097989865     25    
53691.942251249435    58.59916888234215     6.288438723446391     25    
53692.442251249435    63.588938598650664    6.342701461851602     25    
53692.942251249435    68.12089284843155     6.390564018517505     25    
53693.442251249435    72.26422410879344     6.434023668727147     25    
53693.942251249435    75.65027238907396     6.45107343176353      25    
53694.442251249435    78.17940227278122     6.422644603179422     25    
53694.942251249435    80.03294065479525     6.407969477651421     25    
53695.442251249435    81.19151748654238     6.44766963675675      25    
53695.942251249435    81.82033681418113     6.514858369211034     25    
53696.442251249435    82.2016484356291      6.607624628450255     25    
53696.942251249435    82.30066421249956     6.715271522105459     25    
53697.442251249435    82.4660449194417      6.766820638669774     25    
53697.942251249435    82.68218391237525     6.808011044418552     25    
53698.442251249435    82.96161229885458     6.509471716315005     25    
53698.942251249435    83.34812601052283     5.432750660164146     25    
53699.442251249435    83.74701994893655     4.176199257914958     25    
53699.942251249435    84.10626026768537     3.939655853971727     25    
53700.442251249435    84.41241529751622     4.251467658143233     25    
53700.942251249435    84.57108341616318     4.308583355005988     25    
53701.442251249435    84.59789668366581     4.2633026615251035    25    
53701.942251249435    84.39451803849963     4.203012664583806     25    
53702.442251249435    83.9724625358259      4.113373131538967     25    
53702.942251249435    83.25353209918607     4.071329603690734     25    
53703.442251249435    82.21706424156622     4.153820820331577     25    
53703.942251249435    80.83276112397557     4.248998155966259     25    
53704.442251249435    79.0126647808972      4.2311580362008785    25    
53704.942251249435    76.80865036917666     4.1615992249470395    25    
53705.442251249435    74.31947252050227     4.152349124219149     25    
53705.942251249435    71.51799359513396     4.195217506315639     25    
53706.442251249435    68.65269717013078     4.243629968733734     25    
53706.942251249435    65.71211310584691     4.300253185421405     25    
53707.442251249435    62.86459989130631     4.3368449299310505    25    
53707.942251249435    60.228005072304285    4.3271048521038304    25    
53708.442251249435    57.78716630182505     4.289307593470788     25    
53708.942251249435    55.630613527899335    4.224166645954304     25    
53709.442251249435    53.734483829650344    4.138334001258009     25    
53709.942251249435    52.07784442055823     4.1286889624196395    25    
53710.442251249435    50.66411320937859     4.208762440470745     25    
53710.942251249435    49.47330392601068     4.263158511805338     25    
53711.442251249435    48.510866783553446    4.269329929855954     25    
53711.942251249435    47.74584095644161     4.223194682794375     25    
53712.442251249435    47.15980501626639     4.057153009046982     25    
53712.942251249435    46.740137180687874    3.84248603529631      25    
53713.442251249435    46.42944342782414     3.79786509558493      25    
53713.942251249435    46.23730585907442     3.890978631643049     25    
53714.442251249435    46.098472717525205    3.947105799851134     25    
53714.942251249435    46.01732068155158     3.9553152364511135    25    
53715.442251249435    45.95601211438764     3.934840831448842     25    
53715.942251249435    45.90105118091831     3.8584439973145153    25    
53716.442251249435    45.842277485990785    3.7861914474174903    25    
53716.942251249435    45.75749270452764     3.8157697643179938    25    
53717.442251249435    45.647514090657495    3.8993977452541313    25    
53717.942251249435    45.47967173744537     3.9441652473827937    25    
53718.442251249435    45.2575381856356      3.9595244607374345    25    
53718.942251249435    44.97701455366939     3.951622713839353     25    
53719.442251249435    44.63135637782325     3.8889516904543013    25    
53719.942251249435    44.240622547717564    3.8800822149227825    25    
53720.442251249435    43.81239823687631     4.046083689352995     25    
53720.942251249435    43.35224270231452     4.249529417925306     25    
53721.442251249435    42.88112199927004     4.323282762809506     25    
53721.942251249435    42.39396909996614     4.317524144494221     25    
53722.442251249435    41.89158300849789     4.273262342249849     25    
53722.942251249435    41.378024021288795    4.171633712381815     25    
53723.442251249435    40.82606263750174     4.125737598856187     25    
53723.942251249435    40.23430692834227     4.205258018914453     25    
53724.442251249435    39.58702991569394     4.303947439784733     25    
53724.942251249435    38.86606789799724     4.3536249040067005    25    
53725.442251249435    38.07496051448741     4.37343817858985      25    
53725.942251249435    37.20101953283164     4.322736306541533     25    
53726.442251249435    36.24633567818586     4.205674922525566     25    
53726.942251249435    35.222556725562555    4.15307710210576      25    
53727.442251249435    34.12815414246347     4.19478110179955      25    
53727.942251249435    32.973150718681445    4.244662797816017     25    
53728.442251249435    31.75871111448012     4.283797972574838     25    
53728.942251249435    30.492716145040415    4.295588069860649     25    
53729.442251249435    29.18512999847199     4.208692266140601     25    
53729.942251249435    27.837271364481808    4.065976024227606     25    
53730.442251249435    26.4721847771011      4.027994936844442     25    
53730.942251249435    25.0857298858715      4.090585542400855     25    
53731.442251249435    23.701526378838206    4.163836835936068     25    
53731.942251249435    22.31604615332822     4.257060327449547     25    
53732.442251249435    20.95526623144731     4.29762723619224      25    
53732.942251249435    19.628131688358476    4.254916547902647     25    
53733.442251249435    18.351171630460485    4.093462310778101     25    
53733.942251249435    17.16610216741717     3.5838626979133785    25    
53734.442251249435    16.067515405430484    2.6576910853205185    25    
53734.942251249435    15.111131349672581    2.0188448776315644    25    
53735.442251249435    14.294905220731513    2.0717909897111135    25    
53735.942251249435    13.627825524919196    2.1728083746266886    25    
53736.442251249435    13.131611700664347    2.1031266369003765    25    
53736.942251249435    12.758306113814001    2.0291595809460174    25    
53737.442251249435    12.477725755384087    1.999134850433314     25    
53737.942251249435    12.28237173066323     1.9966502605826475    25    
53738.442251249435    12.109281762230614    2.0277836776043983    25    
53738.942251249435    11.968971757652882    2.090982381182083     25    
53739.442251249435    11.81663815458925     2.1056791982013343    25    
53739.942251249435    11.646520606552505    2.05453584792959      25    
53740.442251249435    11.467940957810582    1.9894083518633712    25    
53740.942251249435    11.279810853893787    1.9457093065210118    25    
53741.442251249435    11.08689240809574     1.8831549475709282    25    
53741.942251249435    10.895525405676272    1.7296932547812733    25    
53742.442251249435    10.70487202729723     1.510292371296798     25    
53742.942251249435    10.521336978894833    1.4095882784236442    25    
53743.442251249435    10.344391794217794    1.4504167268825008    25    
53743.942251249435    10.173873250543867    1.4760765063176904    25    
53744.442251249435    10.009996364088773    1.452325689518844     25    
53744.942251249435    9.852282478665865     1.4167172652674966    25    
53745.442251249435    9.700542991022951     1.3751569718521062    25    
53745.942251249435    9.554679672742983     1.3309631419984105    25    
53746.442251249435    9.414306833844897     1.3017908175370698    25    
53746.942251249435    9.279478212334304     1.284678439971934     25    
53747.442251249435    9.14972311749028      1.2774754896368934    25    
53747.942251249435    9.025113322375475     1.2723017289270928    25    
53748.442251249435    8.90522706689477      1.3180005714841927    25    
53748.942251249435    8.790020227802202     1.4528964475699633    25    
53749.442251249435    8.6792442005728       1.582601635004187     25    
53749.942251249435    8.572634153550172     1.620541030638518     25    
53750.442251249435    8.470159618028056     1.6357483837374431    25    
53750.942251249435    8.371390324555056     1.7188748713010173    25    