53682.442251249435    -0.2952402337096315    0.29524023387898507    25    
53682.942251249435    0.10479790125137096    0.10479790172847975    25    
53683.442251249435    0.6503452099533211     0.6503452100302034     25    
53683.942251249435    1.374457376910209      1.374457376946587      25    
53684.442251249435    2.2738736389936713     2.27387363901566       25    
53684.942251249435    3.3919914581419737     3.3919914581567143     25    
53685.442251249435    4.721461450920273      4.721461450930863      25    
53685.942251249435    6.303516542455506      5.865859983544606      25    
53686.442251249435    8.139225043241957      5.866783916009158      25    
53686.942251249435    10.25552365568896      5.8624950828750375     25    
53687.442251249435    12.673280813467548     5.848684117534597      25    
53687.942251249435    15.398671054062836     5.8255334805977945     25    
53688.442251249435    18.469745159105898     5.791147373672595      25    
53688.942251249435    21.88041180516278      5.7455821144168375     25    
53689.442251249435    25.67695185379452      5.702695835333507      25    
53689.942251249435    29.862120608149837     5.690141819281839      25    
53690.442251249435    34.431380247283855     5.56886301481748       25    
53690.942251249435    39.467910622250464     5.169780356944252      25    
53691.442251249435    44.76766704731274      4.734598954786402      25    
53691.942251249435    50.17053083670042      4.63488039578133       25    
53692.442251249435    55.63812621868218      4.728151565409695      25    
53692.942251249435    60.76982459414794      4.7823525175806045     25    
53693.442251249435    65.63336104239892      4.82432747573276       25    
53693.942251249435    69.86215776790519      4.844683339189168      25    
53694.442251249435    73.37937903137542      4.827509374659127      25    
53694.942251249435    76.2832268179076       4.818302815685753      25    
53695.442251249435    78.53618368259731      4.846091142170897      25    
53695.942251249435    80.25382238230144      4.893209675371948      25    
53696.442251249435    81.6141163213777       4.962539327007297      25    
53696.942251249435    82.59479818125729      5.044688644339644      25    
53697.442251249435    83.41453466460484      5.0866587054827255     25    
53697.942251249435    84.06722275736378      5.126655995870676      25    
53698.442251249435    84.53341471948002      4.886352577444843      25    
53698.942251249435    84.84323462049966      3.994602540171171      25    
53699.442251249435    84.91088150394239      2.911112004090331      25    
53699.942251249435    84.68095595256258      2.6754005585252916     25    
53700.442251249435    84.14576150205122      2.926861985365964      25    
53700.942251249435    83.2039939711251       2.9669970015930613     25    
53701.442251249435    81.87522075318853      2.928355931235646      25    
53701.942251249435    80.22340107718387      2.881226281071471      25    
53702.442251249435    78.22228107061554      2.815165329141773      25    
53702.942251249435    76.01184670986889      2.787605176424939      25    
53703.442251249435    73.62012602654333      2.858229090763677      25    
53703.942251249435    71.10845639728542      2.937606796860148      25    
53704.442251249435    68.58875133784122      2.9087216794643282     25    
53704.942251249435    66.034585583764        2.842177498088389      25    
53705.442251249435    63.49490296841829      2.9333004293684377     25    
53705.942251249435    60.96577810666044      3.162739757278918      25    
53706.442251249435    58.42294523488832      3.317738137718911      25    
53706.942251249435    55.867004052774526     3.3670274606320456     25    
53707.442251249435    53.28576965063892      3.3786786114425307     25    
53707.942251249435    50.66206245251344      3.3750711044720787     25    
53708.442251249435    48.01458495506948      3.3479188028051734     25    
53708.942251249435    45.358384514388526     3.2901417110892375     25    
53709.442251249435    42.69576309880761      3.208456151408294      25    
53709.942251249435    40.08633491135026      3.17914076339106       25    
53710.442251249435    37.52069791898007      3.211532421169467      25    
53710.942251249435    35.052331241257114     3.235500839580082      25    
53711.442251249435    32.69291060079432      3.276136163801187      25    
53711.942251249435    30.45112018137544      3.218635137941224      25    
53712.442251249435    28.346441478452334     2.8339724783750806     25    
53712.942251249435    26.371411439749323     2.2303837616801556     25    
53713.442251249435    24.52610044146473      1.944660485437883      25    
53713.942251249435    22.810458629707796     1.999424747983276      25    
53714.442251249435    21.223574097760437     2.041439402077868      25    
53714.942251249435    19.76867066787243      2.0506878852420742     25    
53715.442251249435    18.4304721896095       2.0444236604685755     25    
53715.942251249435    17.209756367828284     1.9943677195223293     25    
53716.442251249435    16.090855201244132     1.9417762690517903     25    
53716.942251249435    15.05429266496034      1.9429199666884729     25    
53717.442251249435    14.100466784792506     1.9732284391703812     25    
53717.942251249435    13.199647643496366     1.9917506417444595     25    
53718.442251249435    12.355628400121107     2.0040307809264903     25    
53718.942251249435    11.5576590272067       1.9927707612397476     25    
53719.442251249435    10.801602523479207     1.9716859747600515     25    
53719.942251249435    10.095051670038238     1.877868114531622      25    
53720.442251249435    9.440046985365884      1.5753370315929096     25    
53720.942251249435    8.83839288749653       1.1385204322114826     25    
53721.442251249435    8.296719081567437      0.9534932235336042     25    
53721.942251249435    7.813271121945945      1.0228352944763495     25    
53722.442251249435    7.386709998109445      1.0379812453076391     25    
53722.942251249435    7.018835914841114      0.9955389949426395     25    
53723.442251249435    6.697835349412717      0.9753643330857845     25    
53723.942251249435    6.423115296529544      1.0071959457828494     25    
53724.442251249435    6.187682123948565      1.0463358391098587     25    
53724.942251249435    5.985033681226968      1.0666036071326532     25    
53725.442251249435    5.814114965022942      1.0740598437301667     25    
53725.942251249435    5.664161034383135      1.0503098705025482     25    
53726.442251249435    5.537002753632013      0.9964705876324141     25    
53726.942251249435    5.421000834213009      0.9309008162300711     25    
53727.442251249435    5.317457772025843      0.8419481688068755     25    
53727.942251249435    5.216941981085685      0.7748222964106599     25    
53728.442251249435    5.115433302602393      0.7883466775410057     25    
53728.942251249435    5.012077195757346      0.8143244395132024     25    
53729.442251249435    4.9013593069229655     0.7681241986848594     25    
53729.942251249435    4.785500651005247      0.6800468301050356     25    
53730.442251249435    4.667425933544543      0.6290667916562139     25    
53730.942251249435    4.546577611821714      0.6180903039551005     25    
53731.442251249435    4.426523981680389      0.6257708488151276     25    
53731.942251249435    4.306937930284751      0.6584901672785384     25    
53732.442251249435    4.191009271366962      0.6823671327739983     25    
53732.942251249435    4.080092333079818      0.6665600900798583     25    
53733.442251249435    3.975834935312148      0.635698236896125      25    
53733.942251249435    3.882818961748223      0.6183404363989166     25    
53734.442251249435    3.800443418103161      0.6089405359998744     25    
53734.942251249435    3.7348500870824246     0.6141139211984349     25    
53735.442251249435    3.6860993167319545     0.639230946739039      25    
53735.942251249435    3.653403954766668      0.6463015835417995     25    
53736.442251249435    3.6399012664913113     0.6100079143100312     25    
53736.942251249435    3.636943246387134      0.5705498653466757     25    
53737.442251249435    3.638600353198002      0.5709944326923938     25    
53737.942251249435    3.6435412422951585     0.5919481351686681     25    
53738.442251249435    3.6396301924326693     0.6192136047484722     25    
53738.942251249435    3.628864501781562      0.6542328673280838     25    
53739.442251249435    3.6047728755521207     0.6584949435423101     25    
53739.942251249435    3.5650805700868005     0.6192119414536089     25    
53740.442251249435    3.517352395876502      0.5777061915389664     25    
53740.942251249435    3.4626742842551015     0.5511440741176168     25    
53741.442251249435    3.404719538212655      0.543923983252088      25    
53741.942251249435    3.3499011599053716     0.5847936623301132     25    
53742.442251249435    3.297291513295284      0.6503612577827941     25    
53742.942251249435    3.2529884035442382     0.6903592252831973     25    
53743.442251249435    3.2166174859029084     0.7127201852720422     25    
53743.942251249435    3.186629927590665      0.7178312826993689     25    
53744.442251249435    3.163309690506802      0.7018698189273687     25    
53744.942251249435    3.145145244542532      0.674770558473472      25    
53745.442251249435    3.131352205767481      0.6404658953972896     25    
53745.942251249435    3.1215220510466954     0.6001113381434301     25    
53746.442251249435    3.1140507305043332     0.5652700981070494     25    
53746.942251249435    3.109161735663343      0.534170441099794      25    
53747.442251249435    3.104897506230407      0.5104656698652477     25    
53747.942251249435    3.101556539905514      0.4977384936267165     25    
53748.442251249435    3.0973847744587504     0.48102851675385494    25    
53748.942251249435    3.092198705286266      0.4435686816622963     25    
53749.442251249435    3.084964408570989      0.4145153436431053     25    
53749.942251249435    3.0745804733186546     0.41145311816755853    25    
53750.442251249435    3.0609201829255075     0.4479352401612067     25    
53750.942251249435    3.042194085515727      0.5531855232807894     25    