@INSTRUMENT DECam
@BAND DECam_i
@MAGSYS AB
#Date : MJD
#Flux : 
#Fluxerr : 
#ZP : 
#end
56949.341  10.64  9.3771  27.50049715930016
56961.361  60.081  13.074  27.50049715930016
56963.246  114.4  23.274  27.50049715930016
56973.173  208.81  10.158  27.50049715930016
56980.308  218.91  10.36  27.50049715930016
56987.308  184.61  12.335  27.50049715930016
56991.142  138.04  32.214  27.50049715930016
56992.127  160.07  16.174  27.50049715930016
57001.292  103.42  29.072  27.50049715930016
57004.042  117.33  18.682  27.50049715930016
57011.089  96.256  8.8033  27.50049715930016
57017.242  76.727  13.551  27.50049715930016
57025.076  58.038  14.82  27.50049715930016
57032.149  33.281  11.301  27.50049715930016
57039.117  29.896  10.088  27.50049715930016
57044.173  30.044  11.087  27.50049715930016
57051.149  41.168  12.476  27.50049715930016
