57688.23698484487    167.86053305027636    75.62064830260275     25    
57688.73698484487    201.5099467785201     75.20720209885627     25    
57689.23698484487    237.95724725969174    79.7425221585416      25    
57689.73698484487    277.12076700871864    99.8386625858134      25    
57690.23698484487    318.95451914925746    118.48358076832616    25    
57690.73698484487    363.36056313724583    122.9936858774601     25    
57691.23698484487    410.30793135903104    122.12553728007876    25    
57691.73698484487    459.6849178041584     122.67536972904836    25    
57692.23698484487    511.47306652906803    122.98154718740271    25    
57692.73698484487    565.5494136495129     122.82544043471869    25    
57693.23698484487    621.9055072994244     122.26935594597524    25    
57693.73698484487    680.4096333133656     121.40812728693729    25    
57694.23698484487    741.0608363101571     120.3138624225526     25    
57694.73698484487    803.7744400349378     119.94697766307614    25    
57695.23698484487    868.5154462606729     120.01941326039078    25    
57695.73698484487    934.9935559884052     116.79766798183455    25    
57696.23698484487    1003.1993953445084    110.25132749358983    25    
57696.73698484487    1069.5382527027004    110.15150229580455    25    
57697.23698484487    1134.2381029892904    116.96770938897886    25    
57697.73698484487    1192.5157937725292    122.45443367582097    25    
57698.23698484487    1244.416654020281     126.24864330066671    25    
57698.73698484487    1285.9530184856037    129.01477382197768    25    
57699.23698484487    1316.1560729911732    130.0708166131981     25    
57699.73698484487    1337.078235408875     134.19189567615868    25    
57700.23698484487    1348.2599965794032    142.95418267444495    25    
57700.73698484487    1353.5654550139557    151.59520797423343    25    
57701.23698484487    1353.58771602775      160.70897710693328    25    
57701.73698484487    1351.1712413952023    163.9445280183313     25    
57702.23698484487    1347.8511344180085    157.04547301900047    25    
57702.73698484487    1343.6495066451655    144.53801592245628    25    
57703.23698484487    1339.2508042836832    124.12249458793275    25    
57703.73698484487    1333.9808758576428    103.81728761665488    25    
57704.23698484487    1327.580244482511     100.60047631939966    25    
57704.73698484487    1319.8044898926037    104.29330190182826    25    
57705.23698484487    1310.2676002482087    105.67596403440287    25    
57705.73698484487    1298.9503330126488    107.44453298814827    25    
57706.23698484487    1285.621013113452     108.62647452903242    25    
57706.73698484487    1270.2956715691155    110.41742167463596    25    
57707.23698484487    1252.8679440821377    116.20094776911776    25    
57707.73698484487    1233.3429737477338    122.53623671546589    25    
57708.23698484487    1211.5507507590507    122.20692621573049    25    
57708.73698484487    1187.66754803896      117.22066820541485    25    
57709.23698484487    1162.199221255491     108.3093836208012     25    
57709.73698484487    1135.2282376968697    95.79316140150556     25    
57710.23698484487    1107.7830725789684    92.3434265365452      25    
57710.73698484487    1079.8334325279457    96.98199480372976     25    
57711.23698484487    1052.427304833228     99.43775841954277     25    
57711.73698484487    1025.515353825038     100.3058970713079     25    
57712.23698484487    999.9676564019221     99.58971293562867     25    
57712.73698484487    975.7522810908936     96.9686188312697      25    
57713.23698484487    953.6017434048844     98.1325143220297      25    
57713.73698484487    933.5030223037598     104.03041350744265    25    
57714.23698484487    916.1570525812863     107.56619542028481    25    
57714.73698484487    901.7391695150551     107.66926543637958    25    
57715.23698484487    889.8703847057485     107.3549992306759     25    
57715.73698484487    880.7098017246184     106.94146120345276    25    
57716.23698484487    873.1729711185494     107.29158194047962    25    
57716.73698484487    867.109522000673      109.48133315261477    25    
57717.23698484487    861.6743042392771     110.58638268064804    25    
57717.73698484487    856.3868803479005     109.50093003370404    25    
57718.23698484487    851.3379192239369     106.14184544891857    25    
57718.73698484487    846.2451056214105     98.35022167756341     25    
57719.23698484487    841.7204759699232     90.26810815419135     25    
57719.73698484487    838.0868273734378     87.05073307642975     25    
57720.23698484487    835.6579899486239     86.13793317822838     25    
57720.73698484487    835.0580930000472     86.2920160088022      25    
57721.23698484487    835.9887444022962     87.07110903925658     25    
57721.73698484487    838.5229055215103     86.70956002704264     25    
57722.23698484487    842.1686429482811     86.13012551498747     25    
57722.73698484487    846.0236362153778     86.39192096860117     25    
57723.23698484487    849.9376195763349     87.16482162890242     25    
57723.73698484487    852.7542200682711     88.56059954794384     25    
57724.23698484487    854.6524944059512     90.02628492602679     25    
57724.73698484487    855.2703739592181     88.75167260972403     25    
57725.23698484487    854.7958060379971     85.60594608794497     25    
57725.73698484487    854.0730767170038     84.86796300589485     25    
57726.23698484487    853.0821149997936     85.98572518515991     25    
57726.73698484487    852.7583454447192     85.94079090380308     25    
57727.23698484487    853.0559076676976     84.86581185937455     25    
57727.73698484487    854.2349410299183     82.96614471787399     25    
57728.23698484487    856.3363552617033     79.97675330701213     25    
57728.73698484487    858.688550127736      80.01280542467201     25    
57729.23698484487    861.314111519618      83.79430724744175     25    
57729.73698484487    863.5754490365127     86.92298152190546     25    
57730.23698484487    865.4418176313774     88.71175284842907     25    
57730.73698484487    866.4614976668033     90.71641668728289     25    
57731.23698484487    866.5572540295727     92.2217448384171      25    
57731.73698484487    865.5089272266121     97.8617647454025      25    
57732.23698484487    863.2718304241351     110.40217299783305    25    
57732.73698484487    859.6312485429039     120.41477752241536    25    
57733.23698484487    854.4914876803        126.20488354204423    25    
57733.73698484487    847.775940024471      126.4163941867423     25    
57734.23698484487    839.3779601477171     116.94585558266587    25    
57734.73698484487    829.3820414460586     102.44345755566812    25    
57735.23698484487    817.8100434290595     84.49966125955713     25    
57735.73698484487    804.7034379502672     65.67329060346873     25    
57736.23698484487    790.0721591156371     59.419269153804706    25    
57736.73698484487    774.0356181944472     61.78156629287259     25    
57737.23698484487    756.697938764479      65.06511697367368     25    
57737.73698484487    738.253713906062      71.92994599240184     25    
57738.23698484487    719.1305628484874     84.70145570601294     25    
57738.73698484487    699.4086336265552     98.64126529314292     25    
57739.23698484487    679.6121227020533     108.67365788559682    25    
57739.73698484487    659.7396615914699     115.45484455093984    25    
57740.23698484487    640.247639356309      112.92710329731368    25    
57740.73698484487    621.0915921753646     102.59281316061082    25    
57741.23698484487    602.4459129316277     90.24594413662635     25    
57741.73698484487    584.3019947587131     74.35036575478138     25    
57742.23698484487    566.8167821028309     60.166829937083335    25    
57742.73698484487    549.982729676923      48.70995807370131     25    
57743.23698484487    533.9039309212419     41.149595420855405    25    
57743.73698484487    518.5846415879062     40.13363944931535     25    
57744.23698484487    503.97366347104276    39.82988453334167     25    
57744.73698484487    490.07449898035054    39.672668366496296    25    
57745.23698484487    476.8283058658846     40.42148378523669     25    
57745.73698484487    464.2344751571468     42.10306773863264     25    
57746.23698484487    452.23935802366765    44.207911870880885    25    
57746.73698484487    440.839191136549      46.92458531109613     25    
57747.23698484487    429.98399319500277    48.58701577154135     25    
57747.73698484487    419.6658201691678     48.685591100052214    25    
57748.23698484487    409.8393846305002     47.55322694458719     25    
57748.73698484487    400.4915355056139     42.96969151732051     25    
57749.23698484487    391.5827055807714     42.07673496889826     25    
57749.73698484487    383.0935103964986     42.55601633563412     25    
57750.23698484487    374.9911274910165     61.44590911846351     25    
57750.73698484487    367.24891809243195    89.63850839794014     25    