56948.035416435225    9.590359383818404     2.738226213694921     25    
56948.535416435225    11.216595179930799    2.6870670111661243    25    
56949.035416435225    12.94581937334167     2.733455509280354     25    
56949.535416435225    14.766587983543399    3.263570622998554     25    
56950.035416435225    16.68123259101863     4.014161879704146     25    
56950.535416435225    18.675438067018717    4.406924257290582     25    
56951.035416435225    20.751193834463944    4.440777383193231     25    
56951.535416435225    22.897722011249293    4.403649990513094     25    
56952.035416435225    25.110297901292213    4.4238324266154985    25    
56952.535416435225    27.386122236829852    4.439875562575918     25    
56953.035416435225    29.713139589118057    4.450441903591335     25    
56953.535416435225    32.09395082931363     4.455894918167452     25    
56954.035416435225    34.514313695556105    4.459659865175496     25    
56954.535416435225    36.975802586315204    4.459583389625889     25    
56955.035416435225    39.46834215133264     4.464450182909967     25    
56955.535416435225    41.99023925690597     4.500491311157145     25    
56956.035416435225    44.53274128063666     4.53096601720399      25    
56956.535416435225    47.082096932098246    4.453530933174608     25    
56957.035416435225    49.64705497609509     4.271568153564553     25    
56957.535416435225    52.08218010488145     4.207273343416403     25    
56958.035416435225    54.4105844565255      4.345165690509145     25    
56958.535416435225    56.50163096801167     4.51335968335756      25    
56959.035416435225    58.262055837166685    4.609608766348425     25    
56959.535416435225    59.6892042293006      4.681749671532471     25    
56960.035416435225    60.61483143019081     4.729873593840674     25    
56960.535416435225    61.054642734322066    4.747037273849611     25    
56961.035416435225    61.12334321364754     4.8376887735734515    25    
56961.535416435225    60.783825756259674    5.044177311899171     25    
56962.035416435225    60.191171481389986    5.271208616574998     25    
56962.535416435225    59.46319990474594     5.496471687671168     25    
56963.035416435225    58.59988571651841     5.6894536226172425    25    
56963.535416435225    57.80637734413089     5.675107833464688     25    
56964.035416435225    57.05775846814239     5.464525477444041     25    
56964.535416435225    56.36625261152265     5.12224860316919      25    
56965.035416435225    55.75827467094892     4.530693826730847     25    
56965.535416435225    55.179984588548585    3.908370691894164     25    
56966.035416435225    54.59387390520888     3.705947194885761     25    
56966.535416435225    54.00239213813195     3.7824555964521993    25    
56967.035416435225    53.34417689693316     3.8181114083210383    25    
56967.535416435225    52.624132404840786    3.836132870232756     25    
56968.035416435225    51.84489535580091     3.867684607130631     25    
56968.535416435225    50.99665427519094     3.900790643707775     25    
56969.035416435225    50.101557544580615    3.9647762960410438    25    
56969.535416435225    49.179142090673686    4.1263698340010775    25    
56970.035416435225    48.227110455289505    4.3277983570810115    25    
56970.535416435225    47.27530397287626     4.380499336979733     25    
56971.035416435225    46.323041135341064    4.290472684123782     25    
56971.535416435225    45.36434414780622     4.111372501565397     25    
56972.035416435225    44.404888102775615    3.7711097187787233    25    
56972.535416435225    43.42977865943974     3.4109320160819885    25    
56973.035416435225    42.422357835455706    3.345360992870906     25    
56973.535416435225    41.38539356045055     3.4782028644158367    25    
56974.035416435225    40.295506556445005    3.549756211481606     25    
56974.535416435225    39.14781137631334     3.562333108901199     25    
56975.035416435225    37.970836409128836    3.553646805317963     25    
56975.535416435225    36.75906127810845     3.495245522079498     25    
56976.035416435225    35.54339568685333     3.453888775407326     25    
56976.535416435225    34.369359192838026    3.561458258777589     25    
56977.035416435225    33.22890244675289     3.760622580739428     25    
56977.535416435225    32.18432406296447     3.866890963496422     25    
56978.035416435225    31.232333767859306    3.8639356783812637    25    
56978.535416435225    30.390336146375745    3.855685807754729     25    
56979.035416435225    29.672477172211334    3.8840295706296533    25    
56979.535416435225    29.070880537249725    3.928500210537257     25    
56980.035416435225    28.584846370540134    4.005358443569245     25    
56980.535416435225    28.214423564750856    4.105705295008178     25    
56981.035416435225    27.957204150030943    4.139219046254886     25    
56981.535416435225    27.819274626960148    4.103235065900777     25    
56982.035416435225    27.775749562623663    3.9982542470807267    25    
56982.535416435225    27.824255548784823    3.7666034624850617    25    
56983.035416435225    27.947380740525926    3.480656061497557     25    
56983.535416435225    28.103476553871452    3.330504678668817     25    
56984.035416435225    28.30136320824765     3.2918750660586125    25    
56984.535416435225    28.490282578589675    3.2818728825755112    25    
56985.035416435225    28.66513629812781     3.305432434746572     25    
56985.535416435225    28.829834896624313    3.324731272578095     25    
56986.035416435225    28.970834998100543    3.296581758240096     25    
56986.535416435225    29.108210295467302    3.2520621618248495    25    
56987.035416435225    29.278576194336562    3.2252742420662375    25    
56987.535416435225    29.47385737283827     3.209867592612534     25    
56988.035416435225    29.73797822042483     3.2215524873741384    25    
56988.535416435225    30.079831798204584    3.280708449976729     25    
56989.035416435225    30.48722656732462     3.325415435475475     25    
56989.535416435225    30.971411897882547    3.2906756947050693    25    
56990.035416435225    31.509700723981414    3.2289216802992344    25    
56990.535416435225    32.04587652884687     3.2406801662707214    25    
56991.035416435225    32.59261558083793     3.316037244082808     25    
56991.535416435225    33.085758703992035    3.354259813846958     25    
56992.035416435225    33.51596630060436     3.3334537225753373    25    
56992.535416435225    33.8807622127007      3.2815904272968486    25    
56993.035416435225    34.15733935861909     3.184732099828974     25    
56993.535416435225    34.36537521701297     3.070620424656407     25    
56994.035416435225    34.544977055193485    3.0611225730758163    25    
56994.535416435225    34.68695400300892     3.1505555212676577    25    
56995.035416435225    34.8367020379439      3.2443887667433846    25    
56995.535416435225    35.00462155437331     3.3226483495710584    25    
56996.035416435225    35.18737773541779     3.4005142504899997    25    
56996.535416435225    35.401473177657245    3.4467053520371085    25    
56997.035416435225    35.63074277165379     3.5038176320779004    25    
56997.535416435225    35.82804305602874     3.7388550974601467    25    
56998.035416435225    36.00404045134065     4.135619961069655     25    
56998.535416435225    36.1082498439369      4.4404579137923905    25    
56999.035416435225    36.129862258919914    4.646017228989175     25    
56999.535416435225    36.064206919221604    4.71610999911851      25    
57000.035416435225    35.88741671843606     4.519071570747883     25    
57000.535416435225    35.61243845941844     4.10191254373938      25    
57001.035416435225    35.2678790533288      3.611674346612329     25    
57001.535416435225    34.84719164250504     2.9508069020176197    25    
57002.035416435225    34.38139153410486     2.36501389906481      25    
57002.535416435225    33.87682886393329     2.191835487246365     25    
57003.035416435225    33.34058345567756     2.2360769494842314    25    
57003.535416435225    32.79124669074676     2.2485954187305466    25    
57004.035416435225    32.22297931705746     2.309648081286037     25    
57004.535416435225    31.635544039514894    2.441232049042756     25    
57005.035416435225    31.029331647279175    2.6471079896311047    25    
57005.535416435225    30.40209218334014     2.8353302857011324    25    
57006.035416435225    29.751723268800276    3.009459632888662     25    
57006.535416435225    29.081281125977185    3.1227238335876706    25    
57007.035416435225    28.39138435482964     3.0723995260389945    25    
57007.535416435225    27.6833612411921      2.892658415174211     25    
57008.035416435225    26.974695414711576    2.6766084836912176    25    
57008.535416435225    26.261986406536977    2.401970934596943     25    
57009.035416435225    25.561195033775046    2.1120823699211795    25    
57009.535416435225    24.877870659963094    1.8330191404234442    25    
57010.035416435225    24.214676521203327    1.5781188645671038    25    
57010.535416435225    23.58378969611209     1.448294050280542     25    
57011.035416435225    22.98206535125157     1.4493238900048258    25    
57011.535416435225    22.40843768144913     1.452338383530545     25    
57012.035416435225    21.86345346806412     1.451950457530159     25    
57012.535416435225    21.344745676400347    1.4551210292245917    25    
57013.035416435225    20.85158843523647     1.455468918150912     25    
57013.535416435225    20.383334159011007    1.4561420221444765    25    
57014.035416435225    19.93786352955829     1.4579618821869746    25    
57014.535416435225    19.515614992918117    1.4606215502873734    25    
57015.035416435225    19.113971126205435    1.4572920822071271    25    
57015.535416435225    18.733280553297572    1.444930272440594     25    
57016.035416435225    18.37159866063888     1.4330179508771799    25    
57016.535416435225    18.028023215325184    1.4122330347192913    25    
57017.035416435225    17.702078211279396    1.4074568779289973    25    
57017.535416435225    17.39153535417682     1.447842279238708     25    
57018.035416435225    17.096879462890932    1.5204274193524308    25    
57018.535416435225    16.815509345028353    1.8079833629438362    25    