#mB  c  mBmB x1x1 cc mBx1 mBc x1c
21.90783266629  -0.3  0.0005372013721818869  0.07020350933084935  0.00043063629683366597  -0.0008766791912083614  0.00032678136765340116  -0.00040225164666732473
21.908852991082767  0.3  0.0005640520548060555  0.0761094476997409  0.00045255377517743013  -0.00022754447681787264  0.000375678845932013  0.0004891664995013803
22.41347654070789  0.0  0.0005989765117262735  0.10888862226153206  0.0005140102620889367  -0.0009745230235086888  0.0003846586160081051  -0.00014628613194441793
22.91347654070789  0.0  0.000690837692455077  0.16539966202944478  0.0006550105834419767  -0.0016217737254557761  0.0004430675276692524  -0.0008530676974083337
23.41347654070789  0.0  0.0008809890853271063  0.2801485837259176  0.0009359902996664637  -0.0025594323465689445  0.0005564825870320293  -0.0025325384549293433
22.911919310836172  -0.15  0.0006886560436436069  0.15917157063627232  0.0006634754897817025  -0.0019314891774249092  0.00042393326750726675  -0.0015218295647124545
22.91246631620716  0.15  0.0006949935722387366  0.16154171490956115  0.0006469398565820817  -0.0012277771183150567  0.0004610194306085433  -0.00024146736708816958
23.90783266629  -0.3  0.0013323003904063518  0.39894573438513764  0.0014509710894893624  -0.004711437364686406  0.0006076356772328575  -0.009368444115824022
23.908852991082767  0.3  0.0013490199554477113  0.4952573652658927  0.0015738354272588995  -0.0011842425984755667  0.000979437144256617  -0.00109696241779181
