54152.11075080492    308.2863531578904     151.30083097702007    25    
54152.61075080492    393.1541081406017     141.52635271871287    25    
54153.11075080492    490.9449188986587     154.07653744093818    25    
54153.61075080492    602.5133470283428     227.15614134959816    25    
54154.11075080492    728.5180573283693     285.26565495182376    25    
54154.61075080492    869.9075923876873     294.55808168179175    25    
54155.11075080492    1027.2498099372233    289.04014437036943    25    
54155.61075080492    1201.580885708836     289.6008093732756     25    
54156.11075080492    1393.3842182154247    289.9702258683743     25    
54156.61075080492    1603.7772684819934    289.91385092108015    25    
54157.11075080492    1833.1653236531747    289.4623537005414     25    
54157.61075080492    2082.740782197357     288.53661976007095    25    
54158.11075080492    2352.8371677406717    287.27067813274635    25    
54158.61075080492    2645.2427142481633    285.8380830169493     25    
54159.11075080492    2959.120972787794     284.3858865792393     25    
54159.61075080492    3296.9190913273997    283.24586360041894    25    
54160.11075080492    3651.8827257154444    282.6824334709055     25    
54160.61075080492    4008.1987040509857    284.01702983584255    25    
54161.11075080492    4361.581824941575     286.53580182700335    25    
54161.61075080492    4687.025079762925     288.66235907190384    25    
54162.11075080492    4983.676884602121     290.4643262821281     25    
54162.61075080492    5225.6678781613455    290.7037845646423     25    
54163.11075080492    5418.562848612435     290.00698548888033    25    
54163.61075080492    5567.81461874667      291.0021103970372     25    
54164.11075080492    5676.051946084374     293.23456432180274    25    
54164.61075080492    5764.080111225812     296.4299961691948     25    
54165.11075080492    5831.76017397678      300.2013365436407     25    
54165.61075080492    5899.474380003754     302.99557968657905    25    
54166.11075080492    5965.417003836097     303.6284771481411     25    
54166.61075080492    6030.3454533897575    277.7939834778243     25    
54167.11075080492    6093.731252665204     220.77359202202055    25    
54167.61075080492    6146.293006180857     192.53893559799096    25    
54168.11075080492    6188.224850762856     202.49406734258685    25    
54168.61075080492    6210.9473759142975    206.44074308727554    25    
54169.11075080492    6214.552984467018     204.85179242119403    25    
54169.61075080492    6196.366533151185     202.58385722106325    25    
54170.11075080492    6156.286484643677     199.5161527133902     25    
54170.61075080492    6094.807171217485     199.2565262854194     25    
54171.11075080492    6011.895652488686     202.38319376910474    25    
54171.61075080492    5907.893110273068     203.36719715912542    25    
54172.11075080492    5782.353385785666     201.63634192279036    25    
54172.61075080492    5640.035938782024     198.9112634122231     25    
54173.11075080492    5480.624679965086     194.8847982180771     25    
54173.61075080492    5311.356303851856     193.32594969609784    25    
54174.11075080492    5132.44611626544      195.60022088777737    25    
54174.61075080492    4950.657931752443     196.63727781717026    25    
54175.11075080492    4766.450258252533     195.36439220690502    25    
54175.61075080492    4585.960858924648     193.07502733820843    25    
54176.11075080492    4409.794366998232     189.27408646566082    25    
54176.61075080492    4243.6335985230335    187.397205144629      25    
54177.11075080492    4088.2748666073       189.40960314953358    25    
54177.61075080492    3948.975459746266     190.81404007123584    25    
54178.11075080492    3828.079598044741     190.86852478382136    25    
54178.61075080492    3724.425044209082     187.24022050425592    25    
54179.11075080492    3639.285859487339     175.7688977525633     25    
54179.61075080492    3567.519783739546     167.07750865697662    25    
54180.11075080492    3507.948436040358     169.14034649956673    25    
54180.61075080492    3456.628142719921     172.37684310775268    25    
54181.11075080492    3411.609801044503     172.77384943556146    25    
54181.61075080492    3370.9118859946525    171.9406584727108     25    
54182.11075080492    3332.939967200855     168.8396696447264     25    
54182.61075080492    3297.0038445761393    166.6382839034614     25    
54183.11075080492    3262.4192093366823    168.6685853244571     25    
54183.61075080492    3228.2731007752036    171.2369550742598     25    
54184.11075080492    3193.630634902148     172.04953105102436    25    
54184.61075080492    3158.3047889740956    171.9087567484403     25    
54185.11075080492    3121.680695529744     169.69087568363       25    
54185.61075080492    3084.047930801977     168.43353228363594    25    
54186.11075080492    3045.474222377832     172.98876836724838    25    
54186.61075080492    3006.0206010245383    178.31939299495943    25    
54187.11075080492    2965.974489490389     179.57290531622527    25    
54187.61075080492    2924.87376105313      178.80446648269486    25    
54188.11075080492    2882.4656228689487    175.8020923360042     25    
54188.61075080492    2837.9967372408096    172.68863641701256    25    
54189.11075080492    2790.2259849608126    174.5577460670651     25    
54189.61075080492    2738.7362838913446    178.23371422888934    25    
54190.11075080492    2681.876376136103     180.05865180286315    25    
54190.61075080492    2620.0020252245126    180.5568586279449     25    
54191.11075080492    2552.5905666685076    177.50424642594072    25    
54191.61075080492    2480.4301765395758    173.41584374238286    25    
54192.11075080492    2405.1418795151376    175.76393241591796    25    
54192.61075080492    2326.9948741504       181.09872467729022    25    
54193.11075080492    2247.8950961463015    183.30431167919315    25    
54193.61075080492    2167.81661685753      183.50658239127227    25    
54194.11075080492    2088.1291879721052    180.52187150903887    25    
54194.61075080492    2008.6590400448251    175.61843928910045    25    
54195.11075080492    1929.6916403185098    175.20425996187572    25    
54195.61075080492    1851.223759290864     177.86461596044805    25    
54196.11075080492    1773.4039915576918    180.691162892505      25    
54196.61075080492    1696.3486221266792    183.46753372884388    25    
54197.11075080492    1620.878032550338     183.2339326156922     25    
54197.61075080492    1547.1310449715509    179.323097943972      25    
54198.11075080492    1477.2710905835227    156.15875723582022    25    
54198.61075080492    1411.2811029766463    106.51564073619231    25    
54199.11075080492    1351.5434824565273    76.16557895167742     25    
54199.61075080492    1297.9588045744101    83.29125558180453     25    
54200.11075080492    1251.4855397320334    84.76187645835716     25    
54200.61075080492    1212.09702673955      81.79582231778829     25    
54201.11075080492    1177.69953416438      80.05284630233312     25    
54201.61075080492    1148.3446280598207    79.6362253121478      25    
54202.11075080492    1121.785392690638     80.4588967607981      25    
54202.61075080492    1098.020870223839     82.65185344352959     25    
54203.11075080492    1075.4991485110932    82.92556801224244     25    
54203.61075080492    1054.1086179636427    80.8851750398895      25    
54204.11075080492    1033.8039398897952    79.15654449705958     25    
54204.61075080492    1014.563592803865     78.27547756800705     25    
54205.11075080492    996.3850061458829     75.24245358365178     25    
54205.61075080492    979.2741466130329     68.55984268775903     25    
54206.11075080492    963.1613487615316     64.58720394486046     25    
54206.61075080492    948.0618723462788     65.84573597087258     25    
54207.11075080492    933.796751493237      66.4589439272659      25    
54207.61075080492    920.3578464564024     65.1290282657741      25    
54208.11075080492    907.5697611571629     63.45670261988973     25    
54208.61075080492    895.4150057042062     61.53356108060763     25    
54209.11075080492    883.7264690887621     59.993332715708064    25    
54209.61075080492    872.4804943175699     59.15684754577083     25    
54210.11075080492    861.5165188994056     58.80750087032883     25    
54210.61075080492    850.8039559078662     58.62585867189123     25    
54211.11075080492    840.1895542004667     59.89596245093501     25    
54211.61075080492    829.635034086468      63.74386410540618     25    
54212.11075080492    818.9952186033165     66.99104603538169     25    
54212.61075080492    808.2233724647449     67.117853410723       25    
54213.11075080492    797.1831557193265     69.51855605027872     25    