53962.008878164204    4.786797686572975     1.209466376777328      25    
53962.508878164204    5.571436918502025     1.2008755626501613     25    
53963.008878164204    6.409972553938163     1.204783358572072      25    
53963.508878164204    7.29938564362569      1.2875585265645848     25    
53964.008878164204    8.2406018142978       1.4394142532421867     25    
53964.508878164204    9.230456185492107     1.5473110944318729     25    
53965.008878164204    10.268559229718313    1.5708665571282303     25    
53965.508878164204    11.353930406955028    1.5632593406058295     25    
53966.008878164204    12.483718562266109    1.5670389261318838     25    
53966.508878164204    13.658820171567616    1.5737174705114476     25    
53967.008878164204    14.875953574007587    1.5798586468202838     25    
53967.508878164204    16.134991953692015    1.5853500252779922     25    
53968.008878164204    17.434670195890376    1.5904748742117891     25    
53968.508878164204    18.77231951539464     1.595357177194247      25    
53969.008878164204    20.148778086486637    1.5999748499556274     25    
53969.508878164204    21.56074910306511     1.605868356766125      25    
53970.008878164204    23.01077824838284     1.6234059727537309     25    
53970.508878164204    24.491914733338238    1.6300677133793606     25    
53971.008878164204    26.004230398703893    1.5861614702085503     25    
53971.508878164204    27.54854715473396     1.4986109116873856     25    
53972.008878164204    29.05660086162682     1.447395959194826      25    
53972.508878164204    30.541195530750564    1.4661776619194669     25    
53973.008878164204    31.95116179955818     1.5053380913373864     25    
53973.508878164204    33.225695437003324    1.5279691157282491     25    
53974.008878164204    34.38234750303589     1.5461414303233927     25    
53974.508878164204    35.34230206246314     1.5588419193149938     25    
53975.008878164204    36.08754863005857     1.5627389924763908     25    
53975.508878164204    36.65115395977252     1.5661805030993807     25    
53976.008878164204    37.03840786674696     1.5777416665989332     25    
53976.508878164204    37.25275156219328     1.5937732081529006     25    
53977.008878164204    37.36711556405327     1.6106545121926554     25    
53977.508878164204    37.37005405151789     1.6318579691225035     25    
53978.008878164204    37.30327559860294     1.6463398108292742     25    
53978.508878164204    37.21261331333256     1.6479347251261287     25    
53979.008878164204    37.08026118136425     1.6370388488951413     25    
53979.508878164204    36.91425608950029     1.590448617226164      25    
53980.008878164204    36.720551993862344    1.484746180457193      25    
53980.508878164204    36.478048185691776    1.3844828117105314     25    
53981.008878164204    36.17579054700805     1.3628200422957755     25    
53981.508878164204    35.81535440620666     1.3837546681375943     25    
53982.008878164204    35.375325318139154    1.3886487149677647     25    
53982.508878164204    34.852561813118484    1.3773611656054203     25    
53983.008878164204    34.264236084234895    1.3631489556301595     25    
53983.508878164204    33.6110420500339      1.3477074174635832     25    
53984.008878164204    32.90074224585501     1.3323490879536513     25    
53984.508878164204    32.16913520918775     1.3287925003218501     25    
53985.008878164204    31.406889468028655    1.3400872836611468     25    
53985.508878164204    30.64301403546706     1.3471313387391257     25    
53986.008878164204    29.894820118703965    1.3454977419517624     25    
53986.508878164204    29.15506793907626     1.3316133760532027     25    
53987.008878164204    28.432394038446372    1.2756285094168802     25    
53987.508878164204    27.727603238121645    1.1620742126088477     25    
53988.008878164204    27.029323806071655    1.0629796108445322     25    
53988.508878164204    26.335346335444324    1.0411902146471488     25    
53989.008878164204    25.643630405736026    1.0537510502479395     25    
53989.508878164204    24.944059043729048    1.0509650553606251     25    
53990.008878164204    24.238605964454578    1.0407009459116716     25    
53990.508878164204    23.525260084536608    1.0267392274684355     25    
53991.008878164204    22.801985092861628    1.0046818997524758     25    
53991.508878164204    22.071128841354582    0.9818949629031083     25    
53992.008878164204    21.33506471654321     0.9737784404382398     25    
53992.508878164204    20.593008650086375    0.9790425271914984     25    
53993.008878164204    19.848085033178982    0.9814907079997115     25    
53993.508878164204    19.099318310317717    0.9841109195343106     25    
53994.008878164204    18.350134644640985    0.974303043178028      25    
53994.508878164204    17.605491216257118    0.9173429944665761     25    
53995.008878164204    16.863633482098987    0.80871963421685       25    
53995.508878164204    16.13452912713633     0.7214091274804564     25    
53996.008878164204    15.417929025563055    0.7024411888468339     25    
53996.508878164204    14.718166589027405    0.7093387280276154     25    
53997.008878164204    14.04316708549314     0.7046189469085711     25    
53997.508878164204    13.390612796892121    0.6990167294154849     25    
53998.008878164204    12.764456850714787    0.6881707221572202     25    
53998.508878164204    12.165924279481462    0.6668312812334884     25    
53999.008878164204    11.59326964494808     0.6446630962041734     25    
53999.508878164204    11.04572198527812     0.633651211869842      25    
54000.008878164204    10.523490313591273    0.6302192953027755     25    
54000.508878164204    10.02513137413352     0.6270766224943728     25    
54001.008878164204    9.550768382647291     0.6242647718390913     25    
54001.508878164204    9.099771385438979     0.6201733760145502     25    
54002.008878164204    8.671403448904027     0.6146171403752542     25    
54002.508878164204    8.265870090615469     0.6064629327549272     25    
54003.008878164204    7.882306189175539     0.5779039482048866     25    
54003.508878164204    7.520888051341836     0.5108479116169161     25    
54004.008878164204    7.180994391892993     0.4400160904327783     25    
54004.508878164204    6.862636850957909     0.41886561730259514    25    
54005.008878164204    6.565404187144645     0.429779530450339      25    
54005.508878164204    6.286049102695887     0.431016988116035      25    
54006.008878164204    6.0260150825303995    0.41858465918569254    25    
54006.508878164204    5.780409514564626     0.40771099924126647    25    
54007.008878164204    5.546455730602754     0.40838050091483724    25    
54007.508878164204    5.324346897476299     0.4148368624715617     25    
54008.008878164204    5.107650859748577     0.41828629453215255    25    
54008.508878164204    4.896681187613301     0.41983440552332807    25    
54009.008878164204    4.69151363043716      0.41706917122410886    25    
54009.508878164204    4.49009201299035      0.40610452498946925    25    
54010.008878164204    4.294801437317141     0.38944836717654835    25    
54010.508878164204    4.111697598225774     0.3719282583417282     25    
54011.008878164204    3.939060259844228     0.35107453353727414    25    
54011.508878164204    3.7824820358653235    0.33538336122965423    25    
54012.008878164204    3.645728273862535     0.33534461646289215    25    
54012.508878164204    3.52668984085132      0.34211949749334164    25    
54013.008878164204    3.42593765581914      0.33974995624192       25    
54013.508878164204    3.345202521408453     0.32796241047934194    25    
54014.008878164204    3.27389332755084      0.3192126016552306     25    
54014.508878164204    3.21004655441691      0.32098330748632276    25    
54015.008878164204    3.151172296168326     0.32743643007157386    25    
54015.508878164204    3.086319773379273     0.33408241277792367    25    
54016.008878164204    3.0177763393224453    0.342494572453142      25    
54016.508878164204    2.9421811041799244    0.3459889480183884     25    
54017.008878164204    2.855453037994733     0.34248209590121576    25    
54017.508878164204    2.763027241539401     0.3324307970876675     25    
54018.008878164204    2.67132759446733      0.31029507893405256    25    
54018.508878164204    2.5782143419033203    0.27184186809522115    25    
54019.008878164204    2.492382753681491     0.2407424602984608     25    
54019.508878164204    2.4157127817504955    0.2369136582687911     25    
54020.008878164204    2.3483995127997117    0.2431601192238036     25    
54020.508878164204    2.294780610558597     0.23989582321651712    25    
54021.008878164204    2.254113640724358     0.23112622977771985    25    
54021.508878164204    2.2202998768477844    0.22865701963441734    25    
54022.008878164204    2.1938230333406126    0.23738037016947608    25    
54022.508878164204    2.1714611684820895    0.25005444673976207    25    
54023.008878164204    2.1479493657831896    0.262703978363425      25    
54023.508878164204    2.124841871301701     0.27639829084342166    25    
54024.008878164204    2.09828807550343      0.28111533593065124    25    
54024.508878164204    2.0668522755670407    0.2726329007057627     25    
54025.008878164204    2.032858241305676     0.25875484500264945    25    
54025.508878164204    1.9975523995495708    0.246099502492785      25    
54026.008878164204    1.9606125238873213    0.23244364595656739    25    
54026.508878164204    1.9249531677409368    0.22248179214127659    25    
54027.008878164204    1.890451208211511     0.21822627568021932    25    
54027.508878164204    1.858036585869726     0.21699254103186374    25    
54028.008878164204    1.8292630874651328    0.2175768135476614     25    
54028.508878164204    1.8035287136567026    0.2200883273995661     25    
54029.008878164204    1.7803602506502798    0.2197643072139991     25    
54029.508878164204    1.759927980180471     0.21562910631537316    25    
54030.008878164204    1.7416719978360748    0.21002451067915953    25    
54030.508878164204    1.7251913136070451    0.20404603310269692    25    
54031.008878164204    1.7105567983218457    0.19738142466526787    25    
54031.508878164204    1.6970043072527312    0.19204158604634447    25    
54032.008878164204    1.6847002868103635    0.18827299628814118    25    
54032.508878164204    1.6730956106324297    0.18562023881952658    25    
54033.008878164204    1.661846085116923     0.1833014330348116     25    
54033.508878164204    1.6509772702602301    0.18219342429760865    25    
54034.008878164204    1.6397378150568256    0.18538962727441474    25    
54034.508878164204    1.6283138893050106    0.19288286930413878    25    
54035.008878164204    1.6161123639566541    0.20284573162890335    25    
54035.508878164204    1.6028490895820677    0.20897500044327177    25    
54036.008878164204    1.5884978198169983    0.2191410453103966     25    
54036.508878164204    1.572326492906703     0.2497801155945912     25    