@INSTRUMENT MOSAICII
@BAND MOSAICII_R
@MAGSYS Linear_AB11_off
#Date : MJD
#Flux : 
#Fluxerr : 
#ZP : 
#end
52910.1689  -0.2575  0.8224  25.0
52931.185  -0.3142  0.3508  25.0
52942.1486  -0.3989  0.5102  25.0
52964.1623  -0.1059  0.395  25.0
52988.1617  -0.3857  0.6555  25.0
53268.1866  -0.7432  0.5454  25.0
53287.1303  -0.4294  1.1641  25.0
53295.1325  0.9095  0.4303  25.0
53299.1399  0.5528  0.4563  25.0
53301.1093  0.1055  0.7848  25.0
53321.1439  0.5614  1.5289  25.0
53325.1434  3.908  0.4318  25.0
53331.1763  5.9312  0.9291  25.0
53344.1766  6.6562  0.4438  25.0
53348.1503  6.5809  0.4071  25.0
53352.1014  5.4171  0.3493  25.0
53354.1382  4.8177  0.3901  25.0
53356.1437  4.5632  0.4617  25.0
53358.1298  4.3659  0.4913  25.0
53360.1509  0.7085  1.1058  25.0
53379.0953  0.6827  0.417  25.0
53383.0742  0.777  0.3922  25.0
53387.077  1.469  0.9886  25.0
53641.1615  0.5261  0.6434  25.0
53645.1848  2.9189  1.6613  25.0
53649.1665  0.2656  0.8479  25.0
53682.1592  0.3486  0.7751  25.0
53698.1437  0.2377  0.8501  25.0
53704.1615  0.3108  0.3035  25.0
53994.3567  -0.8202  0.5209  25.0
54003.3455  -0.844  0.7166  25.0
54006.3807  -0.4696  0.4296  25.0
54021.3643  -0.112  1.3522  25.0
54023.3222  -0.5264  0.8369  25.0
54027.3636  0.2943  0.7494  25.0
54031.3643  -0.5386  0.7607  25.0
54039.3201  0.9924  0.9994  25.0
54053.1472  0.2659  0.3449  25.0
54055.2987  1.406  1.0497  25.0
54057.2725  -0.2942  1.1844  25.0
54069.2791  0.3027  0.6932  25.0
54084.1522  -0.3712  1.1344  25.0
54088.1596  0.3041  0.595  25.0
54092.1611  0.7052  0.3584  25.0
54094.1732  -0.4169  0.4927  25.0
54095.1558  -0.0828  0.7933  25.0
54096.1741  -0.745  1.1463  25.0
54111.159  -0.6078  0.7103  25.0
54113.1382  0.3358  0.5024  25.0
