52570.62704797088    152.81719472561863    55.847671416810925    25    
52571.12704797088    191.5016171815686     50.81847367523449     25    
52571.62704797088    235.56781118929752    57.00121746071088     25    
52572.12704797088    285.34353645204726    91.85500777796805     25    
52572.62704797088    341.0457654152317     119.06159315990352    25    
52573.12704797088    403.0541201021334     123.84699282545574    25    
52573.62704797088    471.53653568521787    121.32231249825364    25    
52574.12704797088    546.9188464136228     121.51615229785472    25    
52574.62704797088    629.325600281051      121.68833732793277    25    
52575.12704797088    719.2231936683119     121.67777809089324    25    
52575.62704797088    816.6984374845279     121.49946631993753    25    
52576.12704797088    922.2526401479952     121.13429517623038    25    
52576.62704797088    1035.9405255774448    120.61822967661624    25    
52577.12704797088    1158.4498609807968    119.87012490172688    25    
52577.62704797088    1289.5724836472232    119.175178389722      25    
52578.12704797088    1429.8736609867506    120.21304412123663    25    
52578.62704797088    1578.1947631523324    122.43865444345525    25    
52579.12704797088    1727.7909792982184    123.70131493792186    25    
52579.62704797088    1878.4513726275889    124.29481568854344    25    
52580.12704797088    2020.217671652047     124.92620056145078    25    
52580.62704797088    2153.433190731438     125.54022522645434    25    
52581.12704797088    2268.7381817154424    125.65498855741416    25    
52581.62704797088    2366.3535576499557    125.26913196671808    25    
52582.12704797088    2448.168264732253     125.35541203929259    25    
52582.62704797088    2513.859296344248     125.94011838205203    25    
52583.12704797088    2569.934135720947     126.84612032463797    25    
52583.62704797088    2616.3361374545466    128.1741095480744     25    
52584.12704797088    2658.5882607913622    129.1628437425105     25    
52584.62704797088    2697.5182860596815    131.09558262090349    25    
52585.12704797088    2732.4169062321944    121.96784530992254    25    
52585.62704797088    2763.8178456123696    90.3075830081143      25    
52586.12704797088    2788.533894384305     61.220619974983606    25    
52586.62704797088    2806.2750131108564    62.72039893545528     25    
52587.12704797088    2814.699618912609     67.5083574154329      25    
52587.62704797088    2812.6494900565203    67.21131172311519     25    
52588.12704797088    2801.390076546501     66.5907675808852      25    
52588.62704797088    2780.5451102661796    65.55827332108764     25    
52589.12704797088    2752.668499917923     65.0458376173323      25    
52589.62704797088    2718.5271908054156    66.01827507672816     25    
52590.12704797088    2679.925833462278     66.85303683459962     25    
52590.62704797088    2638.2905037067208    65.8056307570849      25    
52591.12704797088    2593.6320056762447    65.88390710181868     25    
52591.62704797088    2546.62106451221      70.24106097964787     25    
52592.12704797088    2496.6857707151185    74.80766557405322     25    
52592.62704797088    2443.5431460124832    76.74288694259275     25    
52593.12704797088    2387.045542172135     77.50227341584505     25    
52593.62704797088    2326.5820341601766    77.43176253026927     25    
52594.12704797088    2262.90014365214      76.66830826894176     25    
52594.62704797088    2196.521484533934     75.33301603813446     25    
52595.12704797088    2128.275427811178     73.9525199672262      25    
52595.62704797088    2059.9043678196804    74.16795833574837     25    
52596.12704797088    1991.765218767491     75.02353069941638     25    
52596.62704797088    1925.9356158612757    74.95308731777028     25    
52597.12704797088    1862.1767344437587    74.36237483434833     25    
52597.62704797088    1801.3461249593495    73.25970268406103     25    
52598.12704797088    1743.17321844874      71.94914995147835     25    
52598.62704797088    1687.246861019571     72.18384251696455     25    
52599.12704797088    1633.5507096573517    73.4173646372838      25    
52599.62704797088    1581.6483628536005    73.86334986114065     25    
52600.12704797088    1531.5547240976657    73.7432217960399      25    
52600.62704797088    1482.9267805081784    72.99410058419251     25    
52601.12704797088    1435.7792592143899    71.69513169481161     25    
52601.62704797088    1389.8651779315035    71.66931654344167     25    
52602.12704797088    1345.1933685622892    72.83681028120563     25    
52602.62704797088    1301.5004929278216    73.48719856000154     25    
52603.12704797088    1258.7811971984625    73.63364846170929     25    
52603.62704797088    1217.1289053058454    73.27394263822815     25    
52604.12704797088    1176.5105512324287    72.54385720341885     25    
52604.62704797088    1137.3856654398076    69.04978037799444     25    
52605.12704797088    1099.7520431154924    61.22015257969408     25    
52605.62704797088    1064.0443884816066    56.1211346648723      25    
52606.12704797088    1030.386954552967     56.68028209385479     25    
52606.62704797088    998.475938501997      56.92195240326682     25    
52607.12704797088    968.4582567044159     55.28900118079406     25    
52607.62704797088    939.2798405526678     54.39403695498987     25    
52608.12704797088    910.8345131207857     55.13528120628377     25    
52608.62704797088    882.2163363183253     55.977854716088686    25    
52609.12704797088    853.0238090652148     56.66195938533759     25    
52609.62704797088    823.3113264761416     56.592343510610796    25    
52610.12704797088    792.7283173932612     55.76563779896518     25    
52610.62704797088    762.2784476330959     52.7400404251257      25    
52611.12704797088    732.2689093959806     43.946341046310785    25    
52611.62704797088    703.4175159485688     34.41743363509046     25    
52612.12704797088    676.3525528930661     33.18726620146744     25    
52612.62704797088    651.1298406745175     34.410114542405935    25    
52613.12704797088    628.2210589789544     33.0684321180272      25    
52613.62704797088    607.0895069401671     31.710436395157704    25    
52614.12704797088    587.3952887477205     31.764404106722264    25    
52614.62704797088    568.8778909333931     32.419475181814114    25    
52615.12704797088    550.9878971628699     33.257903512933666    25    
52615.62704797088    533.7422387361786     33.91995203531724     25    
52616.12704797088    516.7767110932202     33.56867485909408     25    
52616.62704797088    500.31519804082296    32.21409376808598     25    
52617.12704797088    484.61394220242846    28.445881418243335    25    
52617.62704797088    469.7366228858798     23.040260193004865    25    
52618.12704797088    456.05430730481265    21.613185436919142    25    
52618.62704797088    443.52712682889313    22.842469280161215    25    
52619.12704797088    432.3487022685905     22.381733859340056    25    
52619.62704797088    422.4243555137255     21.118132216133198    25    
52620.12704797088    413.45432019183824    20.451347130031156    25    
52620.62704797088    405.429610241864      20.25604055193691     25    
52621.12704797088    397.9909647119461     20.576110150464693    25    
52621.62704797088    391.15358739723894    21.305471530545745    25    
52622.12704797088    384.6446787920577     21.276299314867217    25    
52622.62704797088    378.47889300432763    20.567766471234336    25    
52623.12704797088    372.61195161642155    19.97147603212418     25    
52623.62704797088    367.0453134044664     19.48544232068486     25    
52624.12704797088    361.7496499608906     19.262998883308295    25    
52624.62704797088    356.7263557455291     19.330670535789984    25    
52625.12704797088    351.9379400832289     19.54153530784878     25    
52625.62704797088    347.3866391763388     19.931913620566085    25    
52626.12704797088    343.02007083965566    19.980371117196043    25    
52626.62704797088    338.8380189370375     19.57602066475695     25    
52627.12704797088    334.7890940733869     19.004825727843976    25    
52627.62704797088    330.87085506632206    18.25795118695247     25    
52628.12704797088    327.03434387398227    17.56092748712069     25    
52628.62704797088    323.2747272686109     16.98965813557353     25    
52629.12704797088    319.54569898161157    16.597901506333017    25    
52629.62704797088    315.839514284072      16.66628428838838     25    
52630.12704797088    312.11303813644344    16.171776670144492    25    
52630.62704797088    308.35509485287486    14.008941496980547    25    
52631.12704797088    304.5262400786471     12.041024514613188    25    
52631.62704797088    300.61134771518806    11.896205307381011    25    
52632.12704797088    296.57518354839067    12.945414344732505    25    