#mB  c  mBmB x1x1 cc mBx1 mBc x1c
15.254219922330131  -0.3  0.00022590244385443445  0.005419647458887126  0.0001570229549416589  0.0005716034176740701  0.00015082104412374216  0.0002211793136761609
15.253734818775078  0.3  0.0002397665048790607  0.005360447091518754  0.00016224607111138043  0.0005551717694519683  0.00016194606315230855  0.00020945504660059276
15.759018354360359  0.0  0.00024046060680030573  0.0058656295550128055  0.00016362903667369705  0.000599614138257655  0.00016097569262737838  0.00022857372601969695
16.25901835436036  0.0  0.0002570212261413035  0.00673457066872135  0.0001725349874147516  0.0006693522187990617  0.00017082917998515195  0.00025383851562146175
16.75901835436036  0.0  0.00029273103472790633  0.008396424495269318  0.0001916547211429896  0.0008103104450190858  0.0001920438680428396  0.00030573612298400756
16.257860975638735  -0.15  0.0002551776724715978  0.006899795184477543  0.00017299057114016742  0.0006876014681055075  0.00016872068006025157  0.0002616121927995319
16.257654689814807  0.15  0.0002593797159725636  0.006597173520895055  0.00017270718227571468  0.0006543979981947605  0.00017318508574757198  0.0002474532699109501
17.254219922330133  -0.3  0.00038417557071323985  0.013774463022204109  0.0002549925118021138  0.0013013580378801993  0.00024141740705913215  0.0004878305008763307
17.253734818775083  0.3  0.00036309904894201914  0.010277595134887602  0.00022266861049781788  0.0009706805563657056  0.00023759994961943605  0.00036860971859405155
