#Date  :
#Flux  :
#Fluxerr  :
#ZP  :
#end  :
@INSTRUMENT  NB99
@BAND  NB99_b1
@MAGSYS  Linear_AB11_off
51258.10999999987  1923.01  81.32  29.0
51258.12999999989  1905.81  82.22  29.0
51274.12000000011  526.84  108.97  29.0
51276.14000000013  271.02  50.88  29.0
51277.169999999925  405.17  49.2  29.0
51296.02000000002  123.5  129.08  29.0
51305.060000000056  139.86  34.85  29.0
51899.5  0.0  100.0  29.0
51899.5  0.0  100.0  29.0
51899.5  0.0  100.0  29.0
51899.5  0.0  100.0  29.0
51899.5  0.0  100.0  29.0
