@INSTRUMENT MOSAICII
@BAND MOSAICII_R
@MAGSYS Linear_AB11_off
#Date : MJD
#Flux : 
#Fluxerr : 
#ZP : 
#end
52910.1238  -0.391  1.138  25.0
52931.0784  0.1016  0.7192  25.0
52934.0556  -0.5134  0.7372  25.0
52940.0709  0.237  0.6676  25.0
52958.0755  -0.909  1.4099  25.0
52962.0797  0.4183  0.9934  25.0
52966.0865  -0.9611  0.8357  25.0
52972.0835  0.2304  0.7384  25.0
52974.0334  0.968  0.8014  25.0
52986.082  0.0394  0.6023  25.0
52990.0652  0.1291  0.7759  25.0
52994.0674  0.3694  0.6206  25.0
53000.0773  0.5541  0.6183  25.0
53002.0525  -1.8692  0.8426  25.0
53268.1152  -2.1544  1.083  25.0
53283.1492  -1.3653  1.0198  25.0
53289.0632  -0.7345  0.8443  25.0
53293.0464  -1.2199  1.2687  25.0
53297.0712  -1.109  0.7428  25.0
53301.0763  -0.4881  1.2674  25.0
53315.0808  -0.5318  0.7052  25.0
53323.0909  -0.5952  0.5919  25.0
53327.166  -1.6008  1.0831  25.0
53329.0437  -0.6822  0.8345  25.0
53342.0889  -0.6461  0.588  25.0
53346.082  0.1704  0.726  25.0
53350.0628  -2.4899  1.1009  25.0
53358.0504  -1.1773  0.9593  25.0
53643.1173  -1.2329  1.5358  25.0
53682.078  -0.2231  0.633  25.0
53696.0846  -0.4085  0.5455  25.0
53700.1712  0.6493  0.6922  25.0
53702.1092  -0.1771  0.5774  25.0
53706.0828  -0.4136  0.6007  25.0
53712.0906  -0.2503  0.7227  25.0
53992.3002  -1.377  1.4081  25.0
54003.2272  -1.1865  0.8036  25.0
54021.2382  0.3623  1.2363  25.0
54025.233  0.7746  0.4862  25.0
54029.2467  0.7672  0.5304  25.0
54031.2309  -0.1585  0.7162  25.0
54033.2276  -2.2755  1.2244  25.0
54037.241  -0.8778  0.9296  25.0
54039.232  -0.2781  1.4388  25.0
54051.0555  -1.9502  0.7806  25.0
54055.1929  2.0843  1.0539  25.0
54069.2049  16.5249  2.0321  25.0
54084.0713  18.6607  1.3135  25.0
54088.0757  16.811  0.7787  25.0
54090.0615  15.66  0.5938  25.0
54094.0652  11.5352  0.7127  25.0
54096.0526  10.5742  1.1855  25.0
54111.0506  5.4274  0.8593  25.0
54113.0453  4.6005  0.9119  25.0
54351.2999  -1.1274  0.8547  25.0
54354.3114  0.203  0.9625  25.0
54377.2264  -0.7122  0.9446  25.0
54381.2209  0.2242  0.6354  25.0
54383.2334  1.2732  0.874  25.0
54389.1969  -0.8553  0.9004  25.0
54415.0362  1.8415  0.8598  25.0
54417.0384  0.0463  0.6537  25.0
54419.0245  0.8596  0.6864  25.0
54421.0371  0.4168  0.7351  25.0
54423.172  0.7825  1.0214  25.0
54435.1256  -1.0048  0.9408  25.0
54439.0454  0.8944  0.6454  25.0
54443.032  -0.7174  1.1041  25.0
54445.0479  0.1575  0.6516  25.0
54447.0501  0.474  0.6387  25.0
54449.0524  0.9204  0.8024  25.0
54451.0997  -0.6278  1.4721  25.0
54472.0728  0.2283  0.8056  25.0
54474.0715  0.2176  0.9351  25.0
