54286.33484310871    15.455650981056829    11.725088847804683    25    
54286.83484310871    20.55780317004864     10.863579893424006    25    
54287.33484310871    26.595192345049316    11.732620111076564    25    
54287.83484310871    33.66460665345864     17.780079194771957    25    
54288.33484310871    41.80494017760344     23.08716028672559     25    
54288.83484310871    51.13801633626627     24.30411041924753     25    
54289.33484310871    61.68082334931414     23.84258128548203     25    
54289.83484310871    73.57396108906667     23.821442129528617    25    
54290.33484310871    86.81877073077648     23.851329964812106    25    
54290.83484310871    101.56836978245484    23.843544223520087    25    
54291.33484310871    117.81471119258548    23.800070804378784    25    
54291.83484310871    135.71717128702548    23.71629312330318     25    
54292.33484310871    155.26457360533615    23.591561744702027    25    
54292.83484310871    176.62918638457242    23.445662750137725    25    
54293.33484310871    199.82931515640374    23.263229214827653    25    
54293.83484310871    224.84990695378218    23.197764937927683    25    
54294.33484310871    251.96977117631127    23.29786471800058     25    
54294.83484310871    279.7230539892981     23.446790610032032    25    
54295.33484310871    308.1015009656738     23.625258988757064    25    
54295.83484310871    335.46590109587777    23.799791965747282    25    
54296.33484310871    361.25867090848266    23.961485719208696    25    
54296.83484310871    384.485373080797      24.064694038587632    25    
54297.33484310871    403.88645287966654    24.0068787376103      25    
54297.83484310871    420.1274727366544     23.951412923531883    25    
54298.33484310871    433.18484341005194    24.092478402285384    25    
54298.83484310871    443.6343598946362     24.33761450085996     25    
54299.33484310871    452.49174227025026    24.685018895608298    25    
54299.83484310871    459.85195304806376    25.036634186985754    25    
54300.33484310871    466.92901201941345    25.289685885965312    25    
54300.83484310871    473.49343217847684    25.225089488759735    25    
54301.33484310871    479.6138097357212     22.797384989879358    25    
54301.83484310871    485.24041614690947    17.667868202700667    25    
54302.33484310871    489.7659632758911     14.953347068801609    25    
54302.83484310871    493.22864009238555    15.859057010878859    25    
54303.33484310871    495.0771839246272     16.344739844981238    25    
54303.83484310871    495.2744508241111     16.186878542792346    25    
54304.33484310871    493.83787536318357    15.962194715047687    25    
54304.83484310871    490.7080357514202     15.646375915073818    25    
54305.33484310871    486.1588972460752     15.542201496747323    25    
54305.83484310871    480.21778832941203    15.881278960078678    25    
54306.33484310871    473.08215035171264    16.13723027666884     25    
54306.83484310871    464.82628838722553    15.988759777781219    25    
54307.33484310871    455.5715733616078     15.814016664572028    25    
54307.83484310871    445.41603555900673    15.853335624144727    25    
54308.33484310871    434.43120763845485    15.982519900176602    25    
54308.83484310871    422.72679550482854    16.199964372000718    25    
54309.33484310871    410.3576717476065     16.411724171162938    25    
54309.83484310871    397.42907409291206    16.408563104789522    25    
54310.33484310871    384.05754233751736    16.265881089097157    25    
54310.83484310871    370.6311823608185     16.003061740192898    25    
54311.33484310871    357.1961135021409     15.668525527262473    25    
54311.83484310871    344.40821507352854    15.66997026224243     25    
54312.33484310871    332.23122997182537    15.936722958992044    25    
54312.83484310871    321.36033563719013    16.030875134405363    25    
54313.33484310871    311.77167358854973    15.973686243720712    25    
54313.83484310871    303.48084525147857    15.561059776846102    25    
54314.33484310871    296.5517597956358     14.642568702343405    25    
54314.83484310871    290.47149512390286    14.155140126831073    25    
54315.33484310871    285.2374956935674     14.44859888787888     25    
54315.83484310871    280.42685949303296    14.718245225727648    25    
54316.33484310871    275.94191493874206    14.751498941831448    25    
54316.83484310871    271.6001982393728     14.659919788533141    25    
54317.33484310871    267.2840730637333     14.336919947777332    25    
54317.83484310871    262.9688703400928     14.088196050033003    25    
54318.33484310871    258.6066976160485     14.25962594274913     25    
54318.83484310871    254.15959854400938    14.528272333478858    25    
54319.33484310871    249.54771682468046    14.628502873361986    25    
54319.83484310871    244.7951450021223     14.643149103843081    25    
54320.33484310871    239.88034042603854    14.471233260503512    25    
54320.83484310871    234.83796876095494    14.279259044616062    25    
54321.33484310871    229.75314061768714    14.674826861860193    25    
54321.83484310871    224.62690159647187    15.393245241886586    25    
54322.33484310871    219.5657297710283     15.681161083370803    25    
54322.83484310871    214.55577314820957    15.653356902230703    25    
54323.33484310871    209.58490730208868    15.460979100699472    25    
54323.83484310871    204.65907187038383    15.077933304221562    25    
54324.33484310871    199.6140453443083     15.009275942589095    25    
54324.83484310871    194.45803135545668    15.340794058334108    25    
54325.33484310871    189.03489163146574    15.60031389559949     25    
54325.83484310871    183.31268353617514    15.73919682886601     25    
54326.33484310871    177.3079443418919     15.689180362279757    25    
54326.83484310871    170.96996550244933    15.293898268995386    25    
54327.33484310871    164.48792556098917    15.004216785286044    25    
54327.83484310871    157.90641584974128    15.146200917711843    25    
54328.33484310871    151.35507246086473    15.36137020434174     25    
54328.83484310871    144.94251906639113    15.48653672087396     25    
54329.33484310871    138.7018833508262     15.497518798438099    25    
54329.83484310871    132.73830315144184    15.157342637212055    25    
54330.33484310871    127.02128177006168    14.743588159470189    25    
54330.83484310871    121.55799607904054    14.794751347397497    25    
54331.33484310871    116.345821980991      15.0892225635483      25    
54331.83484310871    111.38088635208345    15.38062804550866     25    
54332.33484310871    106.66572804213189    15.650481245338392    25    
54332.83484310871    102.20797325720285    15.606215352753544    25    
54333.33484310871    98.00872447576222     15.241750337533947    25    
54333.83484310871    94.09955077455498     13.574592815765364    25    
54334.33484310871    90.47825931348245     9.890322911709616     25    
54334.83484310871    87.17895334439231     7.209762833912902     25    
54335.33484310871    84.20377595683966     7.538108737813251     25    
54335.83484310871    81.55415884511538     7.832831752894456     25    
54336.33484310871    79.24118073807878     7.535222981802908     25    
54336.83484310871    77.21080139690335     7.303006280249006     25    
54337.33484310871    75.45904216809757     7.244012964414998     25    
54337.83484310871    73.94077550289393     7.294156092318208     25    
54338.33484310871    72.6412247206758      7.517191916871468     25    
54338.83484310871    71.5277997110462      7.67809571694488      25    
54339.33484310871    70.5759628505953      7.5458838915315205    25    
54339.83484310871    69.76670386062956     7.317792597518064     25    
54340.33484310871    69.07021229878119     7.2038400246108365    25    
54340.83484310871    68.47498322752233     7.051473934620166     25    
54341.33484310871    67.94261647007022     6.5573720907915485    25    
54341.83484310871    67.47112190097327     5.8975074948447235    25    
54342.33484310871    67.0226666664522      5.741025598730095     25    
54342.83484310871    66.60136533070205     5.922779709263198     25    
54343.33484310871    66.19018769941522     5.89729029278832      25    
54343.83484310871    65.79029650544851     5.729538684110378     25    
54344.33484310871    65.38683811795852     5.536896185214601     25    
54344.83484310871    64.98086798498879     5.3104096213068175    25    
54345.33484310871    64.55733541743648     5.136292555364048     25    
54345.83484310871    64.11700033789312     5.027218426528069     25    
54346.33484310871    63.64540310816012     4.968265108650688     25    
54346.83484310871    63.14241707447232     4.929847031892101     25    
54347.33484310871    62.59476470044015     5.079791092381771     25    
54347.83484310871    62.000841705037246    5.536205424138325     25    
54348.33484310871    61.34914370458751     5.911688639459404     25    
54348.83484310871    60.635997739898855    5.9297124115420115    25    
54349.33484310871    59.852263630913065    6.100720892345452     25    