@INSTRUMENT MEGACAMPSF
@BAND i
@MAGSYS AB
@WEIGHTMAT weightmat_SNLS_i.dat
@X_FOCAL_PLANE -12.38355
@Y_FOCAL_PLANE 2.57337
#Date : MJD
#Flux : 
#Fluxerr : errors (but look at the weight matrix)
#ZP : 
#end
52872.46  0.0065276402  0.610845360872  26.362395000000003
52876.48  1.1528999  0.532304223756  26.362395000000003
52880.38  2.5345937  0.756712377109  26.362395000000003
52881.37  3.5215663  0.620230746175  26.362395000000003
52885.46  7.1989981  0.475294705162  26.362395000000003
52900.38  24.248792  0.680771190698  26.362395000000003
52904.33  25.458881  0.611734694193  26.362395000000003
52908.27  26.674255  0.915196773618  26.362395000000003
52913.3  22.770044  0.561014113513  26.362395000000003
52929.34  10.54238  0.773102432586  26.362395000000003
52934.31  10.443555  0.517339890717  26.362395000000003
52938.26  9.0197943  0.540651949264  26.362395000000003
52942.22  7.1592586  1.11063521553  26.362395000000003
52962.26  2.4448386  0.613706746621  26.362395000000003
53173.53  -0.11880305  0.544016494305  26.362395000000003
53176.54  0.75291055  0.477936996303  26.362395000000003
53180.53  0.41539199  0.598917881308  26.362395000000003
53195.52  -1.4233421  1.43200058431  26.362395000000003
53198.5  0.42442519  0.635070405616  26.362395000000003
53203.51  1.3234889  0.605095685914  26.362395000000003
53209.54  -0.33525367  0.660572936851  26.362395000000003
