#Date  :
#Flux  :
#Fluxerr  :
#ZP  :
#end  :
@INSTRUMENT  SDSS
@BAND  SDSS_r
@MAGSYS  AB
54348.187675  1.885  1.268  23.901989999999998
54357.156738  0.1908  0.7084  23.901989999999998
54365.154291  -1.522  1.216  23.901989999999998
54379.195546  -0.1233  0.7557  23.901989999999998
54385.202768  0.2402  0.7522  23.901989999999998
54387.203006  -0.9562  0.9931  23.901989999999998
54392.197219  -0.4983  1.487  23.901989999999998
54394.185427  0.4439  2.406  23.901989999999998
54402.194976  4.272  1.575  23.901989999999998
54404.112885  6.581  0.8546  23.901989999999998
54408.108452  6.104  0.8749  23.901989999999998
54410.109374  7.222  0.8643  23.901989999999998
54411.066194  6.496  1.163  23.901989999999998
54413.106949  7.289  0.9821  23.901989999999998
54418.106552  6.317  0.8519  23.901989999999998
54422.110608  7.343  1.241  23.901989999999998
54424.098751  4.811  1.387  23.901989999999998
