#mB  c  mBmB x1x1 cc mBx1 mBc x1c
15.005067037992688  -0.3  7.62350187863538e-05  0.0019317217038686068  5.6509357281153824e-05  1.531753559570746e-05  4.953354024869691e-05  -7.001234653884783e-06
15.005413245468263  0.3  8.222998213721502e-05  0.0017601050996917625  5.973075386842551e-05  9.92658611512136e-06  5.494586455336139e-05  -9.968341800803845e-06
15.510332394428831  0.0  8.165976571084717e-05  0.002009367831797641  5.968306318898877e-05  1.3861748602076736e-05  5.3751280761567086e-05  -6.9452513035848545e-06
16.010332394428833  0.0  8.699601167256121e-05  0.0023460109440055763  6.303588928170693e-05  1.86260604814837e-05  5.6907515829859704e-05  -3.2296007028051533e-06
16.510332394428833  0.0  9.755733973347852e-05  0.002951936112824113  6.95909715917088e-05  2.888946947698702e-05  6.299310804409513e-05  2.89469956649541e-06
16.008954204554573  -0.15  8.604082240909564e-05  0.0024948547960147375  6.28897502844368e-05  2.2165860106820695e-05  5.5744388979292746e-05  -1.2573888544987925e-06
16.00916388095591  0.15  8.815742604919964e-05  0.0022209307698593628  6.343031251413215e-05  1.549748332223314e-05  5.817103096223493e-05  -5.114815342115665e-06
17.00506703799269  -0.3  0.00011887121760406241  0.005197437652199706  8.674210479927652e-05  6.129491440540271e-05  7.233037294970121e-05  1.1815079284769669e-05
17.005413245468265  0.3  0.00011913439652777901  0.0033309377949173667  8.094374389589076e-05  3.597260668670736e-05  7.755363279829984e-05  8.158539421600175e-06
