@INSTRUMENT DECam
@BAND DECam_r
@MAGSYS AB
#Date : MJD
#Flux : 
#Fluxerr : 
#ZP : 
#end
57273.096  24.109  11.599  27.498346442599363
57277.086  14.734  8.6176  27.498346442599363
57283.094  51.087  24.881  27.498346442599363
57288.055  108.84  21.11  27.498346442599363
57290.049  159.41  40.128  27.498346442599363
57297.032  161.02  15.626  27.498346442599363
57301.035  140.8  23.194  27.498346442599363
57305.053  146.41  13.155  27.498346442599363
57311.009  106.86  10.15  27.498346442599363
57315.152  81.705  13.644  27.498346442599363
57316.008  98.108  15.602  27.498346442599363
57325.025  46.829  6.8762  27.498346442599363
57329.017  32.168  10.391  27.498346442599363
57334.19  33.389  6.5015  27.498346442599363
57339.021  25.09  10.554  27.498346442599363
57344.036  17.249  12.199  27.498346442599363
57355.144  11.479  11.011  27.498346442599363
57365.039  15.488  6.9949  27.498346442599363
57372.034  35.503  32.701  27.498346442599363
57376.042  -32.487  19.599  27.498346442599363
57379.046  21.19  16.602  27.498346442599363
