55265.811822673764    1.2901336691290561    0.2739163455635498     25    
55266.311822673764    1.4613281007884795    0.27448931985685604    25    
55266.811822673764    1.6421542812286154    0.2751149475674189     25    
55267.311822673764    1.8319539208466646    0.27634947678074295    25    
55267.811822673764    2.0307215394091127    0.27878184452673993    25    
55268.311822673764    2.2384647949634795    0.28180618647773914    25    
55268.811822673764    2.454525414391635     0.28420317490637104    25    
55269.311822673764    2.6788913730465542    0.2854041480121541     25    
55269.811822673764    2.9115768239352553    0.2859973088554194     25    
55270.311822673764    3.151923543393623     0.2865047334268362     25    
55270.811822673764    3.399912995330445     0.2871197222459543     25    
55271.311822673764    3.6555657617735897    0.28766135193266607    25    
55271.811822673764    3.9182237014822725    0.2881079710274922     25    
55272.311822673764    4.187861799890443     0.2884378110420363     25    
55272.811822673764    4.464507002108132     0.2886767613416382     25    
55273.311822673764    4.747501282287225     0.28887566823437505    25    
55273.811822673764    5.0368131803561935    0.28899830152520195    25    
55274.311822673764    5.332475938568519     0.28908224071072797    25    
55274.811822673764    5.633831679438141     0.2893048080360964     25    
55275.311822673764    5.941117568504067     0.28830332305540524    25    
55275.811822673764    6.254124940923187     0.28730681295504873    25    
55276.311822673764    6.571334633743146     0.29080424824980455    25    
55276.811822673764    6.894500463781755     0.30284094285291696    25    
55277.311822673764    7.222083117726132     0.31893320036458583    25    
55277.811822673764    7.546705951105938     0.3312769377579759     25    
55278.311822673764    7.868568313643892     0.3366002340457689     25    
55278.811822673764    8.187583360986892     0.3385363263032198     25    
55279.311822673764    8.493941682657411     0.3399496303788063     25    
55279.811822673764    8.78637049435185      0.3419947091429213     25    
55280.311822673764    9.066093372056294     0.3436418691731322     25    
55280.811822673764    9.324664752587685     0.34474252029330554    25    
55281.311822673764    9.557968324652762     0.34479752861116525    25    
55281.811822673764    9.769588798462431     0.344222303120878      25    
55282.311822673764    9.961757889765684     0.3444309928179134     25    
55282.811822673764    10.133168320550912    0.34616290058672716    25    
55283.311822673764    10.284849480463247    0.34875942810485283    25    
55283.811822673764    10.424039918147054    0.35168022947932304    25    
55284.311822673764    10.551817555760689    0.355316440371439      25    
55284.811822673764    10.667154520339153    0.3593379406107674     25    
55285.311822673764    10.776475681250878    0.3617543374113287     25    
55285.811822673764    10.882850148845874    0.36301147105869214    25    
55286.311822673764    10.983699520286176    0.3628461183115634     25    
55286.811822673764    11.077944862454427    0.3570558824795394     25    
55287.311822673764    11.166636216567829    0.3393999638327129     25    
55287.811822673764    11.248997632518243    0.3130355371687744     25    
55288.311822673764    11.319988750305805    0.29176653788484563    25    
55288.811822673764    11.378751781628026    0.28685197542778557    25    
55289.311822673764    11.426099279066905    0.2913476341411628     25    
55289.811822673764    11.457458244714145    0.2957694486239645     25    
55290.311822673764    11.470611526267282    0.2958621250638503     25    
55290.811822673764    11.46735786590911     0.2951488801381831     25    
55291.311822673764    11.448267491182891    0.29429380214687967    25    
55291.811822673764    11.412532539086252    0.2932719248588573     25    
55292.311822673764    11.360707680454496    0.292072392161855      25    
55292.811822673764    11.296413883118516    0.29177910794919004    25    
55293.311822673764    11.220300271378154    0.29355356284064094    25    
55293.811822673764    11.131743889365636    0.2965129141308608     25    
55294.311822673764    11.034251692321813    0.29839840331417433    25    
55294.811822673764    10.92895645388831     0.2984973885746449     25    
55295.311822673764    10.814905306440643    0.2974310274443647     25    
55295.811822673764    10.693874328512615    0.2941128977199761     25    
55296.311822673764    10.566533910783402    0.2863926732806141     25    
55296.811822673764    10.432338025700775    0.2753998086145199     25    
55297.311822673764    10.29191043972701     0.2666248811283973     25    
55297.811822673764    10.145366453998141    0.2641986843815071     25    
55298.311822673764    9.99259195905751      0.2654631595269824     25    
55298.811822673764    9.834252246706878     0.2667237714986323     25    
55299.311822673764    9.670251126543187     0.2661716822883068     25    
55299.811822673764    9.500601956495403     0.26518995373301124    25    
55300.311822673764    9.326805893110475     0.26392244334237713    25    
55300.811822673764    9.14901395610307      0.26205455802372857    25    
55301.311822673764    8.967020583108166     0.25975437341332064    25    
55301.811822673764    8.78294950693891      0.25837604841860695    25    
55302.311822673764    8.59726805938432      0.2591302431946542     25    
55302.811822673764    8.409526689353019     0.2611978913911529     25    
55303.311822673764    8.221895106592251     0.26272143470799647    25    
55303.811822673764    8.034710862940779     0.2639464989484303     25    
55304.311822673764    7.847586984220548     0.26490713606607397    25    
55304.811822673764    7.663330626724873     0.26137950839837004    25    
55305.311822673764    7.482483586665084     0.2479793402701091     25    
55305.811822673764    7.304475869651539     0.22657030948899623    25    
55306.311822673764    7.132645977621491     0.20785530357835133    25    
55306.811822673764    6.967875974591248     0.20158408727100588    25    
55307.311822673764    6.809349838118738     0.20301631707299514    25    
55307.811822673764    6.6602769166435785    0.20525737585927128    25    
55308.311822673764    6.522266596575382     0.20484869078858725    25    
55308.811822673764    6.394141397752656     0.20430018928433918    25    
55309.311822673764    6.2762553506606285    0.20327009007170074    25    
55309.811822673764    6.169425697472343     0.20114876579725927    25    
55310.311822673764    6.073211346173651     0.19824374577458906    25    
55310.811822673764    5.9853002014428505    0.19601216356970938    25    
55311.311822673764    5.905067977534811     0.19556930903603417    25    
55311.811822673764    5.833105227515383     0.1962318959490797     25    
55312.311822673764    5.767052226863072     0.19689970448636138    25    
55312.811822673764    5.7060422802556445    0.19703629642366235    25    
55313.311822673764    5.650791522819491     0.19702926865757706    25    
55313.811822673764    5.599633986145782     0.1966875824197403     25    
55314.311822673764    5.55187863022212      0.19617939049784583    25    
55314.811822673764    5.508068768716146     0.19546228022581877    25    
55315.311822673764    5.467261986670267     0.19342680728680237    25    
55315.811822673764    5.4291563117177795    0.18848574015203734    25    
55316.311822673764    5.394025831715868     0.1812314148580229     25    
55316.811822673764    5.360949955243954     0.17525465641945712    25    
55317.311822673764    5.3296820392851165    0.1735772304913188     25    
55317.811822673764    5.300473790877915     0.17460996243017382    25    
55318.311822673764    5.272221218692475     0.17566111589434918    25    
55318.811822673764    5.244618323869047     0.17486446011906506    25    
55319.311822673764    5.217975754425141     0.1733439049016707     25    
55319.811822673764    5.190975357678055     0.17261219980541248    25    
55320.311822673764    5.16317068216423      0.17396629813054956    25    
55320.811822673764    5.134966281649622     0.17666522289741277    25    
55321.311822673764    5.1050639313582105    0.17897586342424052    25    
55321.811822673764    5.072741967772531     0.1800390511660302     25    
55322.311822673764    5.038491136816513     0.18048186330825958    25    
55322.811822673764    5.002119130521335     0.1799617863454263     25    
55323.311822673764    4.963192641251487     0.17815738921624397    25    
55323.811822673764    4.921880173480451     0.17520239048774294    25    
55324.311822673764    4.8794371460438635    0.1714213028405433     25    
55324.811822673764    4.836292022020409     0.1663485991755062     25    
55325.311822673764    4.792046314942562     0.15987842595840288    25    
55325.811822673764    4.748007548794502     0.1547016621491607     25    
55326.311822673764    4.704940983962741     0.1534644928418996     25    
55326.811822673764    4.662344272996456     0.15499745355554248    25    
55327.311822673764    4.6203644793430545    0.15612962055538404    25    
55327.811822673764    4.579476453864844     0.15452050309986295    25    
55328.311822673764    4.539536711854786     0.15140496724142724    25    
55328.811822673764    4.49899164577         0.14880447989190967    25    
55329.311822673764    4.457276099955492     0.1481936778918908     25    
55329.811822673764    4.414914377827368     0.14878292621864017    25    
55330.311822673764    4.3702665605047155    0.1497934553497858     25    
55330.811822673764    4.322394695081032     0.15105218656159278    25    
55331.311822673764    4.271925568532498     0.15278239729341195    25    
55331.811822673764    4.218433011680395     0.1537944470975558     25    
55332.311822673764    4.16126357393034      0.15371555803829465    25    
55332.811822673764    4.100643413667249     0.15295820526140053    25    
55333.311822673764    4.038141205484428     0.14992330027226564    25    
55333.811822673764    3.9743514914291116    0.14201659553966775    25    
55334.311822673764    3.9087173639276       0.129231413072166      25    
55334.811822673764    3.8429434237995426    0.11742512394635868    25    
55335.311822673764    3.77791548468625      0.11303001888998439    25    
55335.811822673764    3.712982447054996     0.11396114866161512    25    
55336.311822673764    3.649143167093911     0.11533016608524917    25    
55336.811822673764    3.5871373489996845    0.11372757625163672    25    
55337.311822673764    3.5265609151712205    0.11092737397335278    25    
55337.811822673764    3.467115261484306     0.10864288712947553    25    
55338.311822673764    3.4087145921841815    0.10813254809135357    25    
55338.811822673764    3.3514607025956495    0.10878185053094289    25    
55339.311822673764    3.2949465629700305    0.10999262536813899    25    
55339.811822673764    3.2389272109066343    0.11176566651948688    25    
55340.311822673764    3.183561766049148     0.11427269438164231    25    
55340.811822673764    3.1287262315071533    0.11588620010111823    25    
55341.311822673764    3.074230191581151     0.11535996806129141    25    
55341.811822673764    3.02012272628277      0.11328906792825352    25    
55342.311822673764    2.966862374977952     0.11064259466115281    25    
55342.811822673764    2.914641859928745     0.10832318008589913    25    
55343.311822673764    2.863280396290079     0.10596717680164865    25    
55343.811822673764    2.8132924943451427    0.10232708799971432    25    
55344.311822673764    2.7649699823705207    0.09548422994605564    25    
55344.811822673764    2.7181046748080187    0.08513826574080091    25    
55345.311822673764    2.6730001819157247    0.07531946786814699    25    
55345.811822673764    2.6299147849906492    0.07106791687929433    25    
55346.311822673764    2.588730473354657     0.07133336330463508    25    
55346.811822673764    2.549259881948638     0.07244012787776034    25    
55347.311822673764    2.5114327010023216    0.0718741957590777     25    
55347.811822673764    2.475324045834601     0.07097709301652742    25    
55348.311822673764    2.440690688608674     0.0700732808039355     25    
55348.811822673764    2.4074096780064327    0.06927215476344417    25    
55349.311822673764    2.3755851609694614    0.06848803399840175    25    
55349.811822673764    2.3449771419799608    0.06790690144848009    25    
55350.311822673764    2.315460790510177     0.06769249605217073    25    
55350.811822673764    2.28714141093878      0.067779070427254      25    
55351.311822673764    2.2597797295205284    0.06805486570200649    25    
55351.811822673764    2.2332490495229322    0.06806852334735017    25    
55352.311822673764    2.2076558067519265    0.06776830276599197    25    
55352.811822673764    2.182761462239747     0.06899811585644702    25    
55353.311822673764    2.1584374660540733    0.07360166023058262    25    
55353.811822673764    2.134791359418285     0.08058403759250729    25    
55354.311822673764    2.1115853511469997    0.0865615188162287     25    
55354.811822673764    2.088689051112981     0.08912494917391968    25    
55355.311822673764    2.066211079947225     0.08940401941708202    25    
55355.811822673764    2.0439144072516564    0.09082059334606547    25    
55356.311822673764    2.021666815709029     0.09477286522324933    25    