#Date  :
#Flux  :
#Fluxerr  :
#ZP  :
#end  :
@INSTRUMENT  PS
@BAND  PS_r
@MAGSYS  AB
55161.6015625  -8.784000396728516  13.204999923706055  27.523
55176.6015625  3.890000104904175  9.585000038146973  27.523
55179.6015625  3.26200008392334  7.559000015258789  27.523
55179.6015625  2.9600000381469727  7.390999794006348  27.523
55188.6015625  2.316999912261963  9.012999534606934  27.523
55206.6015625  -0.38499999046325684  7.070000171661377  27.523
55212.5  -2.364000082015991  6.870999813079834  27.523
55215.6015625  -6.0229997634887695  7.5229997634887695  27.523
55217.5  0.47099998593330383  7.043000221252441  27.523
55221.5  16.027000427246094  13.126999855041504  27.523
55230.3984375  -5.205999851226807  45.06100082397461  27.523
55233.5  -7.829999923706055  15.069999694824219  27.523
55236.5  -12.064000129699707  10.880000114440918  27.523
55239.5  -2.927999973297119  11.263999938964844  27.523
55242.3984375  2.5810000896453857  7.40500020980835  27.523
55248.3984375  -15.949000358581543  9.411999702453613  27.523
55275.3984375  -9.824000358581543  11.654999732971191  27.523
55290.3984375  17.035999298095703  115.18399810791016  27.523
55302.3984375  19.98900032043457  20.513999938964844  27.523
55320.30078125  7.271999835968018  10.255999565124512  27.523
55545.5  8.291999816894531  10.032999992370605  27.523
55560.6015625  15.482000350952148  9.347000122070312  27.523
55563.6015625  -26.381999969482422  14.121999740600586  27.523
55566.6015625  4.084000110626221  9.883000373840332  27.523
55572.6015625  -8.468000411987305  12.52400016784668  27.523
55587.6015625  11.899999618530273  10.95300006866455  27.523
55590.5  -5.572000026702881  6.958000183105469  27.523
55593.5  1.0329999923706055  8.543999671936035  27.523
55596.3984375  -4.599999904632568  9.050000190734863  27.523
55602.3984375  21.136999130249023  15.560999870300293  27.523
55614.3984375  -49.334999084472656  119.43900299072266  27.523
55629.30078125  2.76200008392334  8.875  27.523
55632.30078125  -16.32699966430664  8.302000045776367  27.523
55635.30078125  -13.26200008392334  11.4399995803833  27.523
55644.3984375  2.691999912261963  36.53900146484375  27.523
55650.3984375  -3.318000078201294  10.322999954223633  27.523
55653.3984375  -3.7239999771118164  10.414999961853027  27.523
55662.30078125  -9.435999870300293  10.72599983215332  27.523
55674.30078125  -0.054999999701976776  7.690999984741211  27.523
55677.30078125  0.4269999861717224  10.871000289916992  27.523
55680.30078125  22.84600067138672  13.986000061035156  27.523
55941.6015625  -5.284999847412109  9.095999717712402  27.523
55947.6015625  -2.061000108718872  9.597999572753906  27.523
55948.3984375  -2.378000020980835  15.33899974822998  27.523
55952.6015625  11.00100040435791  7.49399995803833  27.523
55970.5  -2.75600004196167  11.39799976348877  27.523
55973.5  0.2029999941587448  9.02400016784668  27.523
55984.30078125  -7.986000061035156  8.008000373840332  27.523
56000.5  18.128999710083008  12.069000244140625  27.523
56006.3984375  8.515000343322754  12.678999900817871  27.523
56014.30078125  -6.829999923706055  9.769000053405762  27.523
56029.3984375  23.533000946044922  11.479000091552734  27.523
56032.3984375  0.7889999747276306  9.63700008392334  27.523
56040.30078125  9.58899974822998  10.107999801635742  27.523
56043.30078125  -4.714000225067139  8.407999992370605  27.523
56325.6015625  -5.743000030517578  15.373000144958496  27.523
56328.5  -14.041999816894531  10.428000450134277  27.523
56331.6015625  -30.235000610351562  17.052000045776367  27.523
56336.5  -9.600000381469727  8.758000373840332  27.523
56354.5  1.3109999895095825  11.972999572753906  27.523
56357.3984375  7.728000164031982  10.640000343322754  27.523
56360.30078125  5.644999980926514  12.61400032043457  27.523
56384.30078125  -8.270999908447266  13.638999938964844  27.523
56387.3984375  -0.8629999756813049  10.833000183105469  27.523
56391.30078125  6.521999835968018  9.14900016784668  27.523
56395.30078125  1.2120000123977661  10.680000305175781  27.523
56416.30078125  6.572000026702881  9.706000328063965  27.523
56625.6015625  14.916999816894531  9.418000221252441  27.523
56630.6015625  35.685001373291016  10.793000221252441  27.523
56636.6015625  102.99199676513672  7.9019999504089355  27.523
56656.6015625  128.98800659179688  12.864999771118164  27.523
56666.6015625  89.62999725341797  11.008999824523926  27.523
56682.6015625  25.54400062561035  10.343000411987305  27.523
56709.3984375  19.45800018310547  17.402000427246094  27.523
