54184.61350073611    1408.764333345962     367.90567212042066    25    
54185.11350073611    1680.1180431751168    367.0742288887507     25    
54185.61350073611    1970.109540689978     371.86511540655425    25    
54186.11350073611    2277.3308913684546    395.9368920991651     25    
54186.61350073611    2600.71405367944      420.10290313257167    25    
54187.11350073611    2938.688447235601     425.5341871301661     25    
54187.61350073611    3290.342835866841     424.48467219667265    25    
54188.11350073611    3653.9556743290486    425.75617433105225    25    
54188.61350073611    4028.760850804678     426.70222643280516    25    
54189.11350073611    4412.897536201299     427.14380521405224    25    
54189.61350073611    4805.733062045443     427.1540624790977     25    
54190.11350073611    5205.2789964048325    426.7156536565884     25    
54190.61350073611    5611.02443314163      425.9997477108336     25    
54191.11350073611    6021.2023796252715    428.73267655510995    25    
54191.61350073611    6434.724835685377     428.0867866652346     25    
54192.11350073611    6850.036883081222     398.5968965582634     25    
54192.61350073611    7262.576071637255     352.9102715576055     25    
54193.11350073611    7658.584929274826     341.7489155146861     25    
54193.61350073611    8035.281787808425     352.4844173600191     25    
54194.11350073611    8372.672244250674     356.91073698769685    25    
54194.61350073611    8670.38445682596      359.4936615395342     25    
54195.11350073611    8907.926969252707     359.6495868433864     25    
54195.61350073611    9089.629486332635     358.27967431156924    25    
54196.11350073611    9221.770013910886     360.1882649737734     25    
54196.61350073611    9306.167089985449     364.56494358537043    25    
54197.11350073611    9362.026709021193     370.2911617006278     25    
54197.61350073611    9389.079701346318     376.853428419755      25    
54198.11350073611    9405.964252900972     378.2353806922393     25    
54198.61350073611    9411.4634655553       374.6755833578633     25    
54199.11350073611    9407.55154776716      358.91975480660756    25    
54199.61350073611    9393.997093186543     330.0095308499407     25    
54200.11350073611    9364.40017891203      317.5962525150583     25    
54200.61350073611    9318.89061958618      323.58385940260416    25    
54201.11350073611    9251.873672703203     325.7925216824492     25    
54201.61350073611    9163.094992747441     323.7193795871872     25    
54202.11350073611    9055.161671560058     321.4486103281055     25    
54202.61350073611    8927.680237454755     318.86421862080965    25    
54203.11350073611    8787.562559941247     319.8923306352052     25    
54203.61350073611    8634.817615191228     325.61447329656477    25    
54204.11350073611    8475.66887729322      328.117645238653      25    
54204.61350073611    8310.773209015108     327.2087304081721     25    
54205.11350073611    8141.740186847476     316.6829730459676     25    
54205.61350073611    7969.098192685237     290.615268217016      25    
54206.11350073611    7791.901016338889     273.6376336019349     25    
54206.61350073611    7610.120893497188     276.1710970582584     25    
54207.11350073611    7423.192795920107     279.08311522283265    25    
54207.61350073611    7231.0017261413905    278.1599528599047     25    
54208.11350073611    7033.317947441287     275.77212284071277    25    
54208.61350073611    6830.053067815712     270.8499878762802     25    
54209.11350073611    6621.1663730514865    268.21371873679027    25    
54209.61350073611    6406.604257795957     271.00436216984446    25    
54210.11350073611    6186.418965535763     273.37007820850727    25    
54210.61350073611    5959.951709104309     276.2200666678196     25    
54211.11350073611    5729.795434184576     268.2124660766131     25    
54211.61350073611    5496.050012452531     232.60833873189046    25    
54212.11350073611    5262.713902350709     197.03919107778873    25    
54212.61350073611    5031.308948878805     192.2186617955148     25    
54213.11350073611    4805.019642173376     195.32543666804057    25    
54213.61350073611    4586.387059197446     194.54111991663444    25    
54214.11350073611    4375.84912797235      192.97150383988182    25    
54214.61350073611    4174.943057594314     188.3091452076447     25    
54215.11350073611    3982.5045719900318    183.82249792496677    25    
54215.61350073611    3798.1240134742657    182.95560084525545    25    
54216.11350073611    3621.326316813641     183.1939841046415     25    
54216.61350073611    3451.4237234678467    183.04409676449106    25    
54217.11350073611    3288.43617092032      182.35948129702822    25    
54217.61350073611    3131.9933177763796    182.10076046304752    25    
54218.11350073611    2982.371282242297     177.61355893158685    25    
54218.61350073611    2839.7702660765203    155.4263052552132     25    
54219.11350073611    2704.284636710103     125.52647963609883    25    
54219.61350073611    2576.257314131229     118.67943618422557    25    
54220.11350073611    2455.4982892314806    123.21803353849818    25    
54220.61350073611    2341.9623871578888    121.14551123427083    25    
54221.11350073611    2235.32882471989      118.2942887866552     25    
54221.61350073611    2134.8989110660564    119.1890222887261     25    
54222.11350073611    2040.5335561146933    121.75597423616021    25    
54222.61350073611    1951.443837938447     122.95016156160057    25    
54223.11350073611    1867.5875875501306    123.0384352099838     25    
54223.61350073611    1788.291533763733     120.66260867805686    25    
54224.11350073611    1713.5628247639743    115.95248284944849    25    
54224.61350073611    1642.9495150435914    107.4216029627541     25    
54225.11350073611    1576.4307740696697    96.07397062871131     25    
54225.61350073611    1513.5410745277059    92.66830312578043     25    
54226.11350073611    1454.2844408728163    95.21440598436111     25    
54226.61350073611    1398.2695191490648    93.72440595264808     25    
54227.11350073611    1345.5123213889733    89.68361385015749     25    
54227.61350073611    1295.7650167202723    88.16138916343415     25    
54228.11350073611    1249.0304831412348    88.76006312500336     25    
54228.61350073611    1205.0713401998687    90.15801091776056     25    
54229.11350073611    1163.887097356698     92.26657421443423     25    
54229.61350073611    1125.1498019994779    92.6820520612301      25    
54230.11350073611    1088.864838446741     91.47419114061749     25    
54230.61350073611    1054.5381724358701    84.56924473444609     25    
54231.11350073611    1022.181814106981     70.08084774764943     25    
54231.61350073611    991.2790651375175     61.74362971197387     25    
54232.11350073611    961.8251412872737     63.025575627796755    25    
54232.61350073611    933.5935366415523     62.584293957840785    25    
54233.11350073611    906.5416094995728     59.38844715746248     25    
54233.61350073611    881.0167695909118     58.70918327519043     25    
54234.11350073611    857.0120500648791     61.27854847599301     25    
54234.61350073611    834.8895865064743     64.46041845566963     25    
54235.11350073611    814.6974658065232     68.38132213341879     25    
54235.61350073611    796.4780111436392     69.41750382383086     25    
54236.11350073611    780.3396727334251     66.49729877315794     25    
54236.61350073611    765.6712532645511     63.10610510463067     25    
54237.11350073611    752.4532713709192     59.81440428938927     25    
54237.61350073611    740.0921513731503     57.17146387761017     25    
54238.11350073611    728.4907848857737     55.58880709202535     25    
54238.61350073611    717.2718714564508     54.98033840542138     25    
54239.11350073611    706.2782465866517     55.79782947243281     25    
54239.61350073611    695.5655671406647     56.07285286763916     25    
54240.11350073611    685.1138395224021     54.8583220634855      25    
54240.61350073611    674.9637085985645     53.21266242840752     25    
54241.11350073611    665.1226260533143     51.29227143584827     25    
54241.61350073611    655.6171823105337     49.57156229838705     25    
54242.11350073611    646.4565371198433     48.47081273188324     25    
54242.61350073611    637.6654932327893     47.77726440779281     25    
54243.11350073611    629.2550776782042     46.992803380065695    25    
54243.61350073611    621.2481463215477     47.672529871537044    25    
54244.11350073611    613.6577526846169     51.47854777506218     25    
54244.61350073611    606.5046465330271     55.50604645434035     25    
54245.11350073611    599.8040670952967     56.37723021435231     25    
54245.61350073611    593.5745025060352     60.08002306351856     25    
54246.11350073611    587.8335258664611     67.73689120026292     25    