#Date  :
#Flux  :
#Fluxerr  :
#ZP  :
#end  :
@INSTRUMENT  PS
@BAND  PS_i
@MAGSYS  AB
55072.5  -15.223999977111816  13.831999778747559  27.5201
55075.5  16.091999053955078  32.702999114990234  27.5201
55087.5  -23.599000930786133  14.064000129699707  27.5201
55090.3984375  -0.15299999713897705  10.232000350952148  27.5201
55093.5  -75.50199890136719  20.67099952697754  27.5201
55096.5  -6.482999801635742  11.019000053405762  27.5201
55102.3984375  -13.192000389099121  17.742000579833984  27.5201
55183.19921875  2.446000099182129  12.763999938964844  27.5201
55411.6015625  -67.4469985961914  19.24799919128418  27.5201
55414.6015625  -2.6630001068115234  11.09000015258789  27.5201
55417.6015625  0.6190000176429749  9.92300033569336  27.5201
55423.6015625  -10.413999557495117  8.675000190734863  27.5201
55426.6015625  13.760000228881836  10.041999816894531  27.5201
55438.6015625  2.319000005722046  11.993000030517578  27.5201
55441.5  0.7480000257492065  9.012999534606934  27.5201
55444.5  7.835000038146973  10.199000358581543  27.5201
55447.5  -1.5210000276565552  9.739999771118164  27.5201
55453.5  8.003000259399414  9.838000297546387  27.5201
55456.5  -2.11299991607666  8.824000358581543  27.5201
55465.5  -20.170000076293945  22.14900016784668  27.5201
55468.3984375  14.956999778747559  25.775999069213867  27.5201
55477.30078125  5.13700008392334  9.416999816894531  27.5201
55480.3984375  4.007999897003174  10.72700023651123  27.5201
55483.30078125  -5.364999771118164  9.447999954223633  27.5201
55498.30078125  9.184000015258789  12.123000144958496  27.5201
55501.3984375  -2.1730000972747803  11.609999656677246  27.5201
55504.3984375  -5.822000026702881  13.095000267028809  27.5201
55507.30078125  0.2329999953508377  10.123000144958496  27.5201
55510.30078125  11.894000053405762  9.6899995803833  27.5201
55534.30078125  2.494999885559082  10.300999641418457  27.5201
55765.6015625  19.424999237060547  11.76099967956543  27.5201
55768.6015625  -3.115000009536743  9.315999984741211  27.5201
55774.6015625  2.687999963760376  9.095999717712402  27.5201
55783.6015625  1.2740000486373901  9.185999870300293  27.5201
55792.6015625  -2.296999931335449  13.711000442504883  27.5201
55801.6015625  10.329000473022461  11.776000022888184  27.5201
55804.6015625  28.7189998626709  10.902000427246094  27.5201
55810.6015625  80.4520034790039  11.326000213623047  27.5201
55813.5  104.08100128173828  13.314000129699707  27.5201
55822.5  146.96800231933594  14.795000076293945  27.5201
55825.30078125  124.32599639892578  16.652000427246094  27.5201
55829.3984375  123.60900115966797  9.583000183105469  27.5201
55834.5  78.59500122070312  11.725000381469727  27.5201
55837.30078125  59.76599884033203  23.844999313354492  27.5201
55850.3984375  59.75199890136719  11.35099983215332  27.5201
55853.3984375  33.00199890136719  9.449000358581543  27.5201
