#mB  c  mBmB x1x1 cc mBx1 mBc x1c
20.205430127946137  -0.3  0.00046370093865602963  0.034426202807868775  0.00037892183897885666  0.0021994017174818445  0.0002186917238937614  0.0006409202616232119
20.206269637836986  0.3  0.0004840774020541691  0.030734807622090146  0.00032914805036685546  0.0019351835261955078  0.00030178621959655113  0.0007534218224964346
20.71097248461318  0.0  0.0006863134811451646  0.0660355918571941  0.0005066341657816972  0.003792307011208834  0.00034176915508960594  0.0012016629648300642
21.21097248461318  0.0  0.0011848931301839513  0.1462453236641138  0.0008687687186768016  0.007869229841754396  0.0004897084475151692  0.002307845562895284
21.710972484613183  0.0  0.002407921047137575  0.34594880772040276  0.001754404234962924  0.017954142366937948  0.0008379307592525938  0.005018327186057965
21.20946327613175  -0.15  0.0011592774528383137  0.14428059179581848  0.0009169463776331541  0.00784602601053751  0.00035180446499176183  0.0020104344926452377
21.20991979965246  0.15  0.0012161437088713865  0.143718029586264  0.000829608562963729  0.007698654941370937  0.0006010271307367273  0.0025254423033275655
22.20543012794614  -0.3  0.005281007937502006  0.7718517511309733  0.0045364914213809  0.040367173539391135  -0.00016396581020172447  0.0075251354246886615
22.20626963783699  0.3  0.005885460474064706  0.7983233142121587  0.0036376632930408903  0.040743453376049656  0.003000909315323316  0.014286680206745653
