#Date  :
#Flux  :
#Fluxerr  :
#ZP  :
#end  :
@INSTRUMENT  PS
@BAND  PS_g
@MAGSYS  AB
55086.6015625  -23.27199935913086  23.649999618530273  27.5002
55089.6015625  -21.990999221801758  9.753999710083008  27.5002
55092.6015625  0.1770000010728836  8.506999969482422  27.5002
55095.6015625  -21.72100067138672  11.934000015258789  27.5002
55098.6015625  -5.659999847412109  10.37600040435791  27.5002
55101.6015625  -12.717000007629395  10.142999649047852  27.5002
55104.6015625  -6.508999824523926  11.329000473022461  27.5002
55170.3984375  -61.28900146484375  45.92300033569336  27.5002
55188.30078125  55.16299819946289  13.843999862670898  27.5002
55191.30078125  104.89099884033203  12.998000144958496  27.5002
55203.30078125  240.14999389648438  10.345000267028809  27.5002
55221.19921875  75.23400115966797  15.66100025177002  27.5002
55446.6015625  -9.89799976348877  9.472999572753906  27.5002
55449.6015625  9.657999992370605  13.166000366210938  27.5002
55452.6015625  5.999000072479248  11.119000434875488  27.5002
55455.6015625  -1.8980000019073486  8.788999557495117  27.5002
55458.6015625  1.5549999475479126  11.510000228881836  27.5002
55467.6015625  157.76699829101562  73.49400329589844  27.5002
55476.6015625  13.005999565124512  8.98799991607666  27.5002
55479.5  -1.9210000038146973  14.52299976348877  27.5002
55482.5  10.055000305175781  9.196999549865723  27.5002
55485.5  -1.246000051498413  14.26099967956543  27.5002
55500.5  3.8489999771118164  8.675000190734863  27.5002
55503.5  -15.510000228881836  14.390999794006348  27.5002
55509.3984375  12.54699993133545  8.527999877929688  27.5002
55518.3984375  -8.840999603271484  21.55500030517578  27.5002
55524.3984375  -0.19499999284744263  33.159000396728516  27.5002
55545.3984375  3.9839999675750732  21.354000091552734  27.5002
55548.3984375  -55.04600143432617  33.178001403808594  27.5002
55557.30078125  -25.74799919128418  13.611000061035156  27.5002
55596.19921875  -5.954999923706055  11.105999946594238  27.5002
55821.6015625  -13.930999755859375  21.402000427246094  27.5002
55824.6015625  -0.4779999852180481  10.753999710083008  27.5002
55828.6015625  2.2130000591278076  7.828999996185303  27.5002
55833.6015625  32.763999938964844  31.076000213623047  27.5002
55836.6015625  -12.090999603271484  18.30699920654297  27.5002
55852.5  -3.5510001182556152  15.711999893188477  27.5002
55858.5  6.74399995803833  11.54699993133545  27.5002
55863.5  26.81800079345703  13.444000244140625  27.5002
55869.5  -19.469999313354492  25.988000869750977  27.5002
55889.3984375  3.7960000038146973  7.763999938964844  27.5002
55895.3984375  6.330999851226807  10.329999923706055  27.5002
55911.3984375  6.454999923706055  9.586000442504883  27.5002
55947.30078125  2.069000005722046  10.779999732971191  27.5002
55955.19921875  2.6740000247955322  12.401000022888184  27.5002
56206.5  -6.533999919891357  13.14900016784668  27.5002
56209.5  -9.031000137329102  11.505999565124512  27.5002
56214.5  -12.753000259399414  14.515999794006348  27.5002
56217.5  0.11999999731779099  17.542999267578125  27.5002
56220.5  -4.057000160217285  15.39900016784668  27.5002
56235.3984375  -0.6190000176429749  17.735000610351562  27.5002
56238.3984375  8.937000274658203  18.19700050354004  27.5002
56268.3984375  -4.070000171661377  10.062000274658203  27.5002
56271.3984375  -6.749000072479248  9.600000381469727  27.5002
56309.19921875  -6.551000118255615  17.10700035095215  27.5002
56545.6015625  -2.865999937057495  12.286999702453613  27.5002
56563.6015625  63.77000045776367  27.06800079345703  27.5002
56590.5  10.781000137329102  10.305000305175781  27.5002
56593.5  13.288000106811523  13.913999557495117  27.5002
56622.3984375  -23.308000564575195  14.194999694824219  27.5002
56625.3984375  -1.6319999694824219  12.586000442504883  27.5002
56630.3984375  8.795000076293945  11.6899995803833  27.5002
56633.3984375  -0.9279999732971191  13.925000190734863  27.5002
56636.30078125  -31.347000122070312  19.099000930786133  27.5002
56652.30078125  -0.2930000126361847  10.76200008392334  27.5002
56655.30078125  -8.86400032043457  11.281000137329102  27.5002
56663.30078125  19.663999557495117  15.243000030517578  27.5002
