54338.915011737874    14.384229802068447    8.088180347507537     25    
54339.415011737874    18.479565634622933    7.538739073319571     25    
54339.915011737874    23.226296753304304    8.14121837476318      25    
54340.415011737874    28.676500758002682    12.0602947410621      25    
54340.915011737874    34.8585105618343      15.372673035403633    25    
54341.415011737874    41.83517351088339     16.021662632272765    25    
54341.915011737874    49.624934849826495    15.702513212100044    25    
54342.415011737874    58.299647515432994    15.700454011232798    25    
54342.915011737874    67.86963323944873     15.709004715737546    25    
54343.415011737874    78.41398639381953     15.69353664236197     25    
54343.915011737874    89.93666935286892     15.65589958350099     25    
54344.415011737874    102.5222537682109     15.592031986846697    25    
54344.915011737874    116.17010681225518    15.504857347248386    25    
54345.415011737874    130.9852024151798     15.40556323678752     25    
54345.915011737874    146.95508636238526    15.296500088251161    25    
54346.415011737874    164.11127354743982    15.24188015059343     25    
54346.915011737874    182.47273115456508    15.240940274221174    25    
54347.415011737874    200.97351022625998    15.29648674564252     25    
54347.915011737874    219.69166692408916    15.413874979640116    25    
54348.415011737874    237.1885745833644     15.520360816515709    25    
54348.915011737874    253.4563319678063     15.614281803609229    25    
54349.415011737874    267.31948249155715    15.646025461761836    25    
54349.915011737874    278.43385954998286    15.577388610246592    25    
54350.415011737874    287.32667930814426    15.561665357601397    25    
54350.915011737874    293.8600046710993     15.64972690340387     25    
54351.415011737874    299.0291695232803     15.78535106603281     25    
54351.915011737874    303.0532959325314     16.000597957392568    25    
54352.415011737874    306.6049618484641     16.13319153268673     25    
54352.915011737874    310.20413614261923    16.31273879064551     25    
54353.415011737874    313.67028620531147    15.867739674051187    25    
54353.915011737874    317.14850324735795    13.457521388943828    25    
54354.415011737874    320.3124487407977     10.508670840169096    25    
54354.915011737874    322.91826312734776    10.148442226009074    25    
54355.415011737874    324.8309815099103     10.817223204120141    25    
54355.915011737874    325.71474045075536    10.815685371528843    25    
54356.415011737874    325.6049529682564     10.69483059774508     25    
54356.915011737874    324.3560682320939     10.54445681439186     25    
54357.415011737874    322.0077460252685     10.401562244861314    25    
54357.915011737874    318.56511232189285    10.502272803719173    25    
54358.415011737874    314.03413463718       10.724766481684153    25    
54358.915011737874    308.4075977099512     10.72452823517945     25    
54359.415011737874    301.7246046177239     10.577055878730423    25    
54359.915011737874    294.22205754831907    10.443048387412217    25    
54360.415011737874    285.90390592169575    10.31442032432852     25    
54360.915011737874    277.1821179554389     10.315550337426407    25    
54361.415011737874    268.03680625775144    10.440220200890812    25    
54361.915011737874    258.87554828511       10.459601731827885    25    
54362.415011737874    249.68529705231447    10.367409478805456    25    
54362.915011737874    240.7881344752491     10.222990048642814    25    
54363.415011737874    232.18396131470857    10.00311328531779     25    
54363.915011737874    224.1312521289878     9.929576451336754     25    
54364.415011737874    216.63898308199276    10.091525761567695    25    
54364.915011737874    209.9456747695381     10.19871763102903     25    
54365.415011737874    204.13804112617424    10.207137610950115    25    
54365.915011737874    199.14523031792987    10.024651252626613    25    
54366.415011737874    195.02414417985457    9.443189357685096     25    
54366.915011737874    191.5270921209237     8.986298075766804     25    
54367.415011737874    188.5836471564605     9.103174562338292     25    
54367.915011737874    186.02231759785485    9.312326918724253     25    
54368.415011737874    183.71393070565767    9.352288475088182     25    
54368.915011737874    181.59215362624604    9.31772302846139      25    
54369.415011737874    179.542470135598      9.14339077197071      25    
54369.915011737874    177.55486025671976    8.972964849014277     25    
54370.415011737874    175.56927525353484    9.059990017930645     25    
54370.915011737874    173.56631676208784    9.237798719195004     25    
54371.415011737874    171.46899791581768    9.315422827788751     25    
54371.915011737874    169.2906754564228     9.339960442349923     25    
54372.415011737874    167.00354091207922    9.255913908463825     25    
54372.915011737874    164.62640957380572    9.142946594393237     25    
54373.415011737874    162.20584030981306    9.357271280102465     25    
54373.915011737874    159.74258176794098    9.764635357806869     25    
54374.415011737874    157.2947940665833     9.934225073735904     25    
54374.915011737874    154.8531990306514     9.928292658949225     25    
54375.415011737874    152.39426478278241    9.814396383689381     25    
54375.915011737874    149.91789665865824    9.587906491211788     25    
54376.415011737874    147.2944394618626     9.579051922962726     25    
54376.915011737874    144.52992131669689    9.807295655525422     25    
54377.415011737874    141.49351828330177    9.97258725176079      25    
54377.915011737874    138.17558483311134    10.064795190654415    25    
54378.415011737874    134.56518808717556    10.017431042982654    25    
54378.915011737874    130.63690541056658    9.755229739739024     25    
54379.415011737874    126.52335298340552    9.646587380885958     25    
54379.915011737874    122.23083218352285    9.849366653097439     25    
54380.415011737874    117.87245455304712    10.032550172463852    25    
54380.915011737874    113.47958994100205    10.11371760445577     25    
54381.415011737874    109.1045806664417     10.079358390045588    25    
54381.915011737874    104.786627792312      9.812009011897286     25    
54382.415011737874    100.51417756130124    9.590500081914126     25    
54382.915011737874    96.29127233280116     9.660517415855457     25    
54383.415011737874    92.11761450269228     9.816396780658847     25    
54383.915011737874    87.98239169808465     9.989456899542835     25    
54384.415011737874    83.91736844227803     10.079014003599879    25    
54384.915011737874    79.9352961460544      10.002851601318081    25    
54385.415011737874    76.09220825994286     9.579646305696322     25    
54385.915011737874    72.48184635978646     7.938329278280286     25    
54386.415011737874    69.12879215663507     5.301922785521822     25    
54386.915011737874    66.16210699990978     4.30809405077328      25    
54387.415011737874    63.56430778096481     4.759185522602865     25    
54387.915011737874    61.3995762057395      4.712211078217594     25    
54388.415011737874    59.63167563016755     4.534556046821178     25    
54388.915011737874    58.13178229116674     4.45084646031908      25    
54389.415011737874    56.90036087697878     4.444875724599729     25    
54389.915011737874    55.78337210262524     4.515384301238854     25    
54390.415011737874    54.78912939517137     4.654441886475456     25    
54390.915011737874    53.811175821283676    4.662294274023936     25    
54391.415011737874    52.84989402468346     4.535230507113307     25    
54391.915011737874    51.916649016561365    4.4266094180208775    25    
54392.415011737874    51.009892068661244    4.3601947364469185    25    
54392.915011737874    50.146302535054       4.174248989450231     25    
54393.415011737874    49.32705494142321     3.777660347212629     25    
54393.915011737874    48.55926630752669     3.5200242047777355    25    
54394.415011737874    47.846947039662496    3.5786982143234463    25    
54394.915011737874    47.179952725161655    3.6230457697191345    25    
54395.415011737874    46.55780101725589     3.545144605991257     25    
54395.915011737874    45.971459898184094    3.440638743042626     25    
54396.415011737874    45.41851145993091     3.320739836802729     25    
54396.915011737874    44.891526813454426    3.2132840874872586    25    
54397.415011737874    44.386853609640745    3.1482234218733525    25    
54397.915011737874    43.89840302970602     3.114730251294461     25    
54398.415011737874    43.421078428192324    3.0919222837423654    25    
54398.915011737874    42.950271468219626    3.134273549914562     25    
54399.415011737874    42.479436877392764    3.3427229426302003    25    
54399.915011737874    42.005345502169014    3.579667870099189     25    
54400.415011737874    41.52017991904914     3.6327191325816965    25    
54400.915011737874    41.02187609336126     3.685766195542048     25    
54401.415011737874    40.501558514968536    3.9228808484115736    25    