54372.591614477366    1.5165411372680568    0.41276896368454863     25    
54373.091614477366    1.7211101631941583    0.4086971800170906      25    
54373.591614477366    1.9373905703820953    0.4048489985932315      25    
54374.091614477366    2.1645911744231876    0.4180309297891436      25    
54374.591614477366    2.4027448650447196    0.46168309339327224     25    
54375.091614477366    2.6518044988990153    0.51413443856403        25    
54375.591614477366    2.9109804832601767    0.5482436465908263      25    
54376.091614477366    3.1803433368687988    0.5565889599553698      25    
54376.591614477366    3.4598066956811175    0.5532460701590944      25    
54377.091614477366    3.7485836197758498    0.5505745931383633      25    
54377.591614477366    4.046780134663233     0.5514079043881692      25    
54378.091614477366    4.354271716725227     0.5521054342897728      25    
54378.591614477366    4.670275139967047     0.5526180082975247      25    
54379.091614477366    4.994929814424828     0.5529269120117786      25    
54379.591614477366    5.328074118028165     0.5530642572780456      25    
54380.091614477366    5.66892959983058      0.5530619361248537      25    
54380.591614477366    6.01766693215043      0.5528622811076855      25    
54381.091614477366    6.37408845558676      0.5525490484584713      25    
54381.591614477366    6.737437353312129     0.5523861306598783      25    
54382.091614477366    7.108425698420297     0.5552818692463208      25    
54382.591614477366    7.486065199128916     0.5569306928128313      25    
54383.091614477366    7.868398256490699     0.5494355219467763      25    
54383.591614477366    8.259535760360377     0.5253632860051108      25    
54384.091614477366    8.653320407505118     0.49506362368560747     25    
54384.591614477366    9.03875188523361      0.47647666272328587     25    
54385.091614477366    9.420957605805595     0.47583394882225527     25    
54385.591614477366    9.793186813409921     0.4828392213136561      25    
54386.091614477366    10.140736303252973    0.4874413431792178      25    
54386.591614477366    10.468178970520421    0.4896235714066748      25    
54387.091614477366    10.770415007100702    0.4913724226057284      25    
54387.591614477366    11.03449954638399     0.49231240363045164     25    
54388.091614477366    11.259205821800094    0.4918699468520926      25    
54388.591614477366    11.449757613317182    0.49115345562901913     25    
54389.091614477366    11.609348001059843    0.4916915851904666      25    
54389.591614477366    11.73361249078178     0.49358510611687095     25    
54390.091614477366    11.82995633707189     0.49617811522976446     25    
54390.591614477366    11.909127682795093    0.49909678825356507     25    
54391.091614477366    11.966550076418036    0.5031498665322393      25    
54391.591614477366    12.007768601167433    0.5068073625241759      25    
54392.091614477366    12.042856325448914    0.5083855400298333      25    
54392.591614477366    12.070438770972002    0.510755271967633       25    
54393.091614477366    12.089393056818155    0.5085696664210222      25    
54393.591614477366    12.100849712921452    0.4931606755640406      25    
54394.091614477366    12.106083340098154    0.4568710753757587      25    
54394.591614477366    12.101713561321073    0.4150879502785991      25    
54395.091614477366    12.084082304989712    0.392183993644362       25    
54395.591614477366    12.055008291600465    0.3922215086241499      25    
54396.091614477366    12.012188692014032    0.4001428167950329      25    
54396.591614477366    11.952077688857537    0.4023879983354178      25    
54397.091614477366    11.874727494350777    0.4013649640931717      25    
54397.591614477366    11.782253922660095    0.39975645938745474     25    
54398.091614477366    11.675994184715938    0.39821211328293177     25    
54398.591614477366    11.554004494809655    0.3961696677918071      25    
54399.091614477366    11.420491150319327    0.3946538975582073      25    
54399.591614477366    11.279749839262553    0.39514248298504157     25    
54400.091614477366    11.12919713511234     0.39805263936860713     25    
54400.591614477366    10.972559874389944    0.4009216957963935      25    
54401.091614477366    10.81414841063815     0.40218340988929335     25    
54401.591614477366    10.652292163663281    0.4043270740351937      25    
54402.091614477366    10.487895753892452    0.4013606014266018      25    
54402.591614477366    10.322469606886372    0.3846300787112278      25    
54403.091614477366    10.15572038335443     0.34956896384442027     25    
54403.591614477366    9.986923811589739     0.31187367359646845     25    
54404.091614477366    9.815624635042981     0.2937820935339257      25    
54404.591614477366    9.64213521813064      0.2948004974770973      25    
54405.091614477366    9.46594011409844      0.3011233896518599      25    
54405.591614477366    9.286521752831423     0.3018672654488047      25    
54406.091614477366    9.104076271549076     0.30102345229441824     25    
54406.591614477366    8.918620686810426     0.2995601974605238      25    
54407.091614477366    8.730065947368823     0.29711856179630775     25    
54407.591614477366    8.53835560218661      0.29336163568334916     25    
54408.091614477366    8.343875970172148     0.290178215521362       25    
54408.591614477366    8.146872464529974     0.2895520891404496      25    
54409.091614477366    7.947140107123217     0.29111408031950814     25    
54409.591614477366    7.745125037153018     0.29273270162736653     25    
54410.091614477366    7.5409019830426       0.29390152729526703     25    
54410.591614477366    7.334094551654333     0.2960554338788935      25    
54411.091614477366    7.126423572328335     0.2931689851813574      25    
54411.591614477366    6.918713739139367     0.27743143336124365     25    
54412.091614477366    6.710071867549356     0.2476719842262867      25    
54412.591614477366    6.503261645134285     0.21762957982322595     25    
54413.091614477366    6.299842565961494     0.20451017860451204     25    
54413.591614477366    6.098589645646156     0.20474830071846306     25    
54414.091614477366    5.90219955456889      0.20797839394443407     25    
54414.591614477366    5.712495631562582     0.20741976842746018     25    
54415.091614477366    5.528394073690675     0.2067895886024375      25    
54415.591614477366    5.350612205955944     0.20566741185597356     25    
54416.091614477366    5.179940300591088     0.20317505877551054     25    
54416.591614477366    5.016062195595892     0.19956875506844726     25    
54417.091614477366    4.857848073715407     0.19648296079139327     25    
54417.591614477366    4.704855604453357     0.19524633392179236     25    
54418.091614477366    4.557462037686489     0.19521426352208007     25    
54418.591614477366    4.414528217271181     0.19534674256485704     25    
54419.091614477366    4.27547100724293      0.19515185237425214     25    
54419.591614477366    4.140697138899462     0.1949747948521974      25    
54420.091614477366    4.009713883159474     0.19434303724966562     25    
54420.591614477366    3.882181231344791     0.19404518290780434     25    
54421.091614477366    3.7583127360307618    0.19382148906011862     25    
54421.591614477366    3.638299122933136     0.18935247918668466     25    
54422.091614477366    3.522184383886896     0.1748610670105976      25    
54422.591614477366    3.4099284513208685    0.15137799781961864     25    
54423.091614477366    3.3017386380331586    0.12999477554840594     25    
54423.591614477366    3.1977443363029856    0.12314727745046915     25    
54424.091614477366    3.0978528005134724    0.12580447829285354     25    
54424.591614477366    3.0019741526378105    0.12867399679813843     25    
54425.091614477366    2.9101939096208542    0.12716180501738475     25    
54425.591614477366    2.822451794059118     0.12484039515667927     25    
54426.091614477366    2.738304616303577     0.12332304828600316     25    
54426.591614477366    2.6576997936535247    0.12372011317958329     25    
54427.091614477366    2.580681451290994     0.12513511367239394     25    
54427.591614477366    2.506785954169997     0.1262679079418486      25    
54428.091614477366    2.435967725874544     0.12679949977685606     25    
54428.591614477366    2.3682629500229035    0.12701964785603487     25    
54429.091614477366    2.3032297930958205    0.12638264018324968     25    
54429.591614477366    2.2408440777455514    0.1245662785455682      25    
54430.091614477366    2.181122148728504     0.12182343787622446     25    
54430.591614477366    2.1236522360140992    0.11845532142596561     25    
54431.091614477366    2.0684406648693017    0.11374868507941537     25    
54431.591614477366    2.0154739837007534    0.1082787927774475      25    
54432.091614477366    1.964344951376245     0.10448414974423445     25    
54432.591614477366    1.9150436886189957    0.10423363250262664     25    
54433.091614477366    1.8675776988798427    0.10570336767697615     25    
54433.591614477366    1.8216481152024409    0.10612209912809324     25    
54434.091614477366    1.7772318135212621    0.10425079616279147     25    
54434.591614477366    1.734357789737881     0.10155532155438009     25    
54435.091614477366    1.6928883607513276    0.09970605804352019     25    
54435.591614477366    1.652840435762802     0.09927856960804708     25    
54436.091614477366    1.6141949464100762    0.09958177454410332     25    
54436.591614477366    1.5768281362771934    0.10015128356838578     25    
54437.091614477366    1.5407555272964593    0.10129445613298402     25    
54437.591614477366    1.5059610577976734    0.10259147963626075     25    
54438.091614477366    1.4723462774280769    0.10302354221730094     25    
54438.591614477366    1.439919152648922     0.1031120149933282      25    
54439.091614477366    1.4086747892907518    0.10218949910473427     25    
54439.591614477366    1.378556955791822     0.09835839315533887     25    
54440.091614477366    1.3495798794958742    0.08877500168789686     25    
54440.591614477366    1.3217274251764204    0.07599517272445402     25    
54441.091614477366    1.294947955267253     0.0667195984300617      25    
54441.591614477366    1.2692627170101227    0.06496755095817043     25    
54442.091614477366    1.2446445530837735    0.06665768546695446     25    
54442.591614477366    1.2210302404103694    0.06700283578910245     25    
54443.091614477366    1.1984512786266586    0.06538053165891254     25    
54443.591614477366    1.1768654584416494    0.06361285592073437     25    
54444.091614477366    1.1561866380315136    0.06302183175445988     25    
54444.591614477366    1.1364490014281687    0.06389196707902971     25    
54445.091614477366    1.117610370797442     0.06547095258027787     25    
54445.591614477366    1.0995836207121923    0.06714152249771069     25    
54446.091614477366    1.0824102944872516    0.06939891076703583     25    
54446.591614477366    1.0660357193143077    0.07142808433280184     25    
54447.091614477366    1.0503620994155978    0.07198193570403918     25    
54447.591614477366    1.0354442314186565    0.07081082201822082     25    
54448.091614477366    1.02120532490672      0.0688182827260658      25    
54448.591614477366    1.007521605717236     0.06693803011953162     25    
54449.091614477366    0.9944535001163659    0.06497702399225015     25    
54449.591614477366    0.9819221664561273    0.06296627147575617     25    
54450.091614477366    0.969801114212729     0.061204299128234774    25    
54450.591614477366    0.9581430040940432    0.0595958879530921      25    
54451.091614477366    0.9468882936271507    0.058276816090404394    25    
54451.591614477366    0.93593722026564      0.05753988814273315     25    
54452.091614477366    0.9253163024476339    0.05761459154383085     25    
54452.591614477366    0.9150153127026991    0.05788921021344302     25    
54453.091614477366    0.9050039800836305    0.05766425669700761     25    
54453.591614477366    0.8952953961665813    0.05697579668404076     25    
54454.091614477366    0.8858755295343878    0.056129608836847686    25    
54454.591614477366    0.8767247195655263    0.05534883394666412     25    
54455.091614477366    0.8678544560237904    0.05452525609359616     25    
54455.591614477366    0.8592484193233931    0.05378694908519968     25    
54456.091614477366    0.8508874985863712    0.05332887757738124     25    
54456.591614477366    0.8427833250455239    0.053139064679688874    25    
54457.091614477366    0.8349188879024945    0.053122441977703515    25    
54457.591614477366    0.8272756582877486    0.05314150549081736     25    
54458.091614477366    0.8198653443733619    0.053053301157259806    25    
54458.591614477366    0.8126702764132748    0.05340351195405539     25    
54459.091614477366    0.8056725398112369    0.05481853637506047     25    
54459.591614477366    0.7988838551488848    0.05730198756251526     25    
54460.091614477366    0.7922859259973146    0.059877063195552936    25    
54460.591614477366    0.7858614842984184    0.06147823317616523     25    
54461.091614477366    0.7796221985136751    0.06184015358250693     25    
54461.591614477366    0.7735491777961944    0.06339860267099273     25    
54462.091614477366    0.767625832890872     0.06750882611010743     25    