53706.00104540214    0.6002708550709615     0.15351676168686385     25    
53706.50104540214    0.6749095572717843     0.15168515803469704     25    
53707.00104540214    0.7539057305839584     0.14906336912054352     25    
53707.50104540214    0.8372509779500381     0.15226590293607073     25    
53708.00104540214    0.9249405389997888     0.16759296001798113     25    
53708.50104540214    1.0169799352351243     0.19250980622038166     25    
53709.00104540214    1.113362135721475      0.21525518220494147     25    
53709.50104540214    1.21407928833684       0.22803061228968705     25    
53710.00104540214    1.3191359079662779     0.23120533985465364     25    
53710.50104540214    1.4285290620438404     0.2300154564645859      25    
53711.00104540214    1.542250353512084      0.22877215994105815     25    
53711.50104540214    1.6602983824359858     0.22955729005001643     25    
53712.00104540214    1.7826764905757009     0.23040911815278545     25    
53712.50104540214    1.909376466303206      0.23127515865322715     25    
53713.00104540214    2.0403920923028176     0.2321493321352248      25    
53713.50104540214    2.1757291549756217     0.23303652132149727     25    
53714.00104540214    2.315381815433331      0.23395134069110776     25    
53714.50104540214    2.4593417712253363     0.2349082199336842      25    
53715.00104540214    2.607611788902176      0.2358931249257752      25    
53715.50104540214    2.7601911345610204     0.23692707019016826     25    
53716.00104540214    2.917071411144432      0.23805989942348546     25    
53716.50104540214    3.0784123300610036     0.23973834411478745     25    
53717.00104540214    3.244310389023428      0.24216793524988367     25    
53717.50104540214    3.414081767553692      0.24365137908401394     25    
53718.00104540214    3.5873844197049474     0.24234777691498852     25    
53718.50104540214    3.7667727133806173     0.2369402940760456      25    
53719.00104540214    3.948467434281832      0.23026778735446585     25    
53719.50104540214    4.126920082733513      0.22619462114974948     25    
53720.00104540214    4.303090996611466      0.22702936998922207     25    
53720.50104540214    4.477748841008731      0.23064788677353923     25    
53721.00104540214    4.643345635861576      0.23471264066566916     25    
53721.50104540214    4.795014715919407      0.23750786454703507     25    
53722.00104540214    4.9375586125667        0.23996777216750492     25    
53722.50104540214    5.065893772666286      0.24214604559244302     25    
53723.00104540214    5.173665151204686      0.24387909373782232     25    
53723.50104540214    5.260059048858432      0.244989232418798       25    
53724.00104540214    5.328050386451416      0.24571796713450644     25    
53724.50104540214    5.379797765358819      0.24643061953425055     25    
53725.00104540214    5.414660631900864      0.24733189898670258     25    
53725.50104540214    5.431645390327021      0.248244113498256       25    
53726.00104540214    5.436810669890472      0.2491045623298354      25    
53726.50104540214    5.435067729687045      0.24990608607381581     25    
53727.00104540214    5.422388108347887      0.250827646078154       25    
53727.50104540214    5.402359526992039      0.25154229613379686     25    
53728.00104540214    5.380641006674162      0.2516382279765177      25    
53728.50104540214    5.3579871991948345     0.25199879051322976     25    
53729.00104540214    5.332560740256874      0.2519654703273313      25    
53729.50104540214    5.304913286056975      0.2493027481628077      25    
53730.00104540214    5.275874254704405      0.2411174458656958      25    
53730.50104540214    5.245579785017308      0.2268049827148626      25    
53731.00104540214    5.21197333458323       0.21164870184217585     25    
53731.50104540214    5.173097323074384      0.20241808101236825     25    
53732.00104540214    5.130127704410511      0.20067395542644395     25    
53732.50104540214    5.082277449442012      0.20240141079104704     25    
53733.00104540214    5.027655817491878      0.20352666547313494     25    
53733.50104540214    4.965088901400235      0.20239549937177104     25    
53734.00104540214    4.895580640658881      0.20079969684918833     25    
53734.50104540214    4.820372410298734      0.19899326355419011     25    
53735.00104540214    4.7400384776247835     0.19711523128603778     25    
53735.50104540214    4.653143004104008      0.19493645767299178     25    
53736.00104540214    4.562245140881082      0.1928127982326538      25    
53736.50104540214    4.470365204266139      0.19119992761455243     25    
53737.00104540214    4.376245883337559      0.19040847770238908     25    
53737.50104540214    4.280438873575152      0.1900000085909909      25    
53738.00104540214    4.185882176050498      0.18934948756046482     25    
53738.50104540214    4.094128877259101      0.18860263591321222     25    
53739.00104540214    4.003799586391563      0.18815325552184045     25    
53739.50104540214    3.9153556245830443     0.18611053502073902     25    
53740.00104540214    3.8293768222604783     0.18021280380486396     25    
53740.50104540214    3.7461479387380416     0.16848963855942697     25    
53741.00104540214    3.6647794459677514     0.15441840977496202     25    
53741.50104540214    3.584224234967938      0.14357667866780688     25    
53742.00104540214    3.504646911936149      0.13967943650893522     25    
53742.50104540214    3.4261440443491287     0.13985110765973668     25    
53743.00104540214    3.3477031899643066     0.14067180587072958     25    
53743.50104540214    3.26860425837627       0.13963371557992263     25    
53744.00104540214    3.189296534968944      0.13819484257462433     25    
53744.50104540214    3.1097747805895932     0.1365957148195858      25    
53745.00104540214    3.0299426284476585     0.13483479822660455     25    
53745.50104540214    2.949523128989982      0.13265565255490322     25    
53746.00104540214    2.868925482113413      0.1303786587596108      25    
53746.50104540214    2.788775532377672      0.12856191069553724     25    
53747.00104540214    2.7091540510431553     0.12767486299091052     25    
53747.50104540214    2.6298325897156105     0.12743109910012587     25    
53748.00104540214    2.5514238575755117     0.12722855902294503     25    
53748.50104540214    2.4744170073874407     0.12673239350673737     25    
53749.00104540214    2.3985023059366006     0.12666002784733082     25    
53749.50104540214    2.3238355039152956     0.12584207659667374     25    
53750.00104540214    2.2506893761419673     0.12273090441772831     25    
53750.50104540214    2.1790954205535433     0.11530789608367725     25    
53751.00104540214    2.1089566088460607     0.10513048632180842     25    
53751.50104540214    2.040254471816338      0.09597790246535069     25    
53752.00104540214    1.972982871222698      0.0918532764421856      25    
53752.50104540214    1.907152560503673      0.09152444975643717     25    
53753.00104540214    1.8427427511071128     0.09241283774562815     25    
53753.50104540214    1.7797271549055873     0.09213713885571201     25    
53754.00104540214    1.718073093807505      0.09133746395391096     25    
53754.50104540214    1.657848588610382      0.0903620675289782      25    
53755.00104540214    1.5991416246756887     0.08901951188334259     25    
53755.50104540214    1.541904931847459      0.08696133094736362     25    
53756.00104540214    1.486148263093181      0.08438772335319845     25    
53756.50104540214    1.4320637962656242     0.08200581145952479     25    
53757.00104540214    1.379766421602235      0.08046980007096798     25    
53757.50104540214    1.3291287907814353     0.07959046945266639     25    
53758.00104540214    1.280305136566609      0.07903861025009917     25    
53758.50104540214    1.2334787754738932     0.07851274299035439     25    
53759.00104540214    1.1886445654123403     0.07812745470130748     25    
53759.50104540214    1.1457464697539013     0.07784287878275585     25    
53760.00104540214    1.1047735273714796     0.07744089266283079     25    
53760.50104540214    1.0657865513893154     0.07709287810317389     25    
53761.00104540214    1.028784519872978      0.07687161541495925     25    
53761.50104540214    0.9935488630959136     0.07582977967602082     25    
53762.00104540214    0.9599116837617941     0.07280864825556715     25    
53762.50104540214    0.9280298847074525     0.06687367361773036     25    
53763.00104540214    0.8977446501455327     0.059813310347211386    25    
53763.50104540214    0.8688238163117994     0.05459823632451926     25    
53764.00104540214    0.8413615010168154     0.05327958390349591     25    
53764.50104540214    0.8153237288733126     0.054133695937148625    25    
53765.00104540214    0.7904176800085422     0.054928998328072846    25    
53765.50104540214    0.7665274399836155     0.05407116525766576     25    
53766.00104540214    0.7438392939505016     0.05239859779906369     25    
53766.50104540214    0.7220242858613528     0.05061998744421417     25    
53767.00104540214    0.7007614873983559     0.04942765887363931     25    
53767.50104540214    0.6802723942370941     0.048844229021460246    25    
53768.00104540214    0.6603867226881488     0.048563074834224305    25    
53768.50104540214    0.6407468710892188     0.048336303760671655    25    
53769.00104540214    0.6212197712154576     0.0481620083396392      25    
53769.50104540214    0.6019600933131606     0.04810560649319057     25    
53770.00104540214    0.5829767976973447     0.04791753604738879     25    
53770.50104540214    0.5642035550874371     0.04736266398194202     25    
53771.00104540214    0.5454907823798505     0.046461983937178916    25    
53771.50104540214    0.527271285419261      0.045420703317267434    25    
53772.00104540214    0.5100211480045308     0.044453308647462435    25    
53772.50104540214    0.4935023515981179     0.04345255687159765     25    
53773.00104540214    0.477847359360154      0.042477057401126984    25    
53773.50104540214    0.4635744666737393     0.041780502187679196    25    
53774.00104540214    0.4509756061693817     0.04165451373861561     25    
53774.50104540214    0.4398130434516173     0.04200161149695946     25    
53775.00104540214    0.43005902087840303    0.04232543441039752     25    
53775.50104540214    0.4217692644964154     0.04214403499941268     25    
53776.00104540214    0.4152728919329651     0.04138210776237713     25    
53776.50104540214    0.409937995807865      0.040506843635145284    25    
53777.00104540214    0.4049503857731981     0.040055811115464156    25    
53777.50104540214    0.4005080730138946     0.040283238083828506    25    
53778.00104540214    0.3966231559742173     0.04088091672679421     25    
53778.50104540214    0.3924224119117885     0.041537247797239836    25    
53779.00104540214    0.3873485816857922     0.042112041649037216    25    
53779.50104540214    0.38184119479169265    0.04280237790268488     25    
53780.00104540214    0.37567006672024306    0.04330482806681927     25    
53780.50104540214    0.3685202233681261     0.04331125328504876     25    
53781.00104540214    0.3601360353016968     0.042955114600661294    25    
53781.50104540214    0.3510082957799297     0.04217924559547423     25    
53782.00104540214    0.3417891745081188     0.04075425968429753     25    
53782.50104540214    0.3325064585012043     0.03803601379945418     25    
53783.00104540214    0.3229552207118999     0.0340089060937148      25    
53783.50104540214    0.31386703092858037    0.029997063127581786    25    
53784.00104540214    0.3058104297017355     0.027842951915991097    25    
53784.50104540214    0.29841492900221517    0.027653359972456038    25    
53785.00104540214    0.29186862023159993    0.02829407955125985     25    
53785.50104540214    0.28649040459704345    0.02860375919019556     25    
53786.00104540214    0.2825145887307462     0.028335070499116627    25    
53786.50104540214    0.27961442153761457    0.028044672075837985    25    
53787.00104540214    0.2773119986023606     0.028168361588426834    25    
53787.50104540214    0.27546228107397314    0.029064238089453222    25    
53788.00104540214    0.274329134382842      0.030514330578405593    25    
53788.50104540214    0.27338199706321525    0.032057261114851625    25    
53789.00104540214    0.2721303789899797     0.03337883785413757     25    
53789.50104540214    0.27084268284944535    0.03480899845627063     25    
53790.00104540214    0.26938173650176006    0.036025339693199314    25    
53790.50104540214    0.26742887083015354    0.036558843784893734    25    
53791.00104540214    0.2648171273783167     0.036122525078768244    25    
53791.50104540214    0.2617279900615381     0.035015077188036696    25    
53792.00104540214    0.2583654533204461     0.03367023925693529     25    
53792.50104540214    0.25483339355353274    0.03239236227201109     25    
53793.00104540214    0.2509817417969221     0.03089115327038019     25    
53793.50104540214    0.24704184426170436    0.029385571592488724    25    
53794.00104540214    0.24326938210135624    0.028204277945558652    25    
53794.50104540214    0.23955962673325887    0.027409256266305585    25    
53795.00104540214    0.2359535593624148     0.026882275058042467    25    
53795.50104540214    0.23263277409963892    0.026531940605321328    25    
53796.00104540214    0.22969390825538333    0.026388212884167962    25    
53796.50104540214    0.22705284403342085    0.026489933133875317    25    
53797.00104540214    0.22467598520677615    0.02660096339044533     25    
53797.50104540214    0.22254310466698238    0.026511532349191316    25    
53798.00104540214    0.22068757630992306    0.026276627364294602    25    
53798.50104540214    0.2190612299793151     0.025975874023296406    25    
53799.00104540214    0.2176013279888018     0.025670203128133253    25    
53799.50104540214    0.21632877585021587    0.025339527619050454    25    
53800.00104540214    0.21523802780758483    0.024987188355041788    25    
53800.50104540214    0.21426563127542306    0.024675481018074544    25    
53801.00104540214    0.21338519403913328    0.024451962680938768    25    
53801.50104540214    0.21263357815912515    0.02429279033930575     25    
53802.00104540214    0.2119529358590893     0.02417647546622676     25    
53802.50104540214    0.21128807878748077    0.02407777134849906     25    
53803.00104540214    0.21067912894474033    0.023955229742788936    25    
53803.50104540214    0.2100937747514761     0.023887683025530414    25    
53804.00104540214    0.2094685636222019     0.023981326413137934    25    
53804.50104540214    0.20880592807523565    0.02424948593048046     25    
53805.00104540214    0.2081193958633887     0.024654173211283378    25    
53805.50104540214    0.20734562878503535    0.025239396730023744    25    
53806.00104540214    0.20644522346141678    0.02586429748319383     25    
53806.50104540214    0.20546104710563196    0.026215972617259137    25    
53807.00104540214    0.2043422579528449     0.027217126239758273    25    
53807.50104540214    0.20302826301408822    0.029679119873422685    25    