54414.37441498615    550.4579234640242     84.19901054015365     25    
54414.87441498615    655.0109073793462     83.37077603441432     25    
54415.37441498615    766.6899456944778     84.83271593858412     25    
54415.87441498615    884.9481831783357     94.26215649748485     25    
54416.37441498615    1009.4300859554517    103.73680184053342    25    
54416.87441498615    1139.4994970790349    105.77736496863105    25    
54417.37441498615    1274.8850972196367    105.11603603357321    25    
54417.87441498615    1414.8716020541378    105.47426638436383    25    
54418.37441498615    1559.2617324597256    105.84623427323335    25    
54418.87441498615    1707.2712510763333    106.16028009428229    25    
54419.37441498615    1858.7667446484102    106.4363212735345     25    
54419.87441498615    2012.9051971183146    106.68095205893596    25    
54420.37441498615    2169.6068867583804    106.93172837529723    25    
54420.87441498615    2328.0721666578115    107.25137931408612    25    
54421.37441498615    2488.133573372878     107.73859336913961    25    
54421.87441498615    2648.841812170862     109.08065665148587    25    
54422.37441498615    2809.579281858699     111.07736637761529    25    
54422.87441498615    2964.9381042229857    113.07034333008508    25    
54423.37441498615    3114.887194186212     115.07559586207033    25    
54423.87441498615    3252.0411614430755    116.59293395370155    25    
54424.37441498615    3376.674917249525     117.65892972250373    25    
54424.87441498615    3482.0273906312173    118.09419205518947    25    
54425.37441498615    3568.032818456095     117.85218102254481    25    
54425.87441498615    3638.580060309207     118.68514911797976    25    
54426.37441498615    3693.210718174721     120.69462031390954    25    
54426.87441498615    3740.069912892495     123.04651761742511    25    
54427.37441498615    3779.179630008038     125.90984553248992    25    
54427.87441498615    3817.3910311633254    126.99698919810334    25    
54428.37441498615    3856.1597742244185    125.83654490995599    25    
54428.87441498615    3893.4101021553233    123.50960384004236    25    
54429.37441498615    3929.9330521872084    119.50100609130014    25    
54429.87441498615    3960.280113841132     117.27020245870244    25    
54430.37441498615    3983.787494547472     118.77293860856736    25    
54430.87441498615    3996.398977412282     120.08762139202436    25    
54431.37441498615    3996.0019602516168    119.73765942325538    25    
54431.87441498615    3983.94739993739      119.1150081353139     25    
54432.37441498615    3959.5099616526295    118.33235016316091    25    
54432.87441498615    3925.8535940700776    118.20533521089433    25    
54433.37441498615    3884.1489024454       119.98122973612433    25    
54433.87441498615    3836.4153084924196    121.39216980120699    25    
54434.37441498615    3784.757900862692     121.85128680415063    25    
54434.87441498615    3728.7617503748143    119.15336711732154    25    
54435.37441498615    3669.175119943971     107.18086801973318    25    
54435.87441498615    3604.9459446821083    93.1047715726495      25    
54436.37441498615    3535.227394542469     90.54021567293854     25    
54436.87441498615    3459.6780775762622    92.56042012629955     25    
54437.37441498615    3376.8671281187208    92.136155990811       25    
54437.87441498615    3287.931364815966     91.28129229180747     25    
54438.37441498615    3193.7132524348635    89.71164698712376     25    
54438.87441498615    3095.3901037332444    88.07914477023753     25    
54439.37441498615    2996.1179694848333    88.4200099948442      25    
54439.87441498615    2896.3026865426273    89.68896552343716     25    
54440.37441498615    2799.482561016769     89.70370477028062     25    
54440.87441498615    2705.507439716803     88.95707696950322     25    
54441.37441498615    2616.669303816152     87.69559419678342     25    
54441.87441498615    2532.785725004753     86.07397529385575     25    
54442.37441498615    2454.9091485218055    85.65249723245192     25    
54442.87441498615    2383.01820164409      86.13560991563673     25    
54443.37441498615    2318.268208024623     86.11774184077619     25    
54443.87441498615    2260.5635701990554    85.684829331124       25    
54444.37441498615    2209.866287366903     84.49281875688565     25    
54444.87441498615    2166.1783940967575    82.51502737228702     25    
54445.37441498615    2128.299608015906     81.7366583102323      25    
54445.87441498615    2096.2707989516107    82.28737003400113     25    
54446.37441498615    2068.9447865596717    82.61381084961356     25    
54446.87441498615    2046.3545154239464    82.64188598507347     25    
54447.37441498615    2027.3035464924073    82.34502611447816     25    
54447.87441498615    2011.8023997895637    81.8459066426705      25    
54448.37441498615    1998.61579974325      79.80953157662302     25    
54448.87441498615    1987.7004439284256    75.18621039479325     25    
54449.37441498615    1977.8776616181715    72.09044007452549     25    
54449.87441498615    1968.982835800198     72.40934594240156     25    
54450.37441498615    1960.2252684517532    72.79368485456749     25    
54450.87441498615    1951.3909528408105    71.92827454751176     25    
54451.37441498615    1942.0687041307897    71.91012034496897     25    
54451.87441498615    1932.134597309463     73.96848709384577     25    
54452.37441498615    1921.1770937008134    75.74173592338745     25    
54452.87441498615    1908.9218672635977    76.20898025156671     25    
54453.37441498615    1895.4090891200667    75.7767429547818      25    
54453.87441498615    1880.4408839168302    73.61852736229402     25    
54454.37441498615    1864.4640090352852    72.03597882068914     25    
54454.87441498615    1847.705775465217     73.82703435225291     25    
54455.37441498615    1830.4360350084864    76.27782204454651     25    
54455.87441498615    1813.1075082815228    77.56631820624928     25    
54456.37441498615    1795.539198123119     77.95850518507176     25    
54456.87441498615    1777.902279570908     76.25239234354413     25    
54457.37441498615    1759.679680776835     74.0545189756397      25    
54457.87441498615    1740.1840752774117    74.26375807622301     25    
54458.37441498615    1719.1829779061134    75.59038779479906     25    
54458.87441498615    1695.7292667533502    77.12425625306726     25    
54459.37441498615    1669.9309391872698    78.42105437934278     25    
54459.87441498615    1641.2874356659163    77.96107253054085     25    
54460.37441498615    1610.1077740624219    75.41388408107309     25    
54460.87441498615    1577.0733051530808    66.14699982085862     25    
54461.37441498615    1542.2388669651807    50.32412137017032     25    
54461.87441498615    1506.4225048109658    42.857505385801744    25    
54462.37441498615    1469.609383224441     44.11632509818756     25    
54462.87441498615    1432.5238248909648    43.30093316125073     25    
54463.37441498615    1395.1302852898627    41.51153192422725     25    
54463.87441498615    1357.90099416007      41.04489224408325     25    
54464.37441498615    1320.8190023261002    41.83110074194314     25    
54464.87441498615    1284.351744130633     43.1078765245894      25    
54465.37441498615    1248.4839990084186    44.88500286025249     25    
54465.87441498615    1213.6082109663816    45.03572126961023     25    
54466.37441498615    1179.7247548500598    43.40054617185792     25    
54466.87441498615    1147.0433537947804    41.434245260211156    25    
54467.37441498615    1115.5633857660773    39.21893772596355     25    
54467.87441498615    1085.488393516262     36.555717036868344    25    
54468.37441498615    1056.8381299645796    33.064692802374       25    
54468.87441498615    1029.7041966807467    30.699412972078935    25    
54469.37441498615    1004.141246835942     30.573875614099446    25    
54469.87441498615    979.9814236621854     30.531331131073255    25    
54470.37441498615    957.2188440122827     29.928866584552452    25    
54470.87441498615    935.6956799530132     29.326065752214134    25    
54471.37441498615    915.3837138270586     28.770783216153472    25    
54471.87441498615    896.1431223770594     28.429660399616203    25    
54472.37441498615    877.9333416569661     28.44505142604442     25    
54472.87441498615    860.6278280088452     28.658345188554897    25    
54473.37441498615    844.1718045765314     28.40730242566173     25    
54473.87441498615    828.4538739228963     29.61799338482398     25    
54474.37441498615    813.4031796602776     34.36899938191678     25    
54474.87441498615    798.9252841670818     38.683826837649384    25    
54475.37441498615    784.9315439827284     39.579601127449415    25    
54475.87441498615    771.3454606019214     40.661241246066155    25    
54476.37441498615    758.0609746184102     43.66712115907124     25    