#Date  :
#Flux  :
#Fluxerr  :
#ZP  :
#end  :
@INSTRUMENT  PS
@BAND  PS_r
@MAGSYS  AB
54950.5  -34.10499954223633  12.11299991607666  27.523
54973.5  -3.8320000171661377  8.151000022888184  27.523
54983.3984375  -13.621999740600586  11.541999816894531  27.523
54993.3984375  7.0269999504089355  16.231000900268555  27.523
54996.3984375  -30.643999099731445  22.51799964904785  27.523
54999.3984375  0.13199999928474426  11.326000213623047  27.523
55002.3984375  -23.88800048828125  13.079000473022461  27.523
55014.30078125  -35.95800018310547  16.94099998474121  27.523
55029.30078125  -12.449000358581543  21.222000122070312  27.523
55221.69921875  -8.190999984741211  8.727999687194824  27.523
55230.69921875  -17.816999435424805  14.904000282287598  27.523
55233.6015625  -58.303001403808594  24.444000244140625  27.523
55236.6015625  -5.979000091552734  10.253000259399414  27.523
55239.6015625  0.22699999809265137  8.607999801635742  27.523
55242.6015625  0.44200000166893005  9.560999870300293  27.523
55251.6015625  -3.3469998836517334  9.784000396728516  27.523
55266.6015625  14.059000015258789  16.246999740600586  27.523
55269.6015625  -10.569999694824219  14.991000175476074  27.523
55275.6015625  -0.14000000059604645  15.678000450134277  27.523
55281.5  -3.687000036239624  18.479000091552734  27.523
55305.5  13.133000373840332  13.538999557495117  27.523
55326.5  1.5399999618530273  14.755999565124512  27.523
55329.5  -16.472999572753906  13.038000106811523  27.523
55332.3984375  16.868999481201172  10.125  27.523
55338.3984375  -13.640999794006348  19.764999389648438  27.523
55347.3984375  14.055000305175781  12.258000373840332  27.523
55350.30078125  4.989999771118164  8.494999885559082  27.523
55353.3984375  13.710000038146973  9.60200023651123  27.523
55359.30078125  -6.285999774932861  25.014999389648438  27.523
55362.30078125  5.822000026702881  10.321999549865723  27.523
55365.30078125  -11.529999732971191  11.730999946594238  27.523
55368.3984375  -1.8589999675750732  12.36400032043457  27.523
55377.3984375  7.26200008392334  10.881999969482422  27.523
55389.30078125  4.195000171661377  8.786999702453613  27.523
55596.69921875  6.455999851226807  8.079000473022461  27.523
55602.6015625  -3.61899995803833  8.175000190734863  27.523
55605.69921875  -23.590999603271484  25.263999938964844  27.523
55629.6015625  -10.782999992370605  12.86400032043457  27.523
55635.6015625  22.910999298095703  11.354000091552734  27.523
55650.6015625  20.632999420166016  20.783000946044922  27.523
55653.6015625  -1.2139999866485596  13.843000411987305  27.523
55662.5  54.071998596191406  46.000999450683594  27.523
55665.3984375  -3.5850000381469727  13.677000045776367  27.523
55674.3984375  15.793000221252441  10.812000274658203  27.523
55677.3984375  -6.019999980926514  8.744000434875488  27.523
55710.30078125  -1.2669999599456787  8.267999649047852  27.523
55719.3984375  -0.9819999933242798  7.955999851226807  27.523
55737.30078125  15.29800033569336  16.707000732421875  27.523
55740.30078125  -0.7089999914169312  12.883999824523926  27.523
55743.30078125  6.843999862670898  11.9350004196167  27.523
55746.30078125  1.0499999523162842  7.956999778747559  27.523
55752.30078125  -5.142000198364258  13.538000106811523  27.523
55761.30078125  11.600000381469727  14.13700008392334  27.523
55970.69921875  -10.713000297546387  20.583999633789062  27.523
55977.6015625  -66.91500091552734  22.437000274658203  27.523
55981.6015625  6.923999786376953  8.984999656677246  27.523
55984.6015625  -1.4800000190734863  9.522000312805176  27.523
56000.6015625  1.7630000114440918  10.133000373840332  27.523
56006.6015625  -11.3149995803833  10.416999816894531  27.523
56014.6015625  2.193000078201294  14.116000175476074  27.523
56029.6015625  -3.3299999237060547  10.388999938964844  27.523
56032.6015625  26.02400016784668  11.187999725341797  27.523
56036.5  36.40800094604492  28.05500030517578  27.523
56040.5  218.0330047607422  11.894000053405762  27.523
56046.5  356.2909851074219  11.741000175476074  27.523
56059.30078125  386.47601318359375  29.016000747680664  27.523
56062.5  348.7650146484375  11.074000358581543  27.523
56065.3984375  309.2340087890625  9.572999954223633  27.523
56088.30078125  72.61599731445312  12.505000114440918  27.523
56091.30078125  75.82499694824219  9.777000427246094  27.523
56094.30078125  66.37799835205078  9.41100025177002  27.523
56384.5  -4.357999801635742  14.538999557495117  27.523
56387.6015625  -1.753000020980835  11.562999725341797  27.523
56390.6015625  -31.617000579833984  17.506000518798828  27.523
56395.5  10.543999671936035  13.385000228881836  27.523
56401.5  24.152999877929688  12.230999946594238  27.523
56416.5  4.051000118255615  14.838000297546387  27.523
56420.3984375  1.024999976158142  8.406999588012695  27.523
56424.5  -2.687000036239624  11.90999984741211  27.523
56427.3984375  -1.0520000457763672  11.788999557495117  27.523
56443.3984375  -0.17399999499320984  10.050000190734863  27.523
56450.3984375  -4.175000190734863  13.92300033569336  27.523
56460.30078125  -7.8470001220703125  9.361000061035156  27.523
56475.30078125  9.206999778747559  9.015000343322754  27.523
56478.30078125  13.342000007629395  9.73799991607666  27.523
56486.30078125  -0.5740000009536743  9.20199966430664  27.523
56489.30078125  4.017000198364258  11.552000045776367  27.523
56508.30078125  -6.927000045776367  10.505999565124512  27.523
