@INSTRUMENT MEGACAMPSF
@BAND r
@MAGSYS AB
@WEIGHTMAT weightmat_SNLS_r.dat
@X_FOCAL_PLANE -12.258
@Y_FOCAL_PLANE 8.18586
#Date : MJD
#Flux : 
#Fluxerr : errors (but look at the weight matrix)
#ZP : 
#end
53253.58  -0.079751796  0.609660640408  26.511532
53257.55  -0.045062001  0.482310282626  26.511532
53261.5  1.0736891  0.469048113022  26.511532
53265.59  1.5420908  0.898426146857  26.511532
53266.55  -0.3732784  0.494633051228  26.511532
53270.56  1.070237  0.471857863991  26.511532
53282.5  15.408231  0.783428288041  26.511532
53287.46  23.740933  0.469128121981  26.511532
53293.43  29.606261  0.670294034398  26.511532
53297.36  30.271445  0.555307149242  26.511532
53300.39  26.43707  0.648992612458  26.511532
53311.38  18.366862  0.76781362174  26.511532
53316.41  12.90002  0.38994297607  26.511532
53322.38  7.4041083  0.505585361566  26.511532
53328.35  6.1415461  0.637680629809  26.511532
53343.38  2.5984245  0.933909964566  26.511532
53350.3  2.9347345  0.444594695365  26.511532
53353.28  1.3924385  0.404612793831  26.511532
53356.25  0.39260196  0.606158928554  26.511532
53376.31  1.2536319  0.567459040139  26.511532
53385.29  1.9837384  0.960267056934  26.511532
53586.6  -0.44578912  0.359308353625  26.511532
53592.56  0.17326479  0.472044064966  26.511532
53609.56  0.88170596  0.775644128485  26.511532
53613.55  0.06918488  0.41223615514  26.511532
