54166.237969711205    377.24229405602625    91.8388111338158      25    
54166.737969711205    460.84463350480974    88.72247038095182     25    
54167.237969711205    553.4208028629226     93.57431895852037     25    
54167.737969711205    655.1478428137951     122.27526904150561    25    
54168.237969711205    766.1581171961004     147.015146242403      25    
54168.737969711205    886.6499955731363     151.34670416326188    25    
54169.237969711205    1016.7353205377148    149.1936607472125     25    
54169.737969711205    1156.6321752649908    149.60231019725285    25    
54170.237969711205    1306.4334963699218    149.9058622268753     25    
54170.737969711205    1466.3754653715082    149.99253438192846    25    
54171.237969711205    1636.533728174874     149.8849392315325     25    
54171.737969711205    1817.1609493748508    149.56380972168563    25    
54172.237969711205    2008.3170994347292    149.089645514886      25    
54172.737969711205    2210.5238597108455    148.3849932163786     25    
54173.237969711205    2423.3230750975167    147.85923362107528    25    
54173.737969711205    2647.4419689123215    149.01389054456112    25    
54174.237969711205    2879.8402175992774    151.0944752870777     25    
54174.737969711205    3111.861539024652     152.4282235475344     25    
54175.237969711205    3341.781678842466     153.39259840471144    25    
54175.737969711205    3556.325035038561     154.38171909145132    25    
54176.237969711205    3755.326081463302     155.25845296748       25    
54176.737969711205    3925.3266136570737    155.43165466525068    25    
54177.237969711205    4068.589038082604     155.1093785821386     25    
54177.737969711205    4187.369760382085     155.36116426096746    25    
54178.237969711205    4282.511225776617     156.05636628978596    25    
54178.737969711205    4363.7365106095385    157.17161199036985    25    
54179.237969711205    4430.845019507913     158.60942061857747    25    
54179.737969711205    4493.088260817322     160.06338605251008    25    
54180.237969711205    4549.97344980682      161.23676972903226    25    
54180.737969711205    4601.055444035511     147.28039885311955    25    
54181.237969711205    4646.36162505898      112.83960862647304    25    
54181.737969711205    4680.659942656708     92.33191034140548     25    
54182.237969711205    4704.04440534483      96.84370631475332     25    
54182.737969711205    4711.888750373524     99.43526312463143     25    
54183.237969711205    4703.826567966714     99.0260446911208      25    
54183.737969711205    4681.662895361804     98.32543340152941     25    
54184.237969711205    4645.014185474972     97.25999220932393     25    
54184.737969711205    4598.969739918462     97.01928003584332     25    
54185.237969711205    4543.609754369416     97.95693148413933     25    
54185.737969711205    4483.393309783711     98.13861821378103     25    
54186.237969711205    4419.049001349356     96.49780451179848     25    
54186.737969711205    4351.087388648156     98.79477998512156     25    
54187.237969711205    4280.017304288124     107.13936823392201    25    
54187.737969711205    4204.242681291171     112.90568161193008    25    
54188.237969711205    4123.617984841983     114.23547770178128    25    
54188.737969711205    4037.0548196448394    114.36305459822364    25    
54189.237969711205    3943.826651176095     113.8430290877381     25    
54189.737969711205    3845.4517106715334    112.78560485254441    25    
54190.237969711205    3741.6846138080086    111.04812761751424    25    
54190.737969711205    3635.4183805427756    109.86411960450104    25    
54191.237969711205    3527.3371091435856    110.21910194157202    25    
54191.737969711205    3419.7750458127084    110.56296148184585    25    
54192.237969711205    3313.969639245237     110.88249115752807    25    
54192.737969711205    3210.643627658225     109.02831995103335    25    
54193.237969711205    3110.6421643587146    101.29820572515895    25    
54193.737969711205    3013.785154399453     94.13125210167364     25    
54194.237969711205    2920.1648873783674    94.36017868838971     25    
54194.737969711205    2829.849246148762     96.2654593251655      25    
54195.237969711205    2742.9922503772655    96.37516499750504     25    
54195.737969711205    2659.4031597516496    95.9671195261287      25    
54196.237969711205    2579.058168448854     94.6902636578798      25    
54196.737969711205    2501.6398312987594    93.58533824887111     25    
54197.237969711205    2426.835156307557     94.31806484154984     25    
54197.737969711205    2354.449793545697     95.50379929921327     25    
54198.237969711205    2284.039694498167     95.88196062494052     25    
54198.737969711205    2215.695800776647     95.70361126782463     25    
54199.237969711205    2149.2568353616984    95.26653413730986     25    
54199.737969711205    2084.942905559061     93.33194978571159     25    
54200.237969711205    2023.048298552868     85.5396998950853      25    
54200.737969711205    1963.6502048157756    75.11512586687333     25    
54201.237969711205    1907.2089511933466    72.48216137935516     25    
54201.737969711205    1853.4706528697404    73.96508954920546     25    
54202.237969711205    1802.2523198925758    72.87941742562504     25    
54202.737969711205    1753.1849203897787    71.16545770322003     25    
54203.237969711205    1705.073366655558     71.1828412860064      25    
54203.737969711205    1657.8003883267236    72.1919043715801      25    
54204.237969711205    1609.9328518437458    72.90505963748706     25    
54204.737969711205    1561.6834167477318    73.33709297686423     25    
54205.237969711205    1512.6959093808277    72.70711619328864     25    
54205.737969711205    1463.2641726636768    70.85579366394555     25    
54206.237969711205    1414.7888253193846    64.99541063090571     25    
54206.737969711205    1367.2915999774393    55.229463771646564    25    
54207.237969711205    1322.352503070768     50.90897285069863     25    
54207.737969711205    1279.8623583605608    51.99684077270025     25    
54208.237969711205    1240.404588730999     51.5705622658637      25    
54208.737969711205    1203.8915446718659    50.063545782295165    25    
54209.237969711205    1169.222944428383     49.49079530879396     25    
54209.737969711205    1136.4223414126625    49.82977944831485     25    
54210.237969711205    1104.3082795034966    50.344602545355066    25    
54210.737969711205    1072.891196342262     51.05405127995051     25    
54211.237969711205    1041.68174755962      51.09624535360654     25    
54211.737969711205    1010.6206155910921    50.57331125467311     25    
54212.237969711205    980.4268656650509     46.38166559548896     25    
54212.737969711205    951.0835770619198     36.15587939908987     25    
54213.237969711205    923.3238365377463     29.16709164299909     25    
54213.737969711205    897.199525150571      30.351103430926372    25    
54214.237969711205    873.0062870396013     31.05331911338884     25    
54214.737969711205    850.8662159719619     29.982371732157137    25    
54215.237969711205    830.2890589749916     29.12682899206016     25    
54215.737969711205    811.2706886078463     28.728759775609216    25    
54216.237969711205    793.3432295984928     28.71441262612096     25    
54216.737969711205    776.4394617741582     29.25951779696273     25    
54217.237969711205    760.2740481629418     29.45733783333238     25    
54217.737969711205    744.7390404465773     28.925051726800504    25    
54218.237969711205    729.870965926284      28.36898794813755     25    
54218.737969711205    715.6567083643469     28.13340762268395     25    
54219.237969711205    702.1183193299529     27.547978404287605    25    
54219.737969711205    689.2676222331612     26.00894007237465     25    
54220.237969711205    677.0853396467379     24.845642003154065    25    
54220.737969711205    665.5885635409604     25.11257954334102     25    
54221.237969711205    654.6892204210434     25.434263317850174    25    
54221.737969711205    644.3613368864642     25.107809942982858    25    
54222.237969711205    634.5293126691557     24.575015868606894    25    
54222.737969711205    625.1539397469949     23.89955848703848     25    
54223.237969711205    616.16912800239       23.214951127466943    25    
54223.737969711205    607.5286006654023     22.673200424230547    25    
54224.237969711205    599.1736061052299     22.267185365921314    25    
54224.737969711205    591.0502638595974     22.171491783713076    25    
54225.237969711205    583.1075132585308     22.023312014677327    25    
54225.737969711205    575.2838735474915     21.197883189192478    25    
54226.237969711205    567.5357018782861     20.389443081316195    25    
54226.737969711205    559.7943739469957     20.332820589612343    25    
54227.237969711205    552.023116182406      21.02541024416869     25    
54227.737969711205    544.1467092760215     22.225135728027023    25    