50876.58452747413    472.2563054517176     157.55473707981062    25    
50877.08452747413    579.9342917854598     150.77249323679865    25    
50877.58452747413    700.2121756664964     161.18065410311962    25    
50878.08452747413    833.5393830658691     220.60327292598842    25    
50878.58452747413    980.2520862872707     270.294427528098      25    
50879.08452747413    1140.8537831515941    279.08111226115       25    
50879.58452747413    1315.6286180997433    275.1877903265144     25    
50880.08452747413    1505.1300728283406    276.55604731592956    25    
50880.58452747413    1709.5943518896236    277.94438402565527    25    
50881.08452747413    1929.6208328818168    279.1896124376684     25    
50881.58452747413    2165.401868442611     280.3670634974541     25    
50882.08452747413    2417.57864409772      281.4972560306144     25    
50882.58452747413    2686.303748544416     282.7164206590393     25    
50883.08452747413    2972.782387196542     285.345578336705      25    
50883.58452747413    3276.086705442459     287.29382900385025    25    
50884.08452747413    3597.856905271177     280.6809832786563     25    
50884.58452747413    3931.803747120812     270.3378711389764     25    
50885.08452747413    4260.159870075639     271.25412391412186    25    
50885.58452747413    4579.35301566548      278.8934071547195     25    
50886.08452747413    4862.020462724226     284.4829785211324     25    
50886.58452747413    5107.873854985412     289.15303988648003    25    
50887.08452747413    5289.175936169628     292.08779739651493    25    
50887.58452747413    5410.976094137328     293.6185863080299     25    
50888.08452747413    5480.270915143697     295.68264939616637    25    
50888.58452747413    5498.9346309102575    297.99075307867673    25    
50889.08452747413    5490.48380596481      300.29074711650117    25    
50889.58452747413    5454.453237858266     302.45366783626224    25    
50890.08452747413    5413.357296770932     303.10460666804306    25    
50890.58452747413    5366.058695562553     302.0254913599272     25    
50891.08452747413    5314.031851509434     285.12816589989194    25    
50891.58452747413    5257.26508439804      249.30806702836304    25    
50892.08452747413    5186.84275723542      230.17314201704968    25    
50892.58452747413    5102.915567958716     233.320161818009      25    
50893.08452747413    4997.828496171121     233.8319969322993     25    
50893.58452747413    4870.834806813239     230.55219697924008    25    
50894.08452747413    4727.078574473702     226.5380217013567     25    
50894.58452747413    4565.789830423014     221.63941563019134    25    
50895.08452747413    4398.648191062866     218.4442587220711     25    
50895.58452747413    4225.8427662284       217.77155085235145    25    
50896.08452747413    4057.690229883943     216.49382409689252    25    
50896.58452747413    3895.9655012779963    215.2086912331679     25    
50897.08452747413    3741.1729207050844    205.49411588455902    25    
50897.58452747413    3594.526688473375     179.9863658614081     25    
50898.08452747413    3451.3046514212415    160.3219377963083     25    
50898.58452747413    3311.1012367618673    159.09268065261148    25    
50899.08452747413    3170.3937779846074    159.36819297636833    25    
50899.58452747413    3027.655570102371     156.4017148211725     25    
50900.08452747413    2884.1598486261187    152.7949249101372     25    
50900.58452747413    2739.1716303493836    147.98016317060132    25    
50901.08452747413    2596.5371428767335    144.47999196011278    25    
50901.58452747413    2457.127655395012     144.36732916391725    25    
50902.08452747413    2323.824454928404     144.34174150887176    25    
50902.58452747413    2198.6049273843164    144.23452439771214    25    
50903.08452747413    2080.7605702795927    139.6876543907656     25    
50903.58452747413    1971.1638120639614    122.72354657400092    25    
50904.08452747413    1867.185586589198     105.3151573200323     25    
50904.58452747413    1767.685302785016     102.94528377279165    25    
50905.08452747413    1670.975665127494     104.56892855501279    25    
50905.58452747413    1575.010005015415     103.22043496708652    25    
50906.08452747413    1480.4510182593458    100.75537761545131    25    
50906.58452747413    1386.574019412182     95.46248144951194     25    
50907.08452747413    1295.2106771084939    89.82847513101196     25    
50907.58452747413    1207.8600988580347    87.48777980633682     25    
50908.08452747413    1125.5027625382181    86.65871024793366     25    
50908.58452747413    1050.2918041191735    86.28934658120492     25    
50909.08452747413    981.8641015612252     86.03569222513327     25    
50909.58452747413    921.0865186518739     85.27732790839364     25    
50910.08452747413    866.9846903830156     82.8828876037887      25    
50910.58452747413    818.3619923442837     73.8840166167418      25    
50911.08452747413    774.8467747958242     61.509280163435456    25    
50911.58452747413    735.027321033782      58.341492585628025    25    
50912.08452747413    698.7518232408012     60.03976678154573     25    
50912.58452747413    664.7844247351461     57.50702715862316     25    
50913.08452747413    633.0799404189605     53.369987559668324    25    
50913.58452747413    602.7171036753411     51.43896373621104     25    
50914.08452747413    573.622141594921      50.89894171759332     25    
50914.58452747413    544.6983762633162     50.53444453609943     25    
50915.08452747413    516.1762233771706     50.34170456779901     25    
50915.58452747413    488.02935164749204    48.983603640560126    25    
50916.08452747413    460.5627284687152     46.91486984729829     25    
50916.58452747413    435.4977268760235     46.606932418571404    25    
50917.08452747413    412.8579144304816     47.651085414018226    25    
50917.58452747413    394.6431259030374     48.68228084181482     25    
50918.08452747413    380.65155664506494    49.69540810279266     25    
50918.58452747413    370.98946806663173    49.01127957629506     25    
50919.08452747413    365.5023615766848     46.80772124402026     25    
50919.58452747413    361.09420573751606    46.608228467878426    25    
50920.08452747413    357.8336791480095     48.31091686866059     25    
50920.58452747413    352.39986524895824    49.92226241989865     25    
50921.08452747413    344.81975676025365    51.49481321771027     25    
50921.58452747413    333.99455650217635    51.14008428478694     25    
50922.08452747413    319.73101157958547    48.717205048151655    25    
50922.58452747413    304.84187453564994    44.38582139170187     25    
50923.08452747413    289.2657445804905     37.029346703467006    25    
50923.58452747413    275.8772219600978     32.42526144509279     25    
50924.08452747413    264.88480434736675    33.083501932171394    25    
50924.58452747413    257.36030169809294    33.81907196771208     25    
50925.08452747413    253.7996964767755     33.70299643773048     25    
50925.58452747413    252.00588178156312    35.2375259398509      25    
50926.08452747413    251.95669343633227    38.88106512854933     25    
50926.58452747413    251.53781378984272    42.184030710045235    25    
50927.08452747413    250.38608986406263    45.18599254785826     25    
50927.58452747413    247.54642099067644    46.130502175393055    25    
50928.08452747413    242.41854869011073    44.00447514131104     25    
50928.58452747413    236.17570831152256    41.33471809075345     25    
50929.08452747413    228.8881096474772     38.70823047189628     25    
50929.58452747413    221.59166279759856    36.989311314880915    25    
50930.08452747413    214.61006586304018    37.22831313167068     25    
50930.58452747413    208.49582359375088    37.86446089510141     25    
50931.08452747413    203.68305824845288    38.41572096554319     25    
50931.58452747413    199.88095104960317    38.5081122545399      25    
50932.08452747413    197.08902532492604    37.637028026272766    25    
50932.58452747413    195.10114606726916    36.307860876805485    25    
50933.08452747413    193.8252004222513     34.63538151966586     25    
50933.58452747413    193.10209849582955    32.86676787987195     25    
50934.08452747413    192.82301053345782    31.296907120669474    25    
50934.58452747413    192.84621283859283    29.95369353459389     25    
50935.08452747413    193.04486290863414    28.87551505620818     25    
50935.58452747413    193.295515966976      28.399788339621974    25    
50936.08452747413    193.45316479786808    28.388818554271165    25    
50936.58452747413    193.41214621240414    30.167212927106565    25    
50937.08452747413    193.01032345124824    33.67012926996908     25    
50937.58452747413    192.15851082496528    41.072632706693746    25    
50938.08452747413    190.67874611886228    52.319024341671714    25    