53615.141932825005    3.1836832379937845    0.4490731676109862     25    
53615.641932825005    3.6860716095787565    0.45048522079438275    25    
53616.141932825005    4.2220740381104855    0.4523488349810615     25    
53616.641932825005    4.789852749828724     0.45659007435204385    25    
53617.141932825005    5.390012084653869     0.46379305622745715    25    
53617.641932825005    6.020997916125702     0.47039693927156656    25    
53618.141932825005    6.681978910819816     0.4737825660708508     25    
53618.641932825005    7.373128981343142     0.4755064543947274     25    
53619.141932825005    8.09245604980422      0.47726251777521944    25    
53619.641932825005    8.840391998564998     0.47919639481022636    25    
53620.141932825005    9.615752577244551     0.48099603961126824    25    
53620.641932825005    10.417268500987158    0.48260526870218834    25    
53621.141932825005    11.245422290662242    0.4840616641803605     25    
53621.641932825005    12.098240021805509    0.4855068423583795     25    
53622.141932825005    12.975808661662082    0.48685073270283286    25    
53622.641932825005    13.877400064709493    0.4883416625446661     25    
53623.141932825005    14.801870691059113    0.4894095455087427     25    
53623.641932825005    15.750360234286203    0.488916059600987      25    
53624.141932825005    16.716820037981027    0.49557498719895876    25    
53624.641932825005    17.70803157918656     0.5176334485051473     25    
53625.141932825005    18.7116892112614      0.5450496758138846     25    
53625.641932825005    19.694418845472395    0.5623415805272356     25    
53626.141932825005    20.669657602707364    0.5700493983253597     25    
53626.641932825005    21.599706279489215    0.5749229157613408     25    
53627.141932825005    22.46045799779895     0.580519146807809      25    
53627.641932825005    23.259344048790762    0.5851720383370175     25    
53628.141932825005    23.953431791292335    0.58831769355608       25    
53628.641932825005    24.5340990125646      0.5888541374321202     25    
53629.141932825005    25.019011021870877    0.5894101420500124     25    
53629.641932825005    25.413155640402216    0.5930520359649117     25    
53630.141932825005    25.71307582125048     0.5987981046777482     25    
53630.641932825005    25.957993030435844    0.605067033274056      25    
53631.141932825005    26.14915887638639     0.6129077477467154     25    
53631.641932825005    26.296691612176346    0.6199190162434125     25    
53632.141932825005    26.433748449666332    0.6225325427453791     25    
53632.641932825005    26.554168163980073    0.6228545396472787     25    
53633.141932825005    26.656514533705202    0.6130221220632907     25    
53633.641932825005    26.745924324415622    0.5797983901198636     25    
53634.141932825005    26.816299638984887    0.533509125358071      25    
53634.641932825005    26.852142170081546    0.5084010601101576     25    
53635.141932825005    26.857485558181917    0.5122150975026001     25    
53635.641932825005    26.822367947622578    0.5219031556691793     25    
53636.141932825005    26.735810560859715    0.5217762345513068     25    
53636.641932825005    26.602695571556094    0.5187056320627669     25    
53637.141932825005    26.426589302206793    0.5153767814920076     25    
53637.641932825005    26.203709200390993    0.5111341453530377     25    
53638.141932825005    25.943262055160076    0.5078213362960662     25    
53638.641932825005    25.655350606181244    0.509166642831911      25    
53639.141932825005    25.3360492374245      0.5145416645210726     25    
53639.641932825005    24.998338399235738    0.5174527412637915     25    
53640.141932825005    24.64527837529774     0.5158093639041651     25    
53640.641932825005    24.276367357487246    0.5110969935835586     25    
53641.141932825005    23.89722042591305     0.5022388308414462     25    
53641.641932825005    23.5068711138661      0.4874864383611565     25    
53642.141932825005    23.10546998444656     0.47509229697104016    25    
53642.641932825005    22.693274017856872    0.4723331598324764     25    
53643.141932825005    22.27027906614391     0.4744764850111314     25    
53643.641932825005    21.837209560753628    0.4745114158748347     25    
53644.141932825005    21.393459042251134    0.4723069286630791     25    
53644.641932825005    20.940788587801574    0.46912264267015924    25    
53645.141932825005    20.48027339639962     0.46443954117547653    25    
53645.641932825005    20.011581369232456    0.4585239715449875     25    
53646.141932825005    19.53816223235433     0.45539297634576675    25    
53646.641932825005    19.05961099780219     0.45730759375510693    25    
53647.141932825005    18.577487291326516    0.4602796053440423     25    
53647.641932825005    18.09439690500813     0.4615703856446949     25    
53648.141932825005    17.609342914825834    0.4629605415881946     25    
53648.641932825005    17.125332438766815    0.454026081248722      25    
53649.141932825005    16.642771934463852    0.4213334527284908     25    
53649.641932825005    16.162214997844835    0.37742510683652386    25    
53650.141932825005    15.686402034817768    0.35368367426364006    25    
53650.641932825005    15.214396591351269    0.35396715647975713    25    
53651.141932825005    14.748635696905664    0.35881696975006033    25    
53651.641932825005    14.290276410873899    0.3575291365334411     25    
53652.141932825005    13.839140365755865    0.35541679959861483    25    
53652.641932825005    13.398189088603324    0.35143364956605694    25    
53653.141932825005    12.966731249501844    0.3442343863140879     25    
53653.641932825005    12.5465987563427      0.33735126089020406    25    
53654.141932825005    12.139593360669458    0.33487535083784775    25    
53654.641932825005    11.74504980892958     0.33540982385596646    25    
53655.141932825005    11.36578336589284     0.33560119725250115    25    
53655.641932825005    11.002708761343353    0.33492932833717465    25    
53656.141932825005    10.654671569223359    0.3336568373342862     25    
53656.641932825005    10.321480668143378    0.33143276134700866    25    
53657.141932825005    10.003755082748748    0.3286225682168376     25    
53657.641932825005    9.696978755322823     0.322752730125305      25    
53658.141932825005    9.40038673385008      0.3097789255036969     25    
53658.641932825005    9.113307999050738     0.29389700254477136    25    
53659.141932825005    8.831124205769674     0.2856150356532156     25    
53659.641932825005    8.554395704401195     0.28642453333904694    25    
53660.141932825005    8.2829821970572       0.2882934101620702     25    
53660.641932825005    8.01551225200834      0.28528101248188353    25    
53661.141932825005    7.753055001049618     0.28064002581431063    25    
53661.641932825005    7.49946550713672      0.2791681748484122     25    
53662.141932825005    7.253895431891056     0.28249478149013496    25    
53662.641932825005    7.018694986518803     0.28657842645515547    25    
53663.141932825005    6.797069300320806     0.2883282691057139     25    
53663.641932825005    6.587926274179359     0.28886447931016684    25    
53664.141932825005    6.391224928479061     0.287017601564829      25    
53664.641932825005    6.208576069778158     0.2819229670271309     25    
53665.141932825005    6.036939658557567     0.2746026472607637     25    
53665.641932825005    5.872172082710133     0.2656582804505497     25    
53666.141932825005    5.715894244945322     0.25384003054938137    25    
53666.641932825005    5.563303293257056     0.24490481449304238    25    
53667.141932825005    5.412240301013746     0.24452851776409504    25    
53667.641932825005    5.263583690887366     0.24798589506149138    25    
53668.141932825005    5.1152084600457295    0.2472418287018218     25    
53668.641932825005    4.966438153080139     0.2414388883257627     25    
53669.141932825005    4.820348940654459     0.2358705278004125     25    
53669.641932825005    4.678410241830823     0.23453253353618378    25    
53670.141932825005    4.540247715599572     0.23560823870548833    25    
53670.641932825005    4.4095680416251986    0.237366693378681      25    
53671.141932825005    4.286459355363208     0.24055327409851543    25    
53671.641932825005    4.17108105532698      0.24313347357674928    25    
53672.141932825005    4.064858180777074     0.24320085973094357    25    
53672.641932825005    3.967507574375594     0.2416165520023889     25    
53673.141932825005    3.875988509398264     0.23360239644211084    25    
53673.641932825005    3.790369675141637     0.21145014970944684    25    
53674.141932825005    3.709572113163648     0.18292153812710157    25    
53674.641932825005    3.630636713929339     0.168132522097495      25    
53675.141932825005    3.554364287814397     0.16924144447291128    25    
53675.641932825005    3.4793751809691496    0.1720622164213676     25    
53676.141932825005    3.4044229450943373    0.16850278988103148    25    
53676.641932825005    3.330425233042483     0.16373807290818165    25    
53677.141932825005    3.2584532315044457    0.16177947270182136    25    
53677.641932825005    3.188121984771003     0.16300152642039206    25    
53678.141932825005    3.1204743763762886    0.1656876306275435     25    
53678.641932825005    3.0564098058616542    0.16963290344188006    25    
53679.141932825005    2.9955846757201585    0.17461526543641037    25    
53679.641932825005    2.9386984841055797    0.17659589846878818    25    
53680.141932825005    2.886139940657578     0.17435149218086846    25    
53680.641932825005    2.837139973445658     0.1701731254477385     25    
53681.141932825005    2.7910733858525236    0.16639613791519528    25    
53681.641932825005    2.748205266598904     0.16258094671413773    25    
53682.141932825005    2.707471159479315     0.15541407588046732    25    
53682.641932825005    2.6687076212328686    0.1399127029150453     25    
53683.141932825005    2.6317967352994542    0.12040888209846437    25    
53683.641932825005    2.5959646900307787    0.10958473845078208    25    
53684.141932825005    2.5613392475653733    0.10977660991868485    25    
53684.641932825005    2.5279017218039073    0.11185437054122059    25    
53685.141932825005    2.4955896035937473    0.11061639040028091    25    
53685.641932825005    2.4644350877141785    0.10889696752104393    25    
53686.141932825005    2.434431595188483     0.1072416730273456     25    
53686.641932825005    2.4055809479902956    0.1055172946954367     25    
53687.141932825005    2.3778784182353743    0.10407942404701385    25    
53687.641932825005    2.351319891657736     0.10338028083800949    25    
53688.141932825005    2.3259068248178942    0.10326029393819114    25    
53688.641932825005    2.3016320077801984    0.10351385334398902    25    
53689.141932825005    2.2784962145410197    0.10268418620971757    25    
53689.641932825005    2.2564962646200426    0.10383318166561606    25    
53690.141932825005    2.2356266764684505    0.11179845090266126    25    
53690.641932825005    2.2158895943818315    0.1249817884171798     25    
53691.141932825005    2.197278299663881     0.13510406299797414    25    
53691.641932825005    2.1797918960972074    0.13794160385235946    25    
53692.141932825005    2.163429061723667     0.1393532430508193     25    
53692.641932825005    2.148183258829867     0.14582629804748978    25    