#Date  :
#Flux  :
#Fluxerr  :
#ZP  :
#end  :
@INSTRUMENT  CNIa02
@BAND  SDSS_g
@MAGSYS  AB
58812.63803000003  0.0  636.7955209079169  25.0
58816.6273500002  0.0  580.7644175213123  25.0
58820.483609999996  0.0  515.2286445817572  25.0
58821.49093999993  0.0  672.9766562843182  25.0
58823.46786999982  0.0  496.59232145033576  25.0
58844.54845000012  0.0  660.6934480075964  25.0
58848.29656000016  0.0  564.9369748123022  25.0
58850.4567900002  0.0  436.51583224016656  25.0
58851.3063500002  0.0  586.1381645140297  25.0
58853.3937400002  0.0  602.5595860743575  25.0
58855.333819999825  0.0  787.0457896950977  25.0
58856.353930000216  0.0  744.7319739059889  25.0
58875.26362999994  123594.7433444512  1138.3496543800177  25.0
58878.26065000007  111686.32477805612  1028.6690660924655  25.0
58879.26415999979  106659.6121230259  982.3713315879  25.0
58882.63578000013  81658.23713585922  752.100158190588  25.0
58883.23572999984  80909.5899178383  745.2048624941392  25.0
58883.64490000019  75857.75750291836  698.6757664509291  25.0
58884.652449999936  67297.66562843182  619.8344066721725  25.0
58885.28592999978  63679.55209079162  586.5103494863271  25.0
58886.22850999981  59156.16341754743  544.8484001713509  25.0
58887.24191999994  52966.34438916581  487.8380600794929  25.0
58888.28496999992  44874.53899331323  413.30977816051364  25.0
58889.26838999987  42072.66283844446  775.0070901885238  25.0
58894.29504000023  21281.390459827133  392.01769944462666  25.0
58897.32849000022  17060.823890031243  314.2719901044615  25.0
58898.18702000007  16443.717232149324  302.90446537474526  25.0
58899.185860000085  15135.612484362071  278.80828543630724  25.0
58903.15960999997  12473.835142429432  229.77653480948555  25.0
58904.164749999996  12473.835142429432  229.77653480948555  25.0
58905.1598100001  11587.773561551261  320.1820159631731  25.0
58909.29472000012  9817.479430199854  271.2669814388026  25.0
58910.23665999994  9817.479430199854  271.2669814388026  25.0
58911.02473999979  10764.65213629835  297.4383304812248  25.0
58912.13554999977  10280.162981264724  284.0514004081631  25.0
58914.38438999979  10665.961212302589  1178.84559790548  25.0
58921.12201000005  8472.274141405971  468.19517139837495  25.0
58923.12011000002  7655.966069112569  211.54216011673213  25.0
58924.21191000007  6918.309709189362  254.87994887941812  25.0
58925.12351999991  6918.309709189362  254.87994887941812  25.0
58926.85723999981  7379.042301291015  203.89047364061557  25.0
58927.84280999983  7516.228940182053  207.68108055660574  25.0
58928.473859999795  7244.359600749906  200.16905309804469  25.0
58929.016580000054  7585.775750291836  209.60272993527872  25.0
58929.835940000135  7244.359600749906  266.8920707973929  25.0
58930.24678000016  7379.042301291015  203.89047364061557  25.0
58931.32544999989  5011.872336272725  138.48315035274436  25.0
58932.37636000011  5152.286445817562  142.36293557851997  25.0
58933.09779000003  6486.344335482381  238.965756396553  25.0
58934.32005000021  5105.049999754065  188.07699245321177  25.0
58937.38465999998  4285.485203974396  197.35388693672743  25.0
58941.272750000004  4528.975799036213  250.28045187132778  25.0
58949.42071000021  3404.0818970100054  250.8220234022815  25.0
58955.26194000011  1976.9696401118579  200.29419619377143  25.0
58957.37433000002  4168.693834703359  191.97544561929487  25.0
