56989.01365081012    1.672829729429674     0.9173741012811897     25    
56989.51365081012    1.9866836845152862    0.9021772598442223     25    
56990.01365081012    2.332068871299674     0.9126156139508096     25    
56990.51365081012    2.7116020066604403    1.0796833134654256     25    
56991.01365081012    3.124480811331459     1.352714556958462      25    
56991.51365081012    3.5734485824318156    1.5312193270831738     25    
56992.01365081012    4.05884279471823      1.5680486866057772     25    
56992.51365081012    4.581513570267258     1.5536552780092086     25    
56993.01365081012    5.143932066653208     1.5559994497495224     25    
56993.51365081012    5.745321310025727     1.561545046021084      25    
56994.01365081012    6.388525872329584     1.5642479701544787     25    
56994.51365081012    7.07365537325437      1.5636800440711878     25    
56995.01365081012    7.801806769005591     1.560438817987281      25    
56995.51365081012    8.575293005146397     1.5545749009888488     25    
56996.01365081012    9.39338771865798      1.545917791093235      25    
56996.51365081012    10.259086545554876    1.5380200953808232     25    
56997.01365081012    11.1748195733028      1.52902321553708       25    
56997.51365081012    12.13631429362417     1.524621788427559      25    
56998.01365081012    13.148348093490107    1.5337334143825023     25    
56998.51365081012    14.210335061197485    1.5537545087270623     25    
56999.01365081012    15.25817355055235     1.5806988137991789     25    
56999.51365081012    16.304526909422652    1.6180030397032117     25    
57000.01365081012    17.29984691185166     1.6549400313670537     25    
57000.51365081012    18.18571893820038     1.680419388120246      25    
57001.01365081012    18.978996891402478    1.6982554708013666     25    
57001.51365081012    19.60384985274121     1.7024539886062675     25    
57002.01365081012    20.043159022203007    1.6832769072126372     25    
57002.51365081012    20.328215179564413    1.6655012567454466     25    
57003.01365081012    20.46375895412065     1.675245714220834      25    
57003.51365081012    20.453167558393858    1.7020076402494553     25    
57004.01365081012    20.365536059631566    1.7368559082618775     25    
57004.51365081012    20.189446557639002    1.7894446877512926     25    
57005.01365081012    19.966155906956274    1.8276254272654449     25    
57005.51365081012    19.736374118702063    1.8272735880774793     25    
57006.01365081012    19.486833082367415    1.7969313699417702     25    
57006.51365081012    19.24537692847711     1.7125849550195476     25    
57007.01365081012    19.010758121826953    1.5300609505515024     25    
57007.51365081012    18.786137116409915    1.3562362724042178     25    
57008.01365081012    18.575812965722978    1.3384717468276428     25    
57008.51365081012    18.378895890299965    1.4067659934662027     25    
57009.01365081012    18.202680915839682    1.4343202444785352     25    
57009.51365081012    18.050629079474778    1.4215827848615712     25    
57010.01365081012    17.907228409773715    1.4011763404158728     25    
57010.51365081012    17.76977417589144     1.3778951043167142     25    
57011.01365081012    17.63318767028519     1.3554584420181597     25    
57011.51365081012    17.469154709162698    1.3682369535752754     25    
57012.01365081012    17.284887792274287    1.4233436578761398     25    
57012.51365081012    17.05825952702373     1.46577295066271       25    
57013.01365081012    16.773311157909134    1.4646051250031609     25    
57013.51365081012    16.439798893461344    1.4423010555210287     25    
57014.01365081012    16.060070132416975    1.4135686126609688     25    
57014.51365081012    15.629642552219991    1.370838529019741      25    
57015.01365081012    15.173144102726189    1.3439255147178935     25    
57015.51365081012    14.69564970684314     1.3611137200202297     25    
57016.01365081012    14.202244988213996    1.3932801532296668     25    
57016.51365081012    13.715972923171092    1.4013158336968718     25    
57017.01365081012    13.230507402048167    1.3915082340168354     25    
57017.51365081012    12.764363404320816    1.3690905509929536     25    
57018.01365081012    12.320997857512205    1.323621940375519      25    
57018.51365081012    11.904192136653334    1.2729178651969428     25    
57019.01365081012    11.527983279389295    1.2572566126383315     25    
57019.51365081012    11.188071954331422    1.2728862836180372     25    
57020.01365081012    10.89944082591632     1.2837657486615064     25    
57020.51365081012    10.667721082135238    1.2729457334502678     25    
57021.01365081012    10.488441018504282    1.2608738810501945     25    
57021.51365081012    10.362680460169818    1.2673575211915287     25    
57022.01365081012    10.2910005559391      1.287539979128369      25    
57022.51365081012    10.257693716155014    1.3168365329057654     25    
57023.01365081012    10.263300273048383    1.362607228934907      25    
57023.51365081012    10.300879161152578    1.4052745398370603     25    
57024.01365081012    10.358668703792489    1.4202359375383018     25    
57024.51365081012    10.440173611060004    1.4155059972431825     25    
57025.01365081012    10.534497315197148    1.3991007394315476     25    
57025.51365081012    10.641410809268526    1.3599076024930747     25    
57026.01365081012    10.758157611683744    1.3253730838650288     25    
57026.51365081012    10.880142405191773    1.338132067133105      25    
57027.01365081012    11.008662771597397    1.3825770907004584     25    
57027.51365081012    11.136938868196982    1.4140612169137694     25    
57028.01365081012    11.26551853529252     1.430361435996312      25    
57028.51365081012    11.391524988102406    1.4324231816186157     25    
57029.01365081012    11.51153404652569     1.4123953029069631     25    
57029.51365081012    11.62651560577029     1.3727477047034655     25    
57030.01365081012    11.732646787487328    1.3164869517675448     25    
57030.51365081012    11.830600830935351    1.226506149641475      25    
57031.01365081012    11.91795814039102     1.145106899893093      25    
57031.51365081012    11.992471997483788    1.132079729522947      25    
57032.01365081012    12.054789717853966    1.1610847167907201     25    
57032.51365081012    12.102641671417489    1.172600224043077      25    
57033.01365081012    12.136069577116173    1.1579969654432491     25    
57033.51365081012    12.155022512574446    1.1512924541454146     25    
57034.01365081012    12.159289250457947    1.1814754629934807     25    
57034.51365081012    12.148897655507815    1.2273816020703343     25    
57035.01365081012    12.12358279984822     1.2498029017078582     25    
57035.51365081012    12.083918169987339    1.251878242876696      25    
57036.01365081012    12.027647182811846    1.2340394415761302     25    
57036.51365081012    11.95452633155621     1.1708263920540938     25    
57037.01365081012    11.863503838452486    1.0885254625509027     25    
57037.51365081012    11.749433763602786    1.0930282163949412     25    
57038.01365081012    11.613733010507044    1.1954988186461106     25    
57038.51365081012    11.451870766594688    1.284477245296181      25    
57039.01365081012    11.260539588003526    1.3131420188525507     25    
57039.51365081012    11.04184034520729     1.3161917451333467     25    
57040.01365081012    10.796057345965743    1.303562982570993      25    
57040.51365081012    10.5213128651884      1.2676278633639309     25    
57041.01365081012    10.228446196685203    1.242305286942045      25    
57041.51365081012    9.91946544212975      1.25204943241628       25    
57042.01365081012    9.596956549748628     1.2764088143848005     25    
57042.51365081012    9.271648761857389     1.297285755613957      25    
57043.01365081012    8.940544160325732     1.32009927285076       25    
57043.51365081012    8.612667623388173     1.3270631108340594     25    
57044.01365081012    8.29013741781898      1.3160957638416093     25    
57044.51365081012    7.973971409585787     1.2812444685997273     25    
57045.01365081012    7.669726951786173     1.188172280780834      25    
57045.51365081012    7.375694293640315     1.01700485775259       25    
57046.01365081012    7.097873648859909     0.8811640835721084     25    
57046.51365081012    6.837502264883503     0.8844182011270115     25    
57047.01365081012    6.594862235817136     0.9340881868435432     25    
57047.51365081012    6.373105700882814     0.929209689635791      25    
57048.01365081012    6.171643113296022     0.8920992888894166     25    
57048.51365081012    5.986887002796731     0.86996193187233       25    
57049.01365081012    5.819148318894131     0.8786495911696511     25    
57049.51365081012    5.666490032272088     0.9010796670645639     25    
57050.01365081012    5.526015319641287     0.933247304221387      25    
57050.51365081012    5.398601616044383     0.9755066535204363     25    
57051.01365081012    5.2804352079571615    0.9873046546920049     25    
57051.51365081012    5.171756944869658     0.9547948165827319     25    
57052.01365081012    5.070829895548724     0.8999982295422826     25    
57052.51365081012    4.975358899133102     0.8391094587369834     25    
57053.01365081012    4.8859900126367       0.763679419004973      25    
57053.51365081012    4.799253013150096     0.6783572112602844     25    
57054.01365081012    4.715340957220518     0.5676860803479785     25    
57054.51365081012    4.6330190995494       0.4550356742869661     25    
57055.01365081012    4.550400047191362     0.40550688623729947    25    
57055.51365081012    4.468179571696943     0.41499351445303095    25    
57056.01365081012    4.386425356629621     0.4187222265318185     25    
57056.51365081012    4.305036502375078     0.41184142926882467    25    
57057.01365081012    4.224322773906257     0.4035828015943599     25    
57057.51365081012    4.14448199308873      0.392159372323802      25    
57058.01365081012    4.065479534008535     0.3784850801412609     25    
57058.51365081012    3.987693352237978     0.36663029410450787    25    
57059.01365081012    3.911040862484442     0.35684941823049376    25    
57059.51365081012    3.8357942226432837    0.348874714111843      25    
57060.01365081012    3.7621230995759634    0.34019411484197526    25    
57060.51365081012    3.6900153697349127    0.33413689482346504    25    
57061.01365081012    3.619842585525083     0.3447808509859665     25    
57061.51365081012    3.5515124656221757    0.3731097679656005     25    
57062.01365081012    3.485318919758309     0.4042867020185155     25    
57062.51365081012    3.421401850547064     0.4176703892155549     25    
57063.01365081012    3.359774855294782     0.4371674567826224     25    
57063.51365081012    3.300799864751552     0.5061702630073601     25    