53070.27493166004    211.32312382247136    44.10006417283921     25    
53070.77493166004    254.00293309489834    43.48291707047722     25    
53071.27493166004    300.3271311555168     44.465373259256566    25    
53071.77493166004    350.21386079693843    50.95082892133735     25    
53072.27493166004    403.614920335763      57.420522517614266    25    
53072.77493166004    460.4329922976494     58.83811540984463     25    
53073.27493166004    520.6342412701173     58.34400204723605     25    
53073.77493166004    584.1080775039396     58.519837315501945    25    
53074.27493166004    650.8328438654862     58.71594261610414     25    
53074.77493166004    720.6868663227135     58.87977005682973     25    
53075.27493166004    793.6584780287769     59.018885762881       25    
53075.77493166004    869.6171086608803     59.13703027595921     25    
53076.27493166004    948.5588936668964     59.24411220908868     25    
53076.77493166004    1030.4136173134043    59.496101232544035    25    
53077.27493166004    1115.118205231248     59.783020250130996    25    
53077.77493166004    1202.4026424807776    58.9676419157687      25    
53078.27493166004    1292.1110260138812    57.17937696413079     25    
53078.77493166004    1380.1226783764491    56.72817732318119     25    
53079.27493166004    1466.6409224881452    57.614169486358215    25    
53079.77493166004    1546.0598059114373    58.348906030196865    25    
53080.27493166004    1618.5173031466934    58.89238304467595     25    
53080.77493166004    1679.2056540126143    59.23749222992116     25    
53081.27493166004    1727.3132165066795    59.32549633896646     25    
53081.77493166004    1765.398648198698     59.52271655505849     25    
53082.27493166004    1792.94361997016      59.896951353395146    25    
53082.77493166004    1814.960647503023     60.34793664720196     25    
53083.27493166004    1831.9188475039086    60.942146420029914    25    
53083.77493166004    1847.6258742602354    61.28764174840617     25    
53084.27493166004    1863.8331036271659    61.289312072444666    25    
53084.77493166004    1879.588040766982     60.81796078740199     25    
53085.27493166004    1895.501916192174     59.42100015104864     25    
53085.77493166004    1909.3125981410724    58.31089151676366     25    
53086.27493166004    1920.1639407448376    58.57017482828575     25    
53086.77493166004    1926.7259830188095    59.04570994765813     25    
53087.27493166004    1927.4487763735667    58.990479648031275    25    
53087.77493166004    1922.7236758775562    58.779757085874195    25    
53088.27493166004    1912.0996854542027    58.47762305667153     25    
53088.77493166004    1896.2361482225792    58.20596332208872     25    
53089.27493166004    1875.7695774060387    58.30011155192742     25    
53089.77493166004    1850.930009441627     58.47161848429014     25    
53090.27493166004    1822.4999476084927    58.807800489122464    25    
53090.77493166004    1790.4889193055128    58.39627736277615     25    
53091.27493166004    1755.4334579294434    53.47595399244458     25    
53091.77493166004    1717.3137315813874    45.57644207071472     25    
53092.27493166004    1676.444567588852     42.677889035345466    25    
53092.77493166004    1632.8515062512195    43.48591776669956     25    
53093.27493166004    1586.8139928872936    43.35755446314606     25    
53093.77493166004    1538.4585497893675    42.88678917735981     25    
53094.27493166004    1489.0704299473455    42.27864870129028     25    
53094.77493166004    1438.6478995115265    41.547825434674834    25    
53095.27493166004    1389.275535508348     41.16108907997293     25    
53095.77493166004    1340.8639023026099    41.11739509901145     25    
53096.27493166004    1295.4862814210658    41.00443154288355     25    
53096.77493166004    1253.155595605007     40.855197674660445    25    
53097.27493166004    1214.5236647701765    39.830544954414925    25    
53097.77493166004    1179.7120873181918    37.53870802818908     25    
53098.27493166004    1148.2802791512681    36.14084555050726     25    
53098.77493166004    1120.2302236899156    36.322043359065994    25    
53099.27493166004    1095.2320670564854    36.51879112284422     25    
53099.77493166004    1073.2864875459145    36.40440580147693     25    
53100.27493166004    1053.9737264482783    36.16173707662909     25    
53100.77493166004    1037.2583188710062    35.68715663311152     25    
53101.27493166004    1022.6687449285755    35.37658837229835     25    
53101.77493166004    1010.084543538022     35.516042602024434    25    
53102.27493166004    999.1037701060407     35.69429726929599     25    
53102.77493166004    989.5286148660048     35.722648151414845    25    
53103.27493166004    981.0860069955776     35.64191399355999     25    
53103.77493166004    973.54883773309       35.681253260096746    25    
53104.27493166004    966.7462618002905     35.10370297187828     25    
53104.77493166004    960.4616987051833     32.38550270525057     25    
53105.27493166004    954.552591978253      29.17852708545154     25    
53105.77493166004    948.7577314975794     28.55377782518292     25    
53106.27493166004    942.9848467832026     29.002565098995863    25    
53106.77493166004    936.949366552036      28.730565418307506    25    
53107.27493166004    930.597084945029      28.37774370354347     25    
53107.77493166004    923.6361738955086     28.53125915592708     25    
53108.27493166004    916.034974500171      28.929334113849684    25    
53108.77493166004    907.4408882925321     29.08231723992008     25    
53109.27493166004    897.9086718068526     29.067223357545142    25    
53109.77493166004    887.3418206464054     28.522928267349066    25    
53110.27493166004    875.7987543026555     27.76656947083427     25    
53110.77493166004    863.6143735914934     29.699012422366945    25    
53111.27493166004    850.7801669452201     33.454820547330044    25    
53111.77493166004    837.6676094841939     35.07124282933011     25    
53112.27493166004    824.2614772316554     34.974610203196654    25    
53112.77493166004    810.6813982704234     34.62044165942282     25    
53113.27493166004    796.9457477726976     33.98904365726335     25    
53113.77493166004    782.7803657441357     33.64107696348365     25    
53114.27493166004    768.1939403643861     33.66859302455665     25    
53114.77493166004    752.9144871509244     33.78202827793807     25    
53115.27493166004    736.8933630247825     34.01097964775404     25    
53115.77493166004    720.1595546805237     34.02705548782303     25    
53116.27493166004    702.6183478942296     34.22644182873475     25    
53116.77493166004    684.7406065705734     31.98741159970554     25    
53117.27493166004    666.5713902848466     23.725619438019805    25    
53117.77493166004    648.5166649600058     14.34713784804796     25    
53118.27493166004    630.7210943728586     13.372625133251276    25    
53118.77493166004    613.3757963301399     14.692776977147066    25    
53119.27493166004    596.6627271141188     14.274213227535414    25    
53119.77493166004    580.4955888761446     13.89789616177001     25    
53120.27493166004    564.8776397745141     13.714299063388976    25    
53120.77493166004    549.7736393598004     13.652127650431428    25    
53121.27493166004    535.1484166572585     13.754920555238536    25    
53121.77493166004    521.0024447071579     13.846598402332281    25    
53122.27493166004    507.3073330437624     13.636288083675998    25    
53122.77493166004    494.0936909761861     13.297898753588774    25    
53123.27493166004    481.39433147969163    12.881488433435788    25    
53123.77493166004    469.2214852414001     12.625986338688294    25    
53124.27493166004    457.62675550899513    13.442239270619838    25    
53124.77493166004    446.60423538867735    14.652660227928221    25    
53125.27493166004    436.18513319544485    14.980321938697458    25    
53125.77493166004    426.3496744984264     14.819810200359674    25    
53126.27493166004    417.0384091562553     14.686819527696612    25    
53126.77493166004    408.24925040358914    14.520170811777474    25    
53127.27493166004    399.9090564996735     14.367510262218527    25    
53127.77493166004    392.01993813663097    14.225219071019925    25    
53128.27493166004    384.50770465884113    14.142211667929859    25    
53128.77493166004    377.37555490336496    14.116909994813009    25    
53129.27493166004    370.5487757934511     14.122880141795486    25    
53129.77493166004    364.03052286348594    14.158779536445968    25    
53130.27493166004    357.7466920631971     14.245163669971054    25    
53130.77493166004    351.6992641766863     14.38257648062389     25    
53131.27493166004    345.8158756277732     14.543519566279487    25    
53131.77493166004    340.09620100266056    14.648517739402225    25    
53132.27493166004    334.47074864687227    15.181931887844875    25    