51045.76433685798    2591.9853878822496    423.3692666098573     25    
51046.26433685798    3095.101962258473     419.5342158073781     25    
51046.76433685798    3633.227961868484     427.6938421245242     25    
51047.26433685798    4203.93324063285      475.04107637529586    25    
51047.76433685798    4805.032403391994     519.2965321661726     25    
51048.26433685798    5433.974956925947     527.1626279333193     25    
51048.76433685798    6088.694230560145     524.3304236806118     25    
51049.26433685798    6766.522629245128     526.3672418572477     25    
51049.76433685798    7465.5089614803       528.2372359722684     25    
51050.26433685798    8182.871775697749     529.7987403580729     25    
51050.76433685798    8916.772114259806     531.193497506562      25    
51051.26433685798    9664.317914391177     532.3920813408668     25    
51051.76433685798    10423.779207006035    533.7923941932258     25    
51052.26433685798    11192.861105144671    535.7156881715626     25    
51052.76433685798    11968.083674624373    538.6735170127873     25    
51053.26433685798    12749.02813166925     543.6027712951478     25    
51053.76433685798    13521.023493313836    550.2447320974658     25    
51054.26433685798    14266.450959718017    559.4652975478882     25    
51054.76433685798    14971.798238110421    569.0136043574632     25    
51055.26433685798    15609.527442676337    575.5724536723774     25    
51055.76433685798    16172.483008881478    579.8814966119385     25    
51056.26433685798    16627.85424862893     580.0300167981165     25    
51056.76433685798    16992.7088736426      579.7118173068498     25    
51057.26433685798    17275.647751567016    586.1237791150713     25    
51057.76433685798    17492.311303105125    595.8747801758309     25    
51058.26433685798    17674.557594313203    607.9881836011369     25    
51058.76433685798    17829.41969397333     618.4764196832253     25    
51059.26433685798    17993.107877233357    617.0702552779192     25    
51059.76433685798    18154.774366513488    608.4301868111081     25    
51060.26433685798    18314.738485167538    595.0803983933696     25    
51060.76433685798    18462.918996084332    581.0717452003742     25    
51061.26433685798    18577.73883595588     582.3464080930198     25    
51061.76433685798    18655.59740592582     590.4024057081208     25    
51062.26433685798    18672.453455075432    590.7027312357369     25    
51062.76433685798    18633.99713088035     587.7481748442459     25    
51063.26433685798    18538.473971031897    584.6639762867396     25    
51063.76433685798    18391.28749573653     582.4285723097096     25    
51064.26433685798    18205.666307585085    588.118024495987      25    
51064.76433685798    17983.265332345076    596.6880199345568     25    
51065.26433685798    17738.459752177598    599.9301190605252     25    
51065.76433685798    17468.976502530695    593.5971172228367     25    
51066.26433685798    17177.880975940516    544.320583446702      25    
51066.76433685798    16862.94580025442     465.8993438148683     25    
51067.26433685798    16518.712244183618    439.82312328404936    25    
51067.76433685798    16144.927185424609    449.3728201055581     25    
51068.26433685798    15734.831013910918    448.13123073362283    25    
51068.76433685798    15292.133993807953    443.8234056388125     25    
51069.26433685798    14825.063808932318    436.6690885867233     25    
51069.76433685798    14337.186836335302    428.42009380322935    25    
51070.26433685798    13849.155985352014    428.88882508962837    25    
51070.76433685798    13362.154711365172    434.67341339179126    25    
51071.26433685798    12897.865587017237    435.01796443958955    25    
51071.76433685798    12454.943204848754    431.6207144300501     25    
51072.26433685798    12043.859637970741    424.7695992978114     25    
51072.76433685798    11663.18039070736     415.5484206203437     25    
51073.26433685798    11313.160057459883    413.0608968087894     25    
51073.76433685798    10993.75470362899     415.3047299034422     25    
51074.26433685798    10705.471837353967    415.0175498431604     25    
51074.76433685798    10448.05862167847     412.8146824305655     25    
51075.26433685798    10220.345634875934    406.69945326883226    25    
51075.76433685798    10022.089127055146    397.6738190826546     25    
51076.26433685798    9850.415728472535     395.19397287685445    25    
51076.76433685798    9705.268529698591     397.8796061543455     25    
51077.26433685798    9583.98363924461      398.9918190952439     25    
51077.76433685798    9486.25544009978      398.9713004455697     25    
51078.26433685798    9406.643035863372     397.8396259101373     25    
51078.76433685798    9344.87707835642      395.044914561799      25    
51079.26433685798    9292.371343147646     379.9716080026368     25    
51079.76433685798    9249.131952690503     353.2248706894537     25    
51080.26433685798    9206.302762830639     342.1474776190786     25    
51080.76433685798    9164.133847554327     346.0565534464742     25    
51081.26433685798    9117.706844229995     345.41598502576215    25    
51081.76433685798    9067.23833606592      341.2177856302814     25    
51082.26433685798    9012.747485353144     344.5064891417211     25    
51082.76433685798    8954.243996575467     354.5907353158052     25    
51083.26433685798    8891.657156117773     359.66758071163935    25    
51083.76433685798    8824.992954971678     360.1247306819579     25    
51084.26433685798    8754.687562120378     354.8688403026148     25    
51084.76433685798    8680.734128553679     343.5743320449906     25    
51085.26433685798    8604.310851709579     345.85518890702934    25    
51085.76433685798    8525.407035219945     361.8779902061668     25    
51086.26433685798    8445.327389579914     371.7898154457234     25    
51086.76433685798    8364.130311620522     375.77176708829467    25    
51087.26433685798    8280.879599839556     372.5533056489249     25    
51087.76433685798    8195.726519327069     361.28806192080174    25    
51088.26433685798    8104.2513516375575    357.1690416564705     25    
51088.76433685798    8006.485442107474     361.4569141040771     25    
51089.26433685798    7897.878222094175     367.1035004162611     25    
51089.76433685798    7778.2224331290145    374.3071847811304     25    
51090.26433685798    7646.129619166983     374.6332977619706     25    
51090.76433685798    7501.176393637535     368.53991495007006    25    
51091.26433685798    7347.408412602056     335.83711835870014    25    
51091.76433685798    7184.804131792268     258.35012498795413    25    
51092.26433685798    7017.395435484674     202.36301194081685    25    
51092.76433685798    6845.3077393437225    204.41531916290782    25    
51093.26433685798    6671.740093632913     205.04623102882655    25    
51093.76433685798    6496.913243558105     196.8362264926171     25    
51094.26433685798    6322.540894269592     193.02397955783093    25    
51094.76433685798    6148.689536373015     195.17727921992878    25    
51095.26433685798    5977.0703461026915    199.6712609893753     25    
51095.76433685798    5807.757083152683     207.0161549219923     25    
51096.26433685798    5642.337183290602     208.3371236470375     25    
51096.76433685798    5480.916400053865     201.45175682780047    25    
51097.26433685798    5324.7842541550535    192.84863269563243    25    
51097.76433685798    5174.013237640455     183.3688790177515     25    
51098.26433685798    5029.903018991766     172.43249465951195    25    
51098.76433685798    4892.632169250597     158.7712445310607     25    
51099.26433685798    4762.887711197675     149.7498496928649     25    
51099.76433685798    4640.976848564493     149.24149386152132    25    
51100.26433685798    4526.103658460637     148.61965091673528    25    
51100.76433685798    4418.2585616278175    145.77222557389396    25    
51101.26433685798    4316.645960163158     142.99149410175005    25    
51101.76433685798    4221.19146715456      140.4154204642775     25    
51102.26433685798    4131.142887499982     138.96498176583177    25    
51102.76433685798    4046.415783154963     139.07040541251672    25    
51103.26433685798    3966.26829870004      139.7878813040093     25    
51103.76433685798    3890.605367857951     138.76412967365124    25    
51104.26433685798    3818.6960519922586    147.4634724593459     25    
51104.76433685798    3750.434079492458     171.0329006458361     25    
51105.26433685798    3685.1000056055614    187.34554870916008    25    
51105.76433685798    3622.575776287401     189.30027434408277    25    
51106.26433685798    3562.1540177688776    196.79618630708734    25    